-6.5
p
	[0.0, 6.7024, -6.5]
	[26.9983, 6.7024, -6.5]
	[26.9983, -6.7557, -6.5]
	[0.0, -6.7557, -6.5]
p
	[6.4485, -1.8411, -6.5]
	[11.3096, -1.8411, -6.5]
	[12.2757, -1.4407, -6.5]
	[12.8067, -0.5291, -6.5]
	[12.8067, 0.5291, -6.5]
	[12.2757, 1.4407, -6.5]
	[11.3096, 1.8411, -6.5]
	[6.4485, 1.8411, -6.5]
	[5.6493, 1.3156, -6.5]
	[5.1894, 0.4777, -6.5]
	[5.1894, -0.4777, -6.5]
	[5.6493, -1.3156, -6.5]
-5.9
p
	[0.0, 6.7024, -5.9]
	[26.9983, 6.7024, -5.9]
	[26.9983, -6.7557, -5.9]
	[0.0, -6.7557, -5.9]
p
	[6.4485, -3.2909, -5.9]
	[11.3096, -3.2909, -5.9]
	[12.2415, -3.0992, -5.9]
	[13.0421, -2.5836, -5.9]
	[13.6321, -1.8346, -5.9]
	[13.9848, -0.9477, -5.9]
	[14.1013, 0.0, -5.9]
	[13.9848, 0.9477, -5.9]
	[13.6321, 1.8346, -5.9]
	[13.0421, 2.5836, -5.9]
	[12.2415, 3.0992, -5.9]
	[11.3096, 3.2909, -5.9]
	[6.4485, 3.2909, -5.9]
	[5.5709, 2.9905, -5.9]
	[4.8034, 2.4696, -5.9]
	[4.2035, 1.7623, -5.9]
	[3.8205, 0.9178, -5.9]
	[3.6886, -0.0, -5.9]
	[3.8205, -0.9178, -5.9]
	[4.2035, -1.7623, -5.9]
	[4.8034, -2.4696, -5.9]
	[5.5709, -2.9905, -5.9]
-5.3
p
	[0.0, 6.7024, -5.3]
	[26.9983, 6.7024, -5.3]
	[26.9983, -6.7557, -5.3]
	[0.0, -6.7557, -5.3]
p
	[6.4485, -4.1892, -5.3]
	[11.3096, -4.1892, -5.3]
	[12.1667, -4.0632, -5.3]
	[12.959, -3.7123, -5.3]
	[13.6364, -3.1714, -5.3]
	[14.1684, -2.4865, -5.3]
	[14.5439, -1.7043, -5.3]
	[14.7649, -0.865, -5.3]
	[14.8376, -0.0, -5.3]
	[14.7649, 0.865, -5.3]
	[14.5439, 1.7043, -5.3]
	[14.1684, 2.4865, -5.3]
	[13.6364, 3.1714, -5.3]
	[12.959, 3.7123, -5.3]
	[12.1667, 4.0632, -5.3]
	[11.3096, 4.1892, -5.3]
	[6.4485, 4.1892, -5.3]
	[5.6111, 3.9726, -5.3]
	[4.8316, 3.5977, -5.3]
	[4.1405, 3.0777, -5.3]
	[3.5662, 2.431, -5.3]
	[3.1342, 1.6818, -5.3]
	[2.8653, 0.8599, -5.3]
	[2.774, 0.0, -5.3]
	[2.8653, -0.8599, -5.3]
	[3.1342, -1.6818, -5.3]
	[3.5662, -2.431, -5.3]
	[4.1405, -3.0777, -5.3]
	[4.8316, -3.5977, -5.3]
	[5.6111, -3.9726, -5.3]
-4.7
p
	[0.0, 6.7024, -4.7]
	[26.9983, 6.7024, -4.7]
	[26.9983, -6.7557, -4.7]
	[0.0, -6.7557, -4.7]
p
	[6.4485, -4.8528, -4.7]
	[11.3096, -4.8528, -4.7]
	[12.1792, -4.7413, -4.7]
	[12.9981, -4.4274, -4.7]
	[13.7236, -3.9346, -4.7]
	[14.3257, -3.2965, -4.7]
	[14.7886, -2.5509, -4.7]
	[15.1101, -1.734, -4.7]
	[15.2971, -0.8761, -4.7]
	[15.3582, 0.0, -4.7]
	[15.2971, 0.8761, -4.7]
	[15.1101, 1.734, -4.7]
	[14.7886, 2.5509, -4.7]
	[14.3257, 3.2965, -4.7]
	[13.7236, 3.9346, -4.7]
	[12.9981, 4.4274, -4.7]
	[12.1792, 4.7413, -4.7]
	[11.3096, 4.8528, -4.7]
	[6.4485, 4.8528, -4.7]
	[5.582, 4.6579, -4.7]
	[4.7619, 4.3167, -4.7]
	[4.0133, 3.8387, -4.7]
	[3.3597, 3.2372, -4.7]
	[2.823, 2.5296, -4.7]
	[2.4227, 1.7368, -4.7]
	[2.1749, 0.884, -4.7]
	[2.0909, 0.0, -4.7]
	[2.1749, -0.884, -4.7]
	[2.4227, -1.7368, -4.7]
	[2.823, -2.5296, -4.7]
	[3.3597, -3.2372, -4.7]
	[4.0133, -3.8387, -4.7]
	[4.7619, -4.3167, -4.7]
	[5.582, -4.6579, -4.7]
-4.1
p
	[0.0, 6.7024, -4.1]
	[26.9983, 6.7024, -4.1]
	[26.9983, -6.7557, -4.1]
	[0.0, -6.7557, -4.1]
p
	[6.4485, -5.3693, -4.1]
	[11.3096, -5.3693, -4.1]
	[12.1646, -5.272, -4.1]
	[12.9799, -4.9966, -4.1]
	[13.7208, -4.5585, -4.1]
	[14.3596, -3.9815, -4.1]
	[14.8783, -3.2943, -4.1]
	[15.2697, -2.5272, -4.1]
	[15.5369, -1.7082, -4.1]
	[15.6899, -0.8603, -4.1]
	[15.7393, 0.0, -4.1]
	[15.6899, 0.8603, -4.1]
	[15.5369, 1.7082, -4.1]
	[15.2697, 2.5272, -4.1]
	[14.8783, 3.2943, -4.1]
	[14.3596, 3.9815, -4.1]
	[13.7208, 4.5585, -4.1]
	[12.9799, 4.9966, -4.1]
	[12.1646, 5.272, -4.1]
	[11.3096, 5.3693, -4.1]
	[6.4485, 5.3693, -4.1]
	[5.5851, 5.1947, -4.1]
	[4.759, 4.8889, -4.1]
	[3.9903, 4.4586, -4.1]
	[3.2981, 3.9138, -4.1]
	[2.7003, 3.2669, -4.1]
	[2.2134, 2.5329, -4.1]
	[1.8521, 1.7296, -4.1]
	[1.6293, 0.8775, -4.1]
	[1.5538, 0.0, -4.1]
	[1.6293, -0.8775, -4.1]
	[1.8521, -1.7296, -4.1]
	[2.2134, -2.5329, -4.1]
	[2.7003, -3.2669, -4.1]
	[3.2981, -3.9138, -4.1]
	[3.9903, -4.4586, -4.1]
	[4.759, -4.8889, -4.1]
	[5.5851, -5.1947, -4.1]
-3.5
p
	[0.0, 6.7024, -3.5]
	[26.9983, 6.7024, -3.5]
	[26.9983, -6.7557, -3.5]
	[0.0, -6.7557, -3.5]
p
	[6.4485, -5.7784, -3.5]
	[11.3096, -5.7784, -3.5]
	[12.1797, -5.6849, -3.5]
	[13.0135, -5.4194, -3.5]
	[13.7787, -4.9946, -3.5]
	[14.4479, -4.4304, -3.5]
	[15.0013, -3.7521, -3.5]
	[15.4288, -2.988, -3.5]
	[15.7307, -2.1659, -3.5]
	[15.9172, -1.31, -3.5]
	[16.0043, -0.4381, -3.5]
	[16.0043, 0.4381, -3.5]
	[15.9172, 1.31, -3.5]
	[15.7307, 2.1659, -3.5]
	[15.4288, 2.988, -3.5]
	[15.0013, 3.7521, -3.5]
	[14.4479, 4.4304, -3.5]
	[13.7787, 4.9946, -3.5]
	[13.0135, 5.4194, -3.5]
	[12.1797, 5.6849, -3.5]
	[11.3096, 5.7784, -3.5]
	[6.4485, 5.7784, -3.5]
	[5.6047, 5.6216, -3.5]
	[4.7912, 5.3484, -3.5]
	[4.024, 4.9637, -3.5]
	[3.3185, 4.4749, -3.5]
	[2.6894, 3.8912, -3.5]
	[2.1501, 3.2237, -3.5]
	[1.7131, 2.4851, -3.5]
	[1.39, 1.6901, -3.5]
	[1.1909, 0.8554, -3.5]
	[1.1235, 0.0, -3.5]
	[1.1909, -0.8554, -3.5]
	[1.39, -1.6901, -3.5]
	[1.7131, -2.4851, -3.5]
	[2.1501, -3.2237, -3.5]
	[2.6894, -3.8912, -3.5]
	[3.3185, -4.4749, -3.5]
	[4.024, -4.9637, -3.5]
	[4.7912, -5.3484, -3.5]
	[5.6047, -5.6216, -3.5]
-2.9
p
	[0.0, 6.7024, -2.9]
	[26.9983, 6.7024, -2.9]
	[26.9983, -6.7557, -2.9]
	[0.0, -6.7557, -2.9]
p
	[6.4485, -6.1016, -2.9]
	[11.3096, -6.1016, -2.9]
	[12.1805, -6.013, -2.9]
	[13.0188, -5.7607, -2.9]
	[13.7947, -5.3549, -2.9]
	[14.4819, -4.8124, -2.9]
	[15.0599, -4.1547, -2.9]
	[15.5158, -3.4069, -2.9]
	[15.8458, -2.5955, -2.9]
	[16.0574, -1.7452, -2.9]
	[16.1689, -0.8759, -2.9]
	[16.2025, 0.0, -2.9]
	[16.1689, 0.8759, -2.9]
	[16.0574, 1.7452, -2.9]
	[15.8458, 2.5955, -2.9]
	[15.5158, 3.4069, -2.9]
	[15.0599, 4.1547, -2.9]
	[14.4819, 4.8124, -2.9]
	[13.7947, 5.3549, -2.9]
	[13.0188, 5.7607, -2.9]
	[12.1805, 6.013, -2.9]
	[11.3096, 6.1016, -2.9]
	[6.4485, 6.1016, -2.9]
	[5.595, 5.951, -2.9]
	[4.7692, 5.6874, -2.9]
	[3.9863, 5.3156, -2.9]
	[3.2604, 4.8419, -2.9]
	[2.605, 4.2746, -2.9]
	[2.0327, 3.6237, -2.9]
	[1.5551, 2.9004, -2.9]
	[1.1829, 2.1177, -2.9]
	[0.9264, 1.2899, -2.9]
	[0.7949, 0.4333, -2.9]
	[0.7949, -0.4333, -2.9]
	[0.9264, -1.2899, -2.9]
	[1.1829, -2.1177, -2.9]
	[1.5551, -2.9004, -2.9]
	[2.0327, -3.6237, -2.9]
	[2.605, -4.2746, -2.9]
	[3.2604, -4.8419, -2.9]
	[3.9863, -5.3156, -2.9]
	[4.7692, -5.6874, -2.9]
	[5.595, -5.951, -2.9]
-2.3
p
	[0.0, 6.7024, -2.3]
	[26.9983, 6.7024, -2.3]
	[26.9983, -6.7557, -2.3]
	[0.0, -6.7557, -2.3]
p
	[6.4485, -6.3521, -2.3]
	[11.3096, -6.3521, -2.3]
	[12.1712, -6.2689, -2.3]
	[13.0036, -6.0313, -2.3]
	[13.7798, -5.6479, -2.3]
	[14.4752, -5.1323, -2.3]
	[15.0694, -4.5027, -2.3]
	[15.5474, -3.7807, -2.3]
	[15.9014, -2.9905, -2.3]
	[16.1335, -2.156, -2.3]
	[16.259, -1.2987, -2.3]
	[16.3071, -0.4334, -2.3]
	[16.3071, 0.4334, -2.3]
	[16.259, 1.2987, -2.3]
	[16.1335, 2.156, -2.3]
	[15.9014, 2.9905, -2.3]
	[15.5474, 3.7807, -2.3]
	[15.0694, 4.5027, -2.3]
	[14.4752, 5.1323, -2.3]
	[13.7798, 5.6479, -2.3]
	[13.0036, 6.0313, -2.3]
	[12.1712, 6.2689, -2.3]
	[11.3096, 6.3521, -2.3]
	[6.4485, 6.3521, -2.3]
	[5.5965, 6.208, -2.3]
	[4.77, 5.9557, -2.3]
	[3.9827, 5.5995, -2.3]
	[3.2477, 5.145, -2.3]
	[2.5773, 4.5997, -2.3]
	[1.9831, 3.9723, -2.3]
	[1.4756, 3.2729, -2.3]
	[1.0646, 2.5128, -2.3]
	[0.7594, 1.7044, -2.3]
	[0.5697, 0.8615, -2.3]
	[0.5049, 0.0, -2.3]
	[0.5697, -0.8615, -2.3]
	[0.7594, -1.7044, -2.3]
	[1.0646, -2.5128, -2.3]
	[1.4756, -3.2729, -2.3]
	[1.9831, -3.9723, -2.3]
	[2.5773, -4.5997, -2.3]
	[3.2477, -5.145, -2.3]
	[3.9827, -5.5995, -2.3]
	[4.77, -5.9557, -2.3]
	[5.5965, -6.208, -2.3]
-1.7
p
	[0.0, 6.7024, -1.7]
	[26.9983, 6.7024, -1.7]
	[26.9983, 1.0536, -1.7]
	[16.3395, 1.0536, -1.7]
	[16.2661, 1.9714, -1.7]
	[16.074, 2.8714, -1.7]
	[15.7404, 3.7289, -1.7]
	[15.263, 4.5153, -1.7]
	[14.6521, 5.203, -1.7]
	[13.9255, 5.7671, -1.7]
	[13.1071, 6.187, -1.7]
	[12.2249, 6.4473, -1.7]
	[11.3096, 6.5383, -1.7]
	[6.4485, 6.5383, -1.7]
	[5.6068, 6.4007, -1.7]
	[4.7884, 6.1606, -1.7]
	[4.0057, 5.8216, -1.7]
	[3.2707, 5.3888, -1.7]
	[2.5947, 4.8688, -1.7]
	[1.9881, 4.2692, -1.7]
	[1.4604, 3.5991, -1.7]
	[1.0204, 2.8685, -1.7]
	[0.6762, 2.0881, -1.7]
	[0.4362, 1.2698, -1.7]
	[0.3108, 0.4263, -1.7]
	[0.3108, -0.4263, -1.7]
	[0.4362, -1.2698, -1.7]
	[0.6762, -2.0881, -1.7]
	[1.0204, -2.8685, -1.7]
	[1.4604, -3.5991, -1.7]
	[1.9881, -4.2692, -1.7]
	[2.5947, -4.8688, -1.7]
	[3.2707, -5.3888, -1.7]
	[4.0057, -5.8216, -1.7]
	[4.7884, -6.1606, -1.7]
	[5.6068, -6.4007, -1.7]
	[6.4485, -6.5383, -1.7]
	[11.3096, -6.5383, -1.7]
	[12.2249, -6.4473, -1.7]
	[13.1071, -6.187, -1.7]
	[13.9255, -5.7671, -1.7]
	[14.6521, -5.203, -1.7]
	[15.263, -4.5153, -1.7]
	[15.7404, -3.7289, -1.7]
	[16.074, -2.8714, -1.7]
	[16.2661, -1.9714, -1.7]
	[16.3395, -1.0536, -1.7]
	[26.9983, -1.0536, -1.7]
	[26.9983, -6.7557, -1.7]
	[0.0, -6.7557, -1.7]
-1.1
p
	[0.0, 6.7024, -1.1]
	[26.9983, 6.7024, -1.1]
	[26.9983, 1.6703, -1.1]
	[16.3395, 1.6703, -1.1]
	[16.2121, 2.6404, -1.1]
	[15.9166, 3.5729, -1.1]
	[15.4523, 4.4338, -1.1]
	[14.8321, 5.1901, -1.1]
	[14.0777, 5.8125, -1.1]
	[13.217, 6.2768, -1.1]
	[12.2824, 6.5649, -1.1]
	[11.3096, 6.6656, -1.1]
	[6.4485, 6.6656, -1.1]
	[5.6241, 6.5344, -1.1]
	[4.8209, 6.3069, -1.1]
	[4.0502, 5.986, -1.1]
	[3.3228, 5.5763, -1.1]
	[2.6489, 5.0836, -1.1]
	[2.038, 4.5145, -1.1]
	[1.4988, 3.8772, -1.1]
	[1.0391, 3.1803, -1.1]
	[0.6659, 2.4336, -1.1]
	[0.3856, 1.6473, -1.1]
	[0.2062, 0.8321, -1.1]
	[0.142, -0.0, -1.1]
	[0.2062, -0.8321, -1.1]
	[0.3856, -1.6473, -1.1]
	[0.6659, -2.4336, -1.1]
	[1.0391, -3.1803, -1.1]
	[1.4988, -3.8772, -1.1]
	[2.038, -4.5145, -1.1]
	[2.6489, -5.0836, -1.1]
	[3.3228, -5.5763, -1.1]
	[4.0502, -5.986, -1.1]
	[4.8209, -6.3069, -1.1]
	[5.6241, -6.5344, -1.1]
	[6.4485, -6.6656, -1.1]
	[11.3096, -6.6656, -1.1]
	[12.2824, -6.5649, -1.1]
	[13.217, -6.2768, -1.1]
	[14.0777, -5.8125, -1.1]
	[14.8321, -5.1901, -1.1]
	[15.4523, -4.4338, -1.1]
	[15.9166, -3.5729, -1.1]
	[16.2121, -2.6404, -1.1]
	[16.3395, -1.6703, -1.1]
	[26.9983, -1.6703, -1.1]
	[26.9983, -6.7557, -1.1]
	[0.0, -6.7557, -1.1]
-0.5
p
	[16.3395, -1.9365, -0.5]
	[26.9983, -1.9365, -0.5]
	[26.9983, -6.7557, -0.5]
	[0.0, -6.7557, -0.5]
	[0.0, 6.7024, -0.5]
	[6.1559, 6.7024, -0.5]
	[6.4485, 6.7372, -0.5]
	[5.6141, 6.6053, -0.5]
	[4.8011, 6.3757, -0.5]
	[4.0209, 6.0515, -0.5]
	[3.2846, 5.6374, -0.5]
	[2.6024, 5.1391, -0.5]
	[1.9839, 4.5636, -0.5]
	[1.4379, 3.919, -0.5]
	[0.9719, 3.2142, -0.5]
	[0.5929, 2.4592, -0.5]
	[0.3062, 1.6645, -0.5]
	[0.1177, 0.8411, -0.5]
	[0.043, 0.0, -0.5]
	[0.1177, -0.8411, -0.5]
	[0.3062, -1.6645, -0.5]
	[0.5929, -2.4592, -0.5]
	[0.9719, -3.2142, -0.5]
	[1.4379, -3.919, -0.5]
	[1.9839, -4.5636, -0.5]
	[2.6024, -5.1391, -0.5]
	[3.2846, -5.6374, -0.5]
	[4.0209, -6.0515, -0.5]
	[4.8011, -6.3757, -0.5]
	[5.6141, -6.6053, -0.5]
	[6.4485, -6.7372, -0.5]
	[11.3096, -6.7372, -0.5]
	[12.261, -6.6419, -0.5]
	[13.1775, -6.369, -0.5]
	[14.0261, -5.9283, -0.5]
	[14.7766, -5.3357, -0.5]
	[15.4022, -4.6125, -0.5]
	[15.8808, -3.7847, -0.5]
	[16.1963, -2.882, -0.5]
p
	[11.876, 6.7024, -0.5]
	[26.9983, 6.7024, -0.5]
	[26.9983, 1.9365, -0.5]
	[16.3395, 1.9365, -0.5]
	[16.1963, 2.882, -0.5]
	[15.8808, 3.7847, -0.5]
	[15.4022, 4.6125, -0.5]
	[14.7766, 5.3357, -0.5]
	[14.0261, 5.9283, -0.5]
	[13.1775, 6.369, -0.5]
	[12.261, 6.6419, -0.5]
	[11.3096, 6.7372, -0.5]
0.1
p
	[16.3395, -1.9975, 0.1]
	[26.9983, -1.9975, 0.1]
	[26.9983, -6.7557, 0.1]
	[0.0, -6.7557, 0.1]
	[0.0, 6.7024, 0.1]
	[6.0351, 6.7024, 0.1]
	[6.4485, 6.755, 0.1]
	[5.6115, 6.6229, 0.1]
	[4.796, 6.3927, 0.1]
	[4.0134, 6.0676, 0.1]
	[3.2748, 5.6523, 0.1]
	[2.5904, 5.1525, 0.1]
	[1.97, 4.5753, 0.1]
	[1.4223, 3.9287, 0.1]
	[0.9548, 3.2219, 0.1]
	[0.5743, 2.4648, 0.1]
	[0.286, 1.6679, 0.1]
	[0.0941, 0.8425, 0.1]
	[0.0058, -0.0, 0.1]
	[0.0941, -0.8425, 0.1]
	[0.286, -1.6679, 0.1]
	[0.5743, -2.4648, 0.1]
	[0.9548, -3.2219, 0.1]
	[1.4223, -3.9287, 0.1]
	[1.97, -4.5753, 0.1]
	[2.5904, -5.1525, 0.1]
	[3.2748, -5.6523, 0.1]
	[4.0134, -6.0676, 0.1]
	[4.796, -6.3927, 0.1]
	[5.6115, -6.6229, 0.1]
	[6.4485, -6.755, 0.1]
	[11.3096, -6.755, 0.1]
	[12.2563, -6.6608, 0.1]
	[13.1688, -6.3913, 0.1]
	[14.0147, -5.9558, 0.1]
	[14.7643, -5.3698, 0.1]
	[15.391, -4.654, 0.1]
	[15.8728, -3.8336, 0.1]
	[16.1927, -2.9375, 0.1]
p
	[12.012, 6.7024, 0.1]
	[26.9983, 6.7024, 0.1]
	[26.9983, 1.9975, 0.1]
	[16.3395, 1.9975, 0.1]
	[16.1927, 2.9375, 0.1]
	[15.8728, 3.8336, 0.1]
	[15.391, 4.654, 0.1]
	[14.7643, 5.3698, 0.1]
	[14.0147, 5.9558, 0.1]
	[13.1688, 6.3913, 0.1]
	[12.2563, 6.6608, 0.1]
	[11.3096, 6.755, 0.1]
0.7
p
	[16.3395, -1.8735, 0.7]
	[26.9983, -1.8735, 0.7]
	[26.9983, -6.7557, 0.7]
	[0.0, -6.7557, 0.7]
	[0.0, 6.7024, 0.7]
	[6.2936, 6.7024, 0.7]
	[6.4485, 6.7194, 0.7]
	[5.6166, 6.5877, 0.7]
	[4.8061, 6.3585, 0.7]
	[4.0283, 6.0352, 0.7]
	[3.2942, 5.6222, 0.7]
	[2.6141, 5.1253, 0.7]
	[1.9975, 4.5515, 0.7]
	[1.4532, 3.9087, 0.7]
	[0.9888, 3.206, 0.7]
	[0.6112, 2.4531, 0.7]
	[0.3262, 1.6605, 0.7]
	[0.1404, 0.839, 0.7]
	[0.0702, -0.0, 0.7]
	[0.1404, -0.839, 0.7]
	[0.3262, -1.6605, 0.7]
	[0.6112, -2.4531, 0.7]
	[0.9888, -3.206, 0.7]
	[1.4532, -3.9087, 0.7]
	[1.9975, -4.5515, 0.7]
	[2.6141, -5.1253, 0.7]
	[3.2942, -5.6222, 0.7]
	[4.0283, -6.0352, 0.7]
	[4.8061, -6.3585, 0.7]
	[5.6166, -6.5877, 0.7]
	[6.4485, -6.7194, 0.7]
	[11.3096, -6.7194, 0.7]
	[12.2659, -6.6228, 0.7]
	[13.1866, -6.3464, 0.7]
	[14.038, -5.9003, 0.7]
	[14.7894, -5.3008, 0.7]
	[15.4138, -4.5699, 0.7]
	[15.8892, -3.7344, 0.7]
	[16.2, -2.8247, 0.7]
p
	[11.6972, 6.7024, 0.7]
	[26.9983, 6.7024, 0.7]
	[26.9983, 1.8735, 0.7]
	[16.3395, 1.8735, 0.7]
	[16.2, 2.8247, 0.7]
	[15.8892, 3.7344, 0.7]
	[15.4138, 4.5699, 0.7]
	[14.7894, 5.3008, 0.7]
	[14.038, 5.9003, 0.7]
	[13.1866, 6.3464, 0.7]
	[12.2659, 6.6228, 0.7]
	[11.3096, 6.7194, 0.7]
1.3
p
	[0.0, 6.7024, 1.3]
	[26.9983, 6.7024, 1.3]
	[26.9983, 1.5199, 1.3]
	[16.3395, 1.5199, 1.3]
	[16.2211, 2.5044, 1.3]
	[15.9374, 3.4542, 1.3]
	[15.4817, 4.3343, 1.3]
	[14.865, 5.1101, 1.3]
	[14.1084, 5.7501, 1.3]
	[13.2405, 6.2285, 1.3]
	[12.2951, 6.5256, 1.3]
	[11.3096, 6.6295, 1.3]
	[6.4485, 6.6295, 1.3]
	[5.5938, 6.4908, 1.3]
	[4.7627, 6.248, 1.3]
	[3.9677, 5.9046, 1.3]
	[3.2212, 5.4659, 1.3]
	[2.5344, 4.9386, 1.3]
	[1.918, 4.3304, 1.3]
	[1.3816, 3.6507, 1.3]
	[0.9337, 2.9096, 1.3]
	[0.5823, 2.1183, 1.3]
	[0.3353, 1.2884, 1.3]
	[0.2039, 0.4328, 1.3]
	[0.2039, -0.4328, 1.3]
	[0.3353, -1.2884, 1.3]
	[0.5823, -2.1183, 1.3]
	[0.9337, -2.9096, 1.3]
	[1.3816, -3.6507, 1.3]
	[1.918, -4.3304, 1.3]
	[2.5344, -4.9386, 1.3]
	[3.2212, -5.4659, 1.3]
	[3.9677, -5.9046, 1.3]
	[4.7627, -6.248, 1.3]
	[5.5938, -6.4908, 1.3]
	[6.4485, -6.6295, 1.3]
	[11.3096, -6.6295, 1.3]
	[12.2951, -6.5256, 1.3]
	[13.2405, -6.2285, 1.3]
	[14.1084, -5.7501, 1.3]
	[14.865, -5.1101, 1.3]
	[15.4817, -4.3343, 1.3]
	[15.9374, -3.4542, 1.3]
	[16.2211, -2.5044, 1.3]
	[16.3395, -1.5199, 1.3]
	[26.9983, -1.5199, 1.3]
	[26.9983, -6.7557, 1.3]
	[0.0, -6.7557, 1.3]
1.9
p
	[0.0, 6.7024, 1.9]
	[26.9983, 6.7024, 1.9]
	[26.9983, 0.6245, 1.9]
	[16.3395, 0.6245, 1.9]
	[16.2881, 1.5838, 1.9]
	[16.1298, 2.5308, 1.9]
	[15.8266, 3.4414, 1.9]
	[15.368, 4.2843, 1.9]
	[14.7607, 5.0271, 1.9]
	[14.0226, 5.6401, 1.9]
	[13.1798, 6.0985, 1.9]
	[12.2637, 6.3834, 1.9]
	[11.3096, 6.483, 1.9]
	[6.4485, 6.483, 1.9]
	[5.6146, 6.346, 1.9]
	[4.8039, 6.1075, 1.9]
	[4.0286, 5.7711, 1.9]
	[3.3007, 5.3419, 1.9]
	[2.6311, 4.8263, 1.9]
	[2.0304, 4.2319, 1.9]
	[1.508, 3.5676, 1.9]
	[1.0728, 2.8433, 1.9]
	[0.7328, 2.0697, 1.9]
	[0.4965, 1.2584, 1.9]
	[0.3738, 0.4224, 1.9]
	[0.3738, -0.4224, 1.9]
	[0.4965, -1.2584, 1.9]
	[0.7328, -2.0697, 1.9]
	[1.0728, -2.8433, 1.9]
	[1.508, -3.5676, 1.9]
	[2.0304, -4.2319, 1.9]
	[2.6311, -4.8263, 1.9]
	[3.3007, -5.3419, 1.9]
	[4.0286, -5.7711, 1.9]
	[4.8039, -6.1075, 1.9]
	[5.6146, -6.346, 1.9]
	[6.4485, -6.483, 1.9]
	[11.3096, -6.483, 1.9]
	[12.2637, -6.3834, 1.9]
	[13.1798, -6.0985, 1.9]
	[14.0226, -5.6401, 1.9]
	[14.7607, -5.0271, 1.9]
	[15.368, -4.2843, 1.9]
	[15.8266, -3.4414, 1.9]
	[16.1298, -2.5308, 1.9]
	[16.2881, -1.5838, 1.9]
	[16.3395, -0.6245, 1.9]
	[26.9983, -0.6245, 1.9]
	[26.9983, -6.7557, 1.9]
	[0.0, -6.7557, 1.9]
2.5
p
	[0.0, 6.7024, 2.5]
	[26.9983, 6.7024, 2.5]
	[26.9983, -6.7557, 2.5]
	[0.0, -6.7557, 2.5]
p
	[6.4485, 6.2761, 2.5]
	[5.6077, 6.1328, 2.5]
	[4.7921, 5.883, 2.5]
	[4.0153, 5.5306, 2.5]
	[3.2902, 5.0814, 2.5]
	[2.629, 4.5426, 2.5]
	[2.043, 3.9228, 2.5]
	[1.5427, 3.2319, 2.5]
	[1.1379, 2.4812, 2.5]
	[0.8379, 1.6828, 2.5]
	[0.6519, 0.8504, 2.5]
	[0.5887, 0.0, 2.5]
	[0.6519, -0.8504, 2.5]
	[0.8378, -1.6828, 2.5]
	[1.1379, -2.4812, 2.5]
	[1.5427, -3.2319, 2.5]
	[2.043, -3.9228, 2.5]
	[2.629, -4.5426, 2.5]
	[3.2902, -5.0814, 2.5]
	[4.0153, -5.5306, 2.5]
	[4.7921, -5.883, 2.5]
	[5.6077, -6.1328, 2.5]
	[6.4485, -6.2761, 2.5]
	[11.3096, -6.2761, 2.5]
	[12.1617, -6.1937, 2.5]
	[12.9848, -5.9585, 2.5]
	[13.7523, -5.5791, 2.5]
	[14.4401, -5.0693, 2.5]
	[15.0284, -4.4471, 2.5]
	[15.5027, -3.7342, 2.5]
	[15.8562, -2.9542, 2.5]
	[16.0917, -2.1306, 2.5]
	[16.2237, -1.284, 2.5]
	[16.2779, -0.4286, 2.5]
	[16.2779, 0.4286, 2.5]
	[16.2237, 1.284, 2.5]
	[16.0917, 2.1306, 2.5]
	[15.8562, 2.9542, 2.5]
	[15.5027, 3.7342, 2.5]
	[15.0284, 4.4471, 2.5]
	[14.4401, 5.0693, 2.5]
	[13.7523, 5.5791, 2.5]
	[12.9848, 5.9585, 2.5]
	[12.1617, 6.1937, 2.5]
	[11.3096, 6.2761, 2.5]
3.1
p
	[0.0, 6.7024, 3.1]
	[26.9983, 6.7024, 3.1]
	[26.9983, -6.7557, 3.1]
	[0.0, -6.7557, 3.1]
p
	[6.4485, 6.0025, 3.1]
	[5.6101, 5.8531, 3.1]
	[4.7992, 5.5929, 3.1]
	[4.0305, 5.2265, 3.1]
	[3.3178, 4.7603, 3.1]
	[2.6746, 4.2022, 3.1]
	[2.1131, 3.5619, 3.1]
	[1.6447, 2.8507, 3.1]
	[1.2802, 2.0812, 3.1]
	[1.0293, 1.2675, 3.1]
	[0.9011, 0.4257, 3.1]
	[0.9011, -0.4257, 3.1]
	[1.0293, -1.2675, 3.1]
	[1.2802, -2.0812, 3.1]
	[1.6447, -2.8507, 3.1]
	[2.1131, -3.5619, 3.1]
	[2.6746, -4.2022, 3.1]
	[3.3178, -4.7603, 3.1]
	[4.0305, -5.2265, 3.1]
	[4.7992, -5.5929, 3.1]
	[5.6101, -5.8531, 3.1]
	[6.4485, -6.0025, 3.1]
	[11.3096, -6.0025, 3.1]
	[12.1672, -5.9151, 3.1]
	[12.9926, -5.6664, 3.1]
	[13.7565, -5.2667, 3.1]
	[14.4334, -4.7327, 3.1]
	[15.0035, -4.0858, 3.1]
	[15.4546, -3.3508, 3.1]
	[15.7836, -2.5534, 3.1]
	[15.9978, -1.7176, 3.1]
	[16.1134, -0.8624, 3.1]
	[16.149, -0.0, 3.1]
	[16.1134, 0.8624, 3.1]
	[15.9978, 1.7176, 3.1]
	[15.7836, 2.5534, 3.1]
	[15.4546, 3.3508, 3.1]
	[15.0035, 4.0858, 3.1]
	[14.4334, 4.7327, 3.1]
	[13.7565, 5.2667, 3.1]
	[12.9926, 5.6664, 3.1]
	[12.1672, 5.9151, 3.1]
	[11.3096, 6.0025, 3.1]
3.7
p
	[0.0, 6.7024, 3.7]
	[26.9983, 6.7024, 3.7]
	[26.9983, -6.7557, 3.7]
	[0.0, -6.7557, 3.7]
p
	[6.4485, 5.6524, 3.7]
	[5.5822, 5.486, 3.7]
	[4.7498, 5.1942, 3.7]
	[3.9695, 4.7828, 3.7]
	[3.2586, 4.2604, 3.7]
	[2.6336, 3.6379, 3.7]
	[2.1096, 2.9283, 3.7]
	[1.7005, 2.1469, 3.7]
	[1.4188, 1.3111, 3.7]
	[1.2748, 0.441, 3.7]
	[1.2748, -0.441, 3.7]
	[1.4188, -1.3111, 3.7]
	[1.7005, -2.1469, 3.7]
	[2.1096, -2.9283, 3.7]
	[2.6336, -3.6379, 3.7]
	[3.2586, -4.2604, 3.7]
	[3.9695, -4.7828, 3.7]
	[4.7498, -5.1942, 3.7]
	[5.5822, -5.486, 3.7]
	[6.4485, -5.6524, 3.7]
	[11.3096, -5.6524, 3.7]
	[12.1615, -5.5607, 3.7]
	[12.9779, -5.3005, 3.7]
	[13.727, -4.8845, 3.7]
	[14.3826, -4.3325, 3.7]
	[14.9258, -3.6694, 3.7]
	[15.347, -2.9227, 3.7]
	[15.6467, -2.1193, 3.7]
	[15.8341, -1.2823, 3.7]
	[15.9227, -0.429, 3.7]
	[15.9227, 0.429, 3.7]
	[15.8341, 1.2823, 3.7]
	[15.6467, 2.1193, 3.7]
	[15.347, 2.9227, 3.7]
	[14.9258, 3.6694, 3.7]
	[14.3826, 4.3325, 3.7]
	[13.727, 4.8845, 3.7]
	[12.9779, 5.3005, 3.7]
	[12.1615, 5.5607, 3.7]
	[11.3096, 5.6524, 3.7]
4.3
p
	[0.0, 6.7024, 4.3]
	[26.9983, 6.7024, 4.3]
	[26.9983, -6.7557, 4.3]
	[0.0, -6.7557, 4.3]
p
	[6.4485, 5.2105, 4.3]
	[5.6132, 5.0386, 4.3]
	[4.8143, 4.74, 4.3]
	[4.0713, 4.3215, 4.3]
	[3.4024, 3.7924, 4.3]
	[2.8251, 3.1647, 4.3]
	[2.3551, 2.4531, 4.3]
	[2.0068, 1.6748, 4.3]
	[1.7922, 0.8496, 4.3]
	[1.7196, -0.0, 4.3]
	[1.7922, -0.8496, 4.3]
	[2.0068, -1.6748, 4.3]
	[2.3551, -2.4531, 4.3]
	[2.8251, -3.1647, 4.3]
	[3.4024, -3.7924, 4.3]
	[4.0713, -4.3215, 4.3]
	[4.8143, -4.74, 4.3]
	[5.6132, -5.0386, 4.3]
	[6.4485, -5.2105, 4.3]
	[11.3096, -5.2105, 4.3]
	[12.188, -5.1047, 4.3]
	[13.0209, -4.8058, 4.3]
	[13.7689, -4.3328, 4.3]
	[14.4022, -3.7144, 4.3]
	[14.9032, -2.9844, 4.3]
	[15.267, -2.1769, 4.3]
	[15.4995, -1.322, 4.3]
	[15.6115, -0.4431, 4.3]
	[15.6115, 0.4431, 4.3]
	[15.4995, 1.322, 4.3]
	[15.267, 2.1769, 4.3]
	[14.9032, 2.9844, 4.3]
	[14.4022, 3.7144, 4.3]
	[13.7689, 4.3328, 4.3]
	[13.0209, 4.8058, 4.3]
	[12.188, 5.1047, 4.3]
	[11.3096, 5.2105, 4.3]
4.9
p
	[0.0, 6.7024, 4.9]
	[26.9983, 6.7024, 4.9]
	[26.9983, -6.7557, 4.9]
	[0.0, -6.7557, 4.9]
p
	[6.4485, 4.6508, 4.9]
	[5.5682, 4.4424, 4.9]
	[4.7408, 4.0766, 4.9]
	[3.995, 3.5647, 4.9]
	[3.3575, 2.923, 4.9]
	[2.8528, 2.1723, 4.9]
	[2.5023, 1.3385, 4.9]
	[2.3223, 0.4522, 4.9]
	[2.3223, -0.4522, 4.9]
	[2.5023, -1.3385, 4.9]
	[2.8528, -2.1723, 4.9]
	[3.3575, -2.923, 4.9]
	[3.995, -3.5647, 4.9]
	[4.7408, -4.0766, 4.9]
	[5.5682, -4.4424, 4.9]
	[6.4485, -4.6508, 4.9]
	[11.3096, -4.6508, 4.9]
	[12.198, -4.5293, 4.9]
	[13.0277, -4.1885, 4.9]
	[13.7508, -3.6575, 4.9]
	[14.3356, -2.9768, 4.9]
	[14.7681, -2.1901, 4.9]
	[15.0488, -1.337, 4.9]
	[15.1857, -0.4492, 4.9]
	[15.1857, 0.4492, 4.9]
	[15.0488, 1.337, 4.9]
	[14.7681, 2.1901, 4.9]
	[14.3356, 2.9768, 4.9]
	[13.7508, 3.6575, 4.9]
	[13.0277, 4.1885, 4.9]
	[12.198, 4.5293, 4.9]
	[11.3096, 4.6508, 4.9]
5.5
p
	[0.0, 6.7024, 5.5]
	[26.9983, 6.7024, 5.5]
	[26.9983, -6.7557, 5.5]
	[0.0, -6.7557, 5.5]
p
	[6.4485, 3.923, 5.5]
	[5.6132, 3.6915, 5.5]
	[4.844, 3.292, 5.5]
	[4.1755, 2.7403, 5.5]
	[3.6397, 2.059, 5.5]
	[3.2644, 1.2779, 5.5]
	[3.0708, 0.4333, 5.5]
	[3.0708, -0.4333, 5.5]
	[3.2644, -1.2779, 5.5]
	[3.6397, -2.059, 5.5]
	[4.1755, -2.7403, 5.5]
	[4.844, -3.292, 5.5]
	[5.6132, -3.6915, 5.5]
	[6.4485, -3.923, 5.5]
	[11.3096, -3.923, 5.5]
	[12.1726, -3.7862, 5.5]
	[12.9606, -3.408, 5.5]
	[13.618, -2.8313, 5.5]
	[14.1145, -2.1108, 5.5]
	[14.4414, -1.2987, 5.5]
	[14.6023, -0.4379, 5.5]
	[14.6023, 0.4379, 5.5]
	[14.4414, 1.2987, 5.5]
	[14.1145, 2.1108, 5.5]
	[13.618, 2.8313, 5.5]
	[12.9606, 3.408, 5.5]
	[12.1726, 3.7862, 5.5]
	[11.3096, 3.923, 5.5]
6.1
p
	[0.0, 6.7024, 6.1]
	[26.9983, 6.7024, 6.1]
	[26.9983, -6.7557, 6.1]
	[0.0, -6.7557, 6.1]
p
	[6.4485, 2.9034, 6.1]
	[5.6121, 2.5815, 6.1]
	[4.9035, 2.033, 6.1]
	[4.387, 1.301, 6.1]
	[4.1139, 0.4479, 6.1]
	[4.1139, -0.4479, 6.1]
	[4.387, -1.301, 6.1]
	[4.9035, -2.033, 6.1]
	[5.6121, -2.5815, 6.1]
	[6.4485, -2.9034, 6.1]
	[11.3096, -2.9034, 6.1]
	[12.2176, -2.6955, 6.1]
	[12.9714, -2.1459, 6.1]
	[13.4876, -1.3671, 6.1]
	[13.7447, -0.4678, 6.1]
	[13.7447, 0.4678, 6.1]
	[13.4876, 1.3671, 6.1]
	[12.9714, 2.1459, 6.1]
	[12.2176, 2.6955, 6.1]
	[11.3096, 2.9034, 6.1]
6.7
p
	[0.0, 6.7024, 6.7]
	[26.9983, 6.7024, 6.7]
	[26.9983, -6.7557, 6.7]
	[0.0, -6.7557, 6.7]
p
	[6.4485, 0.8659, 6.7]
	[6.4485, -0.8659, 6.7]
	[11.3096, -0.8659, 6.7]
	[12.0337, 0.0, 6.7]
	[11.3096, 0.8659, 6.7]
p