-17.9
	-15.4572 -26.5681
	-15.2558 -26.5681
	-15.0544 -26.5681
	-14.9624 -26.5681
	-15.0212 -26.5139
	-15.1888 -26.3531
	-15.3531 -26.1888
	-15.5139 -26.0212
	-15.5681 -25.9624
	-15.5681 -26.0544
	-15.5681 -26.2558
	-15.5681 -26.4572
	-15.5681 -26.5681
	-15.4572 -26.5681

-15.8
	-15.4572 -26.5681
	-15.2558 -26.5681
	-15.0544 -26.5681
	-14.9624 -26.5681
	-15.0212 -26.5139
	-15.1888 -26.3531
	-15.3531 -26.1888
	-15.5139 -26.0212
	-15.5681 -25.9624
	-15.5681 -26.0544
	-15.5681 -26.2558
	-15.5681 -26.4572
	-15.5681 -26.5681
	-15.4572 -26.5681

-12.6
	-0.593734 23.9248
	-0.505621 23.853
	-0.328114 23.7017
	-0.15396 23.5465
	0.0165751 23.3877
	0.183914 23.2249
	0.347336 23.0587
	0.506974 22.8892
	0.663275 22.7158
	0.815477 22.5391
	0.9305 22.3996
	0.9305 23.9248
	-0.593734 23.9248

	-15.5681 23.9248
	-15.5681 22.3837
	-15.5358 22.4241
	-15.3859 22.6029
	-15.2325 22.7781
	-15.0751 22.9501
	-14.9138 23.1188
	-14.749 23.2837
	-14.5805 23.4451
	-14.4086 23.6026
	-14.2334 23.7562
	-14.0548 23.9061
	-14.0315 23.9248
	-15.5681 23.9248

	-15.5681 5.38344
	-15.5148 5.44957
	-15.3645 5.62785
	-15.2105 5.80264
	-15.0525 5.97432
	-14.8906 6.14248
	-14.7253 6.30683
	-14.5564 6.46757
	-14.384 6.62463
	-14.2083 6.77774
	-14.0291 6.92714
	-13.8468 7.07239
	-13.6954 7.18781
	-13.7946 7.26242
	-13.978 7.40676
	-14.1578 7.55484
	-14.3344 7.70675
	-14.5079 7.86282
	-14.6779 8.02271
	-14.8441 8.18594
	-15.0068 8.35285
	-15.166 8.52359
	-15.321 8.69733
	-15.4727 8.87487
	-15.5681 8.99185
	-15.5681 5.38344

	-15.5681 -11.6166
	-15.4938 -11.5251
	-15.3429 -11.347
	-15.1881 -11.1726
	-15.0297 -11.0016
	-14.8674 -10.8341
	-14.7017 -10.6702
	-14.5321 -10.5099
	-14.3592 -10.3534
	-14.1832 -10.2009
	-14.0036 -10.0521
	-13.8206 -9.90727
	-13.6953 -9.81235
	-13.8206 -9.71743
	-14.0036 -9.57262
	-14.1832 -9.42376
	-14.3592 -9.27128
	-14.5321 -9.11482
	-14.7017 -8.95447
	-14.8674 -8.79058
	-15.0297 -8.62309
	-15.1881 -8.45208
	-15.343 -8.27747
	-15.4938 -8.09954
	-15.5681 -8.00803
	-15.5681 -11.6166

	-15.5681 -26.5681
	-14.0087 -26.5681
	-14.0291 -26.5518
	-14.2085 -26.4023
	-14.384 -26.2492
	-14.5562 -26.0925
	-14.7253 -25.9315
	-14.8906 -25.7672
	-15.0526 -25.5988
	-15.2105 -25.4272
	-15.3645 -25.2526
	-15.5148 -25.0742
	-15.5681 -25.0081
	-15.5681 -26.5681

	0.9305 -26.5681
	0.9305 -25.024
	0.83668 -25.1386
	0.684945 -25.3157
	0.529585 -25.4892
	0.370342 -25.6595
	0.207195 -25.8264
	0.0406375 -25.9894
	-0.129537 -26.1489
	-0.303344 -26.3047
	-0.480139 -26.4563
	-0.616311 -26.5681
	0.9305 -26.5681

	0.9305 -8.02423
	0.815633 -8.16362
	0.663273 -8.34046
	0.506975 -8.51389
	0.347338 -8.68341
	0.183728 -8.84982
	0.0165742 -9.01232
	-0.153962 -9.17121
	-0.328114 -9.32627
	-0.505399 -9.4775
	-0.686394 -9.62502
	-0.870283 -9.7683
	-0.929039 -9.81205
	-0.923055 -9.81645
	-0.738182 -9.9586
	-0.556482 -10.1049
	-0.378261 -10.2548
	-0.202939 -10.4091
	-0.0311575 -10.5671
	0.136922 -10.7287
	0.301205 -10.8936
	0.462071 -11.0623
	0.619401 -11.2348
	0.772764 -11.4105
	0.922019 -11.5893
	0.9305 -11.5999
	0.9305 -8.02423

	0.9305 8.9753
	0.794238 8.81102
	0.641136 8.63446
	0.484439 8.46181
	0.324512 8.29294
	0.160328 8.12701
	-0.00747803 7.9648
	-0.178409 7.80666
	-0.352943 7.65204
	-0.530886 7.50134
	-0.712118 7.35447
	-0.896703 7.2116
	-0.929084 7.18765
	-0.896704 7.1637
	-0.712118 7.02083
	-0.530885 6.87396
	-0.352944 6.72326
	-0.178409 6.56864
	-0.00747708 6.4105
	0.160138 6.24847
	0.324331 6.08265
	0.484612 5.9134
	0.641301 5.74065
	0.794238 5.56428
	0.9305 5.4
	0.9305 8.9753

-9.4
	-15.5681 23.9248
	-15.5681 -26.5681
	0.9305 -26.5681
	0.9305 23.9248
	-15.5681 23.9248

	-7.31229 -26.5207
	-7.55902 -26.5169
	-7.80543 -26.5059
	-8.05188 -26.4872
	-8.29714 -26.4613
	-8.5416 -26.428
	-8.78478 -26.3875
	-9.02681 -26.3396
	-9.26766 -26.2844
	-9.50631 -26.222
	-9.74296 -26.1525
	-9.9775 -26.0759
	-10.2096 -25.9924
	-10.4395 -25.9017
	-10.6661 -25.8042
	-10.8896 -25.7001
	-11.1101 -25.5892
	-11.3272 -25.4717
	-11.5406 -25.3478
	-11.7501 -25.2176
	-11.9555 -25.0812
	-12.1569 -24.9386
	-12.3541 -24.7898
	-12.5464 -24.6354
	-12.7341 -24.4752
	-12.9171 -24.3093
	-13.0947 -24.1382
	-13.2671 -23.9618
	-13.4342 -23.7803
	-13.5958 -23.5938
	-13.7518 -23.4024
	-13.9019 -23.2066
	-14.0459 -23.0065
	-14.184 -22.8019
	-14.3158 -22.5934
	-14.4414 -22.3808
	-14.5604 -22.1648
	-14.673 -21.9453
	-14.779 -21.722
	-14.8781 -21.4961
	-14.9702 -21.2675
	-15.0557 -21.0359
	-15.134 -20.8018
	-15.2054 -20.5656
	-15.2695 -20.3274
	-15.3265 -20.0873
	-15.3762 -19.8455
	-15.4186 -19.6025
	-15.4537 -19.3583
	-15.4815 -19.1129
	-15.5018 -18.8669
	-15.5148 -18.621
	-15.5204 -18.3743
	-15.5186 -18.1272
	-15.5093 -17.8807
	-15.4926 -17.6345
	-15.4685 -17.3888
	-15.4371 -17.1442
	-15.3983 -16.9004
	-15.3522 -16.658
	-15.2988 -16.4172
	-15.2383 -16.1781
	-15.1706 -15.9406
	-15.0957 -15.7055
	-15.0139 -15.4728
	-14.925 -15.2426
	-14.8293 -15.0151
	-14.7268 -14.7908
	-14.6176 -14.5693
	-14.5017 -14.3515
	-14.3795 -14.1372
	-14.2507 -13.9266
	-14.1159 -13.7201
	-13.9746 -13.5175
	-13.8275 -13.3195
	-13.6746 -13.126
	-13.5158 -12.937
	-13.3515 -12.753
	-13.1815 -12.5739
	-13.0063 -12.4
	-12.826 -12.2316
	-12.641 -12.0688
	-12.4509 -11.9114
	-12.2559 -11.7597
	-12.0568 -11.6141
	-11.8534 -11.4746
	-11.6459 -11.3412
	-11.4344 -11.214
	-11.2189 -11.0933
	-11.0003 -10.9792
	-10.7782 -10.8716
	-10.5529 -10.7708
	-10.3249 -10.6768
	-10.0941 -10.5897
	-9.86059 -10.5095
	-9.62473 -10.4365
	-9.38704 -10.3705
	-9.14726 -10.3117
	-8.90607 -10.2603
	-8.66356 -10.216
	-8.41946 -10.179
	-8.1746 -10.1494
	-7.92869 -10.1272
	-7.68204 -10.1123
	-7.43553 -10.105
	-7.18918 -10.105
	-6.94257 -10.1123
	-6.69587 -10.1272
	-6.45006 -10.1494
	-6.20524 -10.179
	-5.96121 -10.216
	-5.71852 -10.2603
	-5.47737 -10.3118
	-5.23775 -10.3705
	-4.99986 -10.4365
	-4.76401 -10.5096
	-4.53059 -10.5897
	-4.29979 -10.6768
	-4.07176 -10.7708
	-3.84646 -10.8716
	-3.62438 -10.9792
	-3.40575 -11.0933
	-3.19033 -11.214
	-2.97893 -11.3411
	-2.77137 -11.4744
	-2.56781 -11.6141
	-2.36849 -11.7598
	-2.17363 -11.9115
	-1.98373 -12.0688
	-1.79868 -12.2316
	-1.61839 -12.4
	-1.44318 -12.5739
	-1.27323 -12.753
	-1.10893 -12.937
	-0.950072 -13.126
	-0.797165 -13.3195
	-0.650058 -13.5175
	-0.508797 -13.7201
	-0.373952 -13.9266
	-0.245156 -14.1372
	-0.122968 -14.3515
	-0.00708865 -14.5693
	0.102126 -14.7908
	0.204604 -15.0151
	0.300327 -15.2426
	0.389166 -15.4728
	0.470975 -15.7055
	0.545889 -15.9406
	0.613521 -16.1778
	0.674171 -16.4168
	0.727646 -16.6583
	0.773652 -16.9007
	0.812398 -17.1442
	0.843831 -17.3888
	0.86795 -17.6345
	0.884592 -17.8807
	0.89389 -18.1272
	0.895725 -18.374
	0.890219 -18.6206
	0.87723 -18.8673
	0.856793 -19.1132
	0.829034 -19.3583
	0.793919 -19.6025
	0.751485 -19.8455
	0.701778 -20.0873
	0.644751 -20.3274
	0.580651 -20.5656
	0.509322 -20.8018
	0.430985 -21.0359
	0.34554 -21.2675
	0.25335 -21.4961
	0.154282 -21.722
	0.0483002 -21.9453
	-0.0642675 -22.1648
	-0.183252 -22.3808
	-0.308865 -22.5934
	-0.440495 -22.8016
	-0.578514 -23.0062
	-0.722912 -23.2069
	-0.873052 -23.4027
	-1.02886 -23.5938
	-1.19033 -23.7801
	-1.3573 -23.9616
	-1.53012 -24.1384
	-1.70782 -24.3095
	-1.89058 -24.4752
	-2.07833 -24.6354
	-2.27059 -24.7898
	-2.46783 -24.9386
	-2.66907 -25.0811
	-2.87451 -25.2176
	-3.08431 -25.3479
	-3.29748 -25.4717
	-3.51455 -25.5892
	-3.73507 -25.7001
	-3.95859 -25.8042
	-4.18523 -25.9017
	-4.41511 -25.9924
	-4.64721 -26.0759
	-4.88174 -26.1525
	-5.11839 -26.222
	-5.35705 -26.2844
	-5.59789 -26.3396
	-5.83992 -26.3875
	-6.0831 -26.428
	-6.32756 -26.4613
	-6.57279 -26.4872
	-6.81916 -26.5059
	-7.06569 -26.5169
	-7.31229 -26.5207

	-7.31229 -9.52068
	-7.55902 -9.51688
	-7.80543 -9.50587
	-8.05188 -9.48725
	-8.29713 -9.46133
	-8.5416 -9.42805
	-8.78478 -9.38745
	-9.02681 -9.33961
	-9.26766 -9.28436
	-9.50631 -9.22198
	-9.74296 -9.15251
	-9.97749 -9.07592
	-10.2096 -8.99236
	-10.4395 -8.90168
	-10.6661 -8.8042
	-10.8896 -8.70014
	-11.1101 -8.58921
	-11.3272 -8.47174
	-11.5406 -8.34782
	-11.7501 -8.21761
	-11.9555 -8.08117
	-12.1569 -7.93862
	-12.3541 -7.78978
	-12.5464 -7.63543
	-12.7341 -7.47522
	-12.9171 -7.30929
	-13.0947 -7.13818
	-13.2671 -6.96182
	-13.4342 -6.7803
	-13.5958 -6.59381
	-13.7518 -6.40243
	-13.9019 -6.20664
	-14.0459 -6.00647
	-14.184 -5.8019
	-14.3158 -5.59338
	-14.4414 -5.38084
	-14.5604 -5.16476
	-14.673 -4.94525
	-14.779 -4.72202
	-14.8781 -4.49611
	-14.9702 -4.26747
	-15.0557 -4.03587
	-15.134 -3.80184
	-15.2054 -3.56558
	-15.2695 -3.32741
	-15.3265 -3.08731
	-15.3762 -2.84551
	-15.4186 -2.60252
	-15.4537 -2.3583
	-15.4815 -2.11288
	-15.5018 -1.86689
	-15.5148 -1.62096
	-15.5204 -1.37433
	-15.5186 -1.12725
	-15.5093 -0.880734
	-15.4926 -0.634524
	-15.4685 -0.388809
	-15.4371 -0.144195
	-15.3983 0.0996421
	-15.3522 0.342028
	-15.2988 0.582815
	-15.2383 0.821873
	-15.1706 1.05936
	-15.0957 1.29451
	-15.0139 1.52721
	-14.925 1.75739
	-14.8293 1.98495
	-14.7268 2.20922
	-14.6176 2.43071
	-14.5017 2.64852
	-14.3795 2.86281
	-14.2507 3.07339
	-14.1159 3.27988
	-13.9746 3.48252
	-13.8275 3.68049
	-13.6746 3.87401
	-13.5158 4.06298
	-13.3515 4.24697
	-13.1815 4.42611
	-13.0063 4.59997
	-12.826 4.7684
	-12.641 4.93121
	-12.4509 5.0886
	-12.2559 5.24033
	-12.0568 5.38589
	-11.8534 5.52545
	-11.6459 5.65878
	-11.4344 5.78599
	-11.2189 5.90674
	-11.0003 6.02083
	-10.7782 6.12837
	-10.5529 6.22922
	-10.3249 6.32317
	-10.0941 6.41025
	-9.86059 6.49046
	-9.62473 6.56354
	-9.38704 6.62947
	-9.14726 6.68825
	-8.90606 6.73972
	-8.66355 6.78399
	-8.41946 6.82096
	-8.17461 6.85056
	-7.92869 6.87283
	-7.68204 6.88766
	-7.43553 6.895
	-7.18918 6.895
	-6.94257 6.88766
	-6.69587 6.87283
	-6.45006 6.85055
	-6.20524 6.82096
	-5.96121 6.784
	-5.71852 6.73972
	-5.47736 6.68823
	-5.23775 6.62949
	-4.99986 6.56354
	-4.76401 6.49043
	-4.53058 6.41025
	-4.2998 6.32317
	-4.07176 6.22922
	-3.84646 6.12837
	-3.62438 6.02083
	-3.40575 5.90674
	-3.19033 5.78599
	-2.97893 5.65888
	-2.77137 5.52556
	-2.56781 5.38589
	-2.36849 5.2402
	-2.17363 5.08845
	-1.98374 4.93121
	-1.79868 4.7684
	-1.61839 4.59997
	-1.44318 4.42611
	-1.27323 4.24697
	-1.10893 4.06298
	-0.950072 3.87401
	-0.797165 3.68049
	-0.650058 3.48252
	-0.508797 3.27988
	-0.373952 3.07339
	-0.245156 2.86281
	-0.122968 2.64852
	-0.00708874 2.43071
	0.102126 2.20922
	0.204604 1.98495
	0.300327 1.75739
	0.389166 1.52722
	0.470975 1.29451
	0.545888 1.05936
	0.613521 0.822219
	0.674171 0.583165
	0.727646 0.341671
	0.773652 0.0992818
	0.812398 -0.144193
	0.843831 -0.388808
	0.86795 -0.634526
	0.884592 -0.880734
	0.89389 -1.12725
	0.895725 -1.37396
	0.890219 -1.62059
	0.87723 -1.86726
	0.856793 -2.11325
	0.829034 -2.3583
	0.793919 -2.60252
	0.751485 -2.84551
	0.701778 -3.08731
	0.644751 -3.32741
	0.580651 -3.56558
	0.509321 -3.80184
	0.430985 -4.03587
	0.34554 -4.26748
	0.25335 -4.49612
	0.154282 -4.72201
	0.0483009 -4.94525
	-0.0642675 -5.16476
	-0.183251 -5.38084
	-0.308865 -5.59338
	-0.440496 -5.80164
	-0.578514 -6.00622
	-0.722912 -6.20688
	-0.873051 -6.40266
	-1.02886 -6.59382
	-1.19033 -6.78009
	-1.3573 -6.96162
	-1.53012 -7.13836
	-1.70782 -7.30946
	-1.89058 -7.47522
	-2.07833 -7.63543
	-2.27059 -7.78978
	-2.46782 -7.93862
	-2.66907 -8.08105
	-2.87452 -8.21761
	-3.0843 -8.34792
	-3.29748 -8.47174
	-3.51455 -8.58921
	-3.73507 -8.70014
	-3.9586 -8.8042
	-4.18523 -8.90168
	-4.41511 -8.99236
	-4.64721 -9.07592
	-4.88174 -9.15251
	-5.11839 -9.22198
	-5.35705 -9.28436
	-5.59789 -9.33961
	-5.83992 -9.38745
	-6.0831 -9.42805
	-6.32757 -9.46133
	-6.57279 -9.48724
	-6.81916 -9.50587
	-7.06569 -9.51688
	-7.31229 -9.52068

	-7.31229 7.47932
	-7.55902 7.48312
	-7.80543 7.49413
	-8.05188 7.51275
	-8.29713 7.53867
	-8.5416 7.57195
	-8.78478 7.61255
	-9.02681 7.66039
	-9.26766 7.71564
	-9.50631 7.77802
	-9.74296 7.84749
	-9.97749 7.92408
	-10.2096 8.00764
	-10.4395 8.09832
	-10.6661 8.1958
	-10.8896 8.29986
	-11.1102 8.41079
	-11.3272 8.52826
	-11.5406 8.65218
	-11.7501 8.78239
	-11.9555 8.91883
	-12.1569 9.06138
	-12.3541 9.21022
	-12.5464 9.36457
	-12.7341 9.52478
	-12.9171 9.69071
	-13.0947 9.86182
	-13.2671 10.0382
	-13.4342 10.2197
	-13.5958 10.4062
	-13.7518 10.5976
	-13.9019 10.7934
	-14.0459 10.9935
	-14.184 11.1981
	-14.3158 11.4066
	-14.4414 11.6192
	-14.5604 11.8352
	-14.673 12.0547
	-14.779 12.278
	-14.8781 12.5039
	-14.9702 12.7325
	-15.0557 12.9641
	-15.134 13.1982
	-15.2054 13.4344
	-15.2695 13.6726
	-15.3265 13.9127
	-15.3762 14.1545
	-15.4186 14.3975
	-15.4537 14.6417
	-15.4815 14.8871
	-15.5018 15.1331
	-15.5148 15.379
	-15.5204 15.6257
	-15.5186 15.8728
	-15.5093 16.1193
	-15.4926 16.3655
	-15.4685 16.6112
	-15.4371 16.8558
	-15.3983 17.0996
	-15.3522 17.342
	-15.2988 17.5828
	-15.2383 17.8219
	-15.1706 18.0594
	-15.0957 18.2945
	-15.0139 18.5272
	-14.925 18.7574
	-14.8293 18.9849
	-14.7268 19.2092
	-14.6176 19.4307
	-14.5017 19.6485
	-14.3795 19.8628
	-14.2507 20.0734
	-14.1159 20.2799
	-13.9746 20.4825
	-13.8275 20.6805
	-13.6746 20.874
	-13.5158 21.063
	-13.3515 21.247
	-13.1815 21.4261
	-13.0063 21.6
	-12.826 21.7684
	-12.641 21.9312
	-12.4509 22.0886
	-12.2559 22.2403
	-12.0568 22.3859
	-11.8534 22.5254
	-11.6459 22.6588
	-11.4344 22.786
	-11.2189 22.9067
	-11.0003 23.0208
	-10.7783 23.1284
	-10.5529 23.2292
	-10.3249 23.3232
	-10.0941 23.4103
	-9.86059 23.4905
	-9.62473 23.5635
	-9.38704 23.6295
	-9.14727 23.6883
	-8.90607 23.7397
	-8.66355 23.784
	-8.41946 23.821
	-8.17461 23.8506
	-7.92869 23.8728
	-7.68204 23.8877
	-7.43553 23.895
	-7.18918 23.895
	-6.94257 23.8877
	-6.69587 23.8728
	-6.45006 23.8506
	-6.20524 23.821
	-5.96122 23.784
	-5.71852 23.7397
	-5.47736 23.6882
	-5.23775 23.6295
	-4.99986 23.5635
	-4.76401 23.4904
	-4.53059 23.4103
	-4.2998 23.3232
	-4.07176 23.2292
	-3.84645 23.1284
	-3.62438 23.0208
	-3.40576 22.9067
	-3.19033 22.786
	-2.97893 22.6589
	-2.77137 22.5256
	-2.56781 22.3859
	-2.36849 22.2402
	-2.17363 22.0885
	-1.98373 21.9312
	-1.79868 21.7684
	-1.61839 21.6
	-1.44318 21.4261
	-1.27323 21.247
	-1.10893 21.063
	-0.950071 20.874
	-0.797164 20.6805
	-0.650059 20.4825
	-0.508796 20.2799
	-0.373951 20.0734
	-0.245157 19.8628
	-0.122967 19.6485
	-0.00708865 19.4307
	0.102126 19.2092
	0.204605 18.9849
	0.300326 18.7574
	0.389166 18.5272
	0.470975 18.2945
	0.545889 18.0594
	0.613521 17.8222
	0.674171 17.5832
	0.727646 17.3417
	0.773652 17.0993
	0.812398 16.8558
	0.843831 16.6112
	0.86795 16.3655
	0.884592 16.1193
	0.89389 15.8728
	0.895725 15.626
	0.890219 15.3794
	0.87723 15.1327
	0.856793 14.8868
	0.829034 14.6417
	0.793919 14.3975
	0.751485 14.1545
	0.701778 13.9127
	0.644751 13.6726
	0.580651 13.4344
	0.509322 13.1982
	0.430985 12.9641
	0.34554 12.7325
	0.25335 12.5039
	0.154283 12.278
	0.0483009 12.0548
	-0.0642683 11.8352
	-0.183252 11.6192
	-0.308864 11.4066
	-0.440495 11.1984
	-0.578516 10.9938
	-0.722912 10.7931
	-0.873051 10.5973
	-1.02886 10.4062
	-1.19033 10.2199
	-1.3573 10.0384
	-1.53012 9.86164
	-1.70782 9.69054
	-1.89058 9.52478
	-2.07833 9.36457
	-2.27059 9.21022
	-2.46782 9.06138
	-2.66907 8.91895
	-2.87451 8.78239
	-3.08431 8.65208
	-3.29748 8.52826
	-3.51455 8.41079
	-3.73507 8.29986
	-3.9586 8.1958
	-4.18523 8.09832
	-4.41511 8.00764
	-4.64721 7.92408
	-4.88174 7.84749
	-5.11839 7.77802
	-5.35704 7.71564
	-5.59789 7.66039
	-5.83992 7.61255
	-6.0831 7.57195
	-6.32757 7.53867
	-6.57279 7.51276
	-6.81916 7.49413
	-7.06569 7.48312
	-7.31229 7.47932

	-1.06906 22.7248
	-0.992591 22.6575
	-0.78599 22.4645
	-0.585091 22.2652
	-0.390213 22.0598
	-0.2695 21.9246
	-0.2695 22.7248
	-1.06906 22.7248

	-14.3681 22.7248
	-14.3681 21.9101
	-14.2345 22.0598
	-14.0396 22.2652
	-13.8387 22.4645
	-13.6321 22.6575
	-13.5556 22.7248
	-14.3681 22.7248

	-14.3681 4.91012
	-14.2345 5.05975
	-14.0396 5.26516
	-13.8387 5.46451
	-13.6321 5.65752
	-13.4201 5.84401
	-13.2022 6.02444
	-12.9787 6.19844
	-12.7505 6.36525
	-12.5174 6.52517
	-12.2797 6.67796
	-12.0371 6.82382
	-11.79 6.96229
	-11.5395 7.09301
	-11.344 7.18771
	-11.4126 7.21966
	-11.6655 7.34686
	-11.9143 7.4815
	-12.1588 7.62352
	-12.3989 7.77278
	-12.6342 7.92909
	-12.8651 8.09248
	-13.0913 8.2632
	-13.3116 8.44007
	-13.5269 8.62373
	-13.7366 8.814
	-13.9402 9.01008
	-14.1378 9.21216
	-14.3292 9.42018
	-14.3681 9.46502
	-14.3681 4.91012

	-14.3681 -12.0899
	-14.2345 -11.9403
	-14.0396 -11.7348
	-13.8387 -11.5355
	-13.6321 -11.3425
	-13.4201 -11.156
	-13.2022 -10.9756
	-12.9787 -10.8016
	-12.7505 -10.6348
	-12.5174 -10.4748
	-12.2797 -10.322
	-12.0371 -10.1762
	-11.79 -10.0377
	-11.5395 -9.90699
	-11.344 -9.81229
	-11.4126 -9.78034
	-11.6655 -9.65314
	-11.9143 -9.5185
	-12.1588 -9.37648
	-12.3989 -9.22722
	-12.6342 -9.07091
	-12.8651 -8.90752
	-13.0913 -8.7368
	-13.3116 -8.55993
	-13.5269 -8.37627
	-13.7366 -8.186
	-13.9402 -7.98992
	-14.1378 -7.78783
	-14.3292 -7.57982
	-14.3681 -7.53498
	-14.3681 -12.0899

	-14.3681 -25.3681
	-13.5359 -25.3681
	-13.7366 -25.186
	-13.9402 -24.9899
	-14.1378 -24.7878
	-14.3292 -24.5798
	-14.3681 -24.535
	-14.3681 -25.3681

	-0.2695 -25.3681
	-0.2695 -24.5499
	-0.295147 -24.5794
	-0.486498 -24.7875
	-0.684773 -24.9903
	-0.888396 -25.1863
	-1.08883 -25.3681
	-0.2695 -25.3681

	-0.2695 -7.54986
	-0.295148 -7.57945
	-0.486499 -7.78748
	-0.684771 -7.99025
	-0.888397 -8.18631
	-1.09784 -8.37627
	-1.31307 -8.55993
	-1.53339 -8.7368
	-1.7596 -8.90752
	-1.99016 -9.0707
	-2.22565 -9.22722
	-2.46623 -9.37665
	-2.71043 -9.5185
	-2.95923 -9.65314
	-3.21209 -9.78034
	-3.28072 -9.81229
	-3.08517 -9.90699
	-2.83467 -10.0377
	-2.58763 -10.1762
	-2.34535 -10.3219
	-2.10751 -10.4746
	-1.87413 -10.6347
	-1.6456 -10.8018
	-1.42214 -10.9758
	-1.20456 -11.156
	-0.992587 -11.3425
	-0.78599 -11.5355
	-0.585088 -11.7348
	-0.39021 -11.9403
	-0.2695 -12.0754
	-0.2695 -7.54986

	-0.2695 9.45014
	-0.295147 9.42055
	-0.486501 9.21252
	-0.684773 9.00975
	-0.888396 8.81369
	-1.09784 8.62373
	-1.31307 8.44007
	-1.53339 8.2632
	-1.7596 8.09248
	-1.99016 7.9293
	-2.22565 7.77278
	-2.46623 7.62334
	-2.71043 7.4815
	-2.95923 7.34686
	-3.21209 7.21966
	-3.28072 7.18771
	-3.08517 7.09301
	-2.83467 6.96229
	-2.58763 6.82382
	-2.34535 6.67814
	-2.10751 6.52537
	-1.87413 6.36525
	-1.6456 6.1982
	-1.42213 6.02418
	-1.20456 5.84401
	-0.992586 5.65752
	-0.785987 5.46451
	-0.585089 5.26516
	-0.390211 5.05975
	-0.2695 4.92457
	-0.2695 9.45014

-6.2
	-15.5681 23.9248
	-15.5681 -26.5681
	0.9305 -26.5681
	0.9305 23.9248
	-15.5681 23.9248

	-7.31229 -7.8126
	-7.57406 -7.8074
	-7.83544 -7.79153
	-8.09572 -7.76528
	-8.35507 -7.72848
	-8.61283 -7.68124
	-8.86812 -7.62366
	-9.12067 -7.55601
	-9.3707 -7.47813
	-9.61746 -7.39019
	-9.86023 -7.29246
	-10.0989 -7.18509
	-10.3332 -7.06806
	-10.5624 -6.94184
	-10.7864 -6.80643
	-11.005 -6.66199
	-11.2173 -6.50899
	-11.4234 -6.34762
	-11.6231 -6.17774
	-11.8154 -6.00019
	-12.0002 -5.81543
	-12.1777 -5.62306
	-12.3476 -5.42338
	-12.509 -5.2173
	-12.662 -5.00503
	-12.8064 -4.78642
	-12.9418 -4.56238
	-13.0681 -4.33322
	-13.1851 -4.09889
	-13.2925 -3.86023
	-13.3902 -3.61746
	-13.4781 -3.3707
	-13.556 -3.12067
	-13.6237 -2.86813
	-13.6812 -2.61283
	-13.7285 -2.35507
	-13.7653 -2.09572
	-13.7915 -1.83544
	-13.8074 -1.57406
	-13.8126 -1.31229
	-13.8074 -1.05064
	-13.7915 -0.789258
	-13.7653 -0.528983
	-13.7285 -0.269634
	-13.6812 -0.0118729
	-13.6237 0.243426
	-13.556 0.495974
	-13.4781 0.745998
	-13.3902 0.992758
	-13.2925 1.23553
	-13.1851 1.47419
	-13.0681 1.70836
	-12.9418 1.9378
	-12.8063 2.16188
	-12.6621 2.38015
	-12.509 2.59272
	-12.3475 2.79885
	-12.1777 2.99836
	-12.0004 3.19053
	-11.8154 3.37561
	-11.6229 3.55322
	-11.4234 3.72292
	-11.2173 3.88429
	-11.005 4.03729
	-10.7864 4.18173
	-10.5624 4.31714
	-10.3332 4.44336
	-10.0992 4.56024
	-9.86023 4.66788
	-9.61713 4.76561
	-9.37103 4.85331
	-9.12102 4.93132
	-8.86777 4.99915
	-8.61247 5.05661
	-8.35507 5.10378
	-8.09572 5.14058
	-7.83544 5.16683
	-7.57443 5.18267
	-7.31229 5.18801
	-7.05026 5.18267
	-6.78926 5.16683
	-6.52898 5.14058
	-6.26963 5.10378
	-6.01223 5.05661
	-5.75693 4.99915
	-5.50368 4.93132
	-5.25367 4.85331
	-5.00757 4.76561
	-4.76447 4.66788
	-4.52551 4.56024
	-4.29164 4.44344
	-4.06221 4.31714
	-3.83812 4.18163
	-3.61985 4.03741
	-3.40728 3.88429
	-3.20115 3.72277
	-3.00185 3.55322
	-2.80947 3.37579
	-2.62421 3.19053
	-2.44678 2.99815
	-2.27723 2.79885
	-2.11571 2.59272
	-1.96259 2.38015
	-1.81837 2.16188
	-1.68286 1.93779
	-1.55656 1.70836
	-1.43976 1.47449
	-1.33212 1.23553
	-1.23439 0.992432
	-1.14669 0.746334
	-1.06868 0.496319
	-1.00085 0.243074
	-0.943392 -0.0122293
	-0.896225 -0.269634
	-0.859416 -0.528983
	-0.833168 -0.789259
	-0.817326 -1.05026
	-0.811989 -1.31229
	-0.817326 -1.57443
	-0.833168 -1.83544
	-0.859417 -2.09572
	-0.896225 -2.35507
	-0.943392 -2.61247
	-1.00085 -2.86777
	-1.06868 -3.12102
	-1.14669 -3.37103
	-1.23439 -3.61713
	-1.33212 -3.86023
	-1.43976 -4.09919
	-1.55664 -4.33322
	-1.68286 -4.56238
	-1.81827 -4.78642
	-1.96271 -5.00503
	-2.11571 -5.2173
	-2.27708 -5.42338
	-2.44678 -5.62285
	-2.62439 -5.81543
	-2.80947 -6.00037
	-3.00164 -6.17774
	-3.20115 -6.34747
	-3.40728 -6.50899
	-3.61985 -6.66211
	-3.83812 -6.80633
	-4.06221 -6.94184
	-4.29164 -7.06814
	-4.52581 -7.18509
	-4.76447 -7.29246
	-5.00724 -7.3902
	-5.254 -7.47813
	-5.50402 -7.55601
	-5.75658 -7.62366
	-6.01187 -7.68124
	-6.26963 -7.72848
	-6.52898 -7.76528
	-6.78926 -7.79153
	-7.05064 -7.8074
	-7.31229 -7.8126

	-7.31229 -24.8126
	-7.57405 -24.8074
	-7.83544 -24.7915
	-8.09572 -24.7653
	-8.35507 -24.7285
	-8.61283 -24.6812
	-8.86812 -24.6237
	-9.12067 -24.556
	-9.3707 -24.4781
	-9.61746 -24.3902
	-9.86023 -24.2925
	-10.0989 -24.1851
	-10.3332 -24.0681
	-10.5624 -23.9418
	-10.7864 -23.8064
	-11.005 -23.662
	-11.2173 -23.509
	-11.4234 -23.3476
	-11.6231 -23.1777
	-11.8154 -23.0002
	-12.0002 -22.8154
	-12.1777 -22.6231
	-12.3476 -22.4234
	-12.509 -22.2173
	-12.662 -22.005
	-12.8064 -21.7864
	-12.9418 -21.5624
	-13.0681 -21.3332
	-13.1851 -21.0989
	-13.2925 -20.8602
	-13.3902 -20.6175
	-13.4781 -20.3707
	-13.556 -20.1207
	-13.6237 -19.8681
	-13.6812 -19.6128
	-13.7285 -19.3551
	-13.7653 -19.0957
	-13.7915 -18.8354
	-13.8074 -18.5741
	-13.8126 -18.3123
	-13.8074 -18.0506
	-13.7915 -17.7893
	-13.7653 -17.529
	-13.7285 -17.2696
	-13.6812 -17.0119
	-13.6237 -16.7566
	-13.556 -16.504
	-13.4781 -16.254
	-13.3902 -16.0072
	-13.2925 -15.7645
	-13.1851 -15.5258
	-13.0681 -15.2916
	-12.9418 -15.0622
	-12.8063 -14.8381
	-12.6621 -14.6199
	-12.509 -14.4073
	-12.3475 -14.2011
	-12.1777 -14.0016
	-12.0004 -13.8095
	-11.8154 -13.6244
	-11.6229 -13.4468
	-11.4234 -13.2771
	-11.2173 -13.1157
	-11.005 -12.9627
	-10.7864 -12.8183
	-10.5624 -12.6829
	-10.3332 -12.5566
	-10.0992 -12.4398
	-9.86023 -12.3321
	-9.61713 -12.2344
	-9.37103 -12.1467
	-9.12102 -12.0687
	-8.86777 -12.0008
	-8.61247 -11.9434
	-8.35507 -11.8962
	-8.09572 -11.8594
	-7.83544 -11.8332
	-7.57443 -11.8173
	-7.31229 -11.812
	-7.05026 -11.8173
	-6.78926 -11.8332
	-6.52898 -11.8594
	-6.26963 -11.8962
	-6.01223 -11.9434
	-5.75693 -12.0008
	-5.50368 -12.0687
	-5.25367 -12.1467
	-5.00757 -12.2344
	-4.76447 -12.3321
	-4.52551 -12.4398
	-4.29164 -12.5566
	-4.06221 -12.6829
	-3.83812 -12.8184
	-3.61985 -12.9626
	-3.40728 -13.1157
	-3.20115 -13.2772
	-3.00185 -13.4468
	-2.80947 -13.6242
	-2.62421 -13.8095
	-2.44678 -14.0018
	-2.27723 -14.2011
	-2.1157 -14.4073
	-1.96259 -14.6199
	-1.81837 -14.8381
	-1.68286 -15.0622
	-1.55656 -15.2916
	-1.43976 -15.5255
	-1.33212 -15.7645
	-1.23439 -16.0076
	-1.14669 -16.2537
	-1.06868 -16.5037
	-1.00085 -16.7569
	-0.943392 -17.0122
	-0.896225 -17.2696
	-0.859416 -17.529
	-0.833168 -17.7893
	-0.817326 -18.0503
	-0.811989 -18.3123
	-0.817326 -18.5744
	-0.833168 -18.8354
	-0.859416 -19.0957
	-0.896225 -19.3551
	-0.943392 -19.6125
	-1.00085 -19.8678
	-1.06868 -20.121
	-1.14669 -20.371
	-1.23439 -20.6171
	-1.33212 -20.8602
	-1.43976 -21.0992
	-1.55664 -21.3332
	-1.68286 -21.5624
	-1.81827 -21.7864
	-1.96271 -22.005
	-2.11571 -22.2173
	-2.27708 -22.4234
	-2.44678 -22.6229
	-2.62439 -22.8154
	-2.80947 -23.0004
	-3.00164 -23.1777
	-3.20115 -23.3475
	-3.40728 -23.509
	-3.61986 -23.6621
	-3.83812 -23.8063
	-4.06221 -23.9418
	-4.29164 -24.0681
	-4.52581 -24.1851
	-4.76447 -24.2925
	-5.00724 -24.3902
	-5.254 -24.4781
	-5.50403 -24.556
	-5.75658 -24.6237
	-6.01187 -24.6812
	-6.26963 -24.7285
	-6.52898 -24.7653
	-6.78926 -24.7915
	-7.05064 -24.8074
	-7.31229 -24.8126

	-7.31229 9.1874
	-7.57406 9.1926
	-7.83544 9.20847
	-8.09572 9.23472
	-8.35507 9.27153
	-8.61283 9.31876
	-8.86813 9.37634
	-9.12067 9.44399
	-9.3707 9.52187
	-9.61746 9.60981
	-9.86023 9.70754
	-10.0989 9.81491
	-10.3332 9.93194
	-10.5624 10.0582
	-10.7864 10.1936
	-11.005 10.338
	-11.2173 10.491
	-11.4234 10.6524
	-11.6231 10.8223
	-11.8154 10.9998
	-12.0002 11.1846
	-12.1777 11.3769
	-12.3476 11.5766
	-12.509 11.7827
	-12.662 11.995
	-12.8064 12.2136
	-12.9418 12.4376
	-13.0681 12.6668
	-13.1851 12.9011
	-13.2925 13.1398
	-13.3902 13.3825
	-13.4781 13.6293
	-13.556 13.8793
	-13.6237 14.1319
	-13.6812 14.3872
	-13.7285 14.6449
	-13.7653 14.9043
	-13.7915 15.1646
	-13.8074 15.4259
	-13.8126 15.6877
	-13.8074 15.9494
	-13.7915 16.2107
	-13.7653 16.471
	-13.7285 16.7304
	-13.6812 16.9881
	-13.6237 17.2434
	-13.556 17.496
	-13.4781 17.746
	-13.3902 17.9928
	-13.2925 18.2355
	-13.1851 18.4742
	-13.0681 18.7084
	-12.9418 18.9378
	-12.8063 19.1619
	-12.6621 19.3801
	-12.509 19.5927
	-12.3475 19.7989
	-12.1777 19.9984
	-12.0004 20.1905
	-11.8154 20.3756
	-11.6229 20.5532
	-11.4234 20.7229
	-11.2173 20.8843
	-11.005 21.0373
	-10.7864 21.1817
	-10.5624 21.3171
	-10.3332 21.4434
	-10.0992 21.5602
	-9.86023 21.6679
	-9.61713 21.7656
	-9.37103 21.8533
	-9.12102 21.9313
	-8.86777 21.9992
	-8.61247 22.0566
	-8.35507 22.1038
	-8.09572 22.1406
	-7.83544 22.1668
	-7.57443 22.1827
	-7.31229 22.188
	-7.05026 22.1827
	-6.78926 22.1668
	-6.52898 22.1406
	-6.26963 22.1038
	-6.01223 22.0566
	-5.75693 21.9992
	-5.50368 21.9313
	-5.25367 21.8533
	-5.00757 21.7656
	-4.76447 21.6679
	-4.52551 21.5602
	-4.29164 21.4434
	-4.06221 21.3171
	-3.83813 21.1816
	-3.61985 21.0374
	-3.40728 20.8843
	-3.20115 20.7228
	-3.00185 20.5532
	-2.80947 20.3758
	-2.62421 20.1905
	-2.44678 19.9981
	-2.27723 19.7989
	-2.11571 19.5927
	-1.96259 19.3801
	-1.81837 19.1619
	-1.68286 18.9378
	-1.55656 18.7084
	-1.43976 18.4745
	-1.33212 18.2355
	-1.23439 17.9924
	-1.14669 17.7463
	-1.06868 17.4963
	-1.00085 17.2431
	-0.943392 16.9878
	-0.896225 16.7304
	-0.859416 16.471
	-0.833168 16.2107
	-0.817326 15.9497
	-0.811989 15.6877
	-0.817326 15.4256
	-0.833168 15.1646
	-0.859416 14.9043
	-0.896225 14.6449
	-0.943392 14.3875
	-1.00085 14.1322
	-1.06868 13.879
	-1.14669 13.629
	-1.23439 13.3829
	-1.33212 13.1398
	-1.43976 12.9008
	-1.55664 12.6668
	-1.68286 12.4376
	-1.81827 12.2136
	-1.96271 11.995
	-2.11571 11.7827
	-2.27708 11.5766
	-2.44678 11.3771
	-2.62439 11.1846
	-2.80947 10.9996
	-3.00164 10.8223
	-3.20115 10.6525
	-3.40728 10.491
	-3.61985 10.3379
	-3.83812 10.1937
	-4.0622 10.0582
	-4.29164 9.93186
	-4.52581 9.81491
	-4.76447 9.70754
	-5.00724 9.60981
	-5.254 9.52187
	-5.50403 9.44399
	-5.75657 9.37634
	-6.01187 9.31876
	-6.26963 9.27153
	-6.52898 9.23472
	-6.78926 9.20847
	-7.05064 9.1926
	-7.31229 9.1874

	-13.1681 5.38962
	-12.9414 5.58247
	-12.6594 5.80332
	-12.3688 6.0128
	-12.0692 6.21074
	-11.7625 6.39609
	-11.4488 6.56889
	-11.1286 6.72879
	-10.8011 6.87632
	-10.4679 7.01027
	-10.1316 7.13012
	-9.9471 7.18768
	-10.1307 7.24487
	-10.4688 7.36534
	-10.8011 7.49912
	-11.1278 7.64612
	-11.4488 7.80642
	-11.7625 7.97921
	-12.0692 8.16455
	-12.3688 8.3625
	-12.6594 8.57198
	-12.9414 8.79283
	-13.1681 8.98568
	-13.1681 5.38962

	-13.1681 -11.6104
	-12.9414 -11.4175
	-12.6594 -11.1967
	-12.3688 -10.9872
	-12.0692 -10.7893
	-11.7625 -10.6039
	-11.4488 -10.4311
	-11.1286 -10.2712
	-10.8011 -10.1237
	-10.4679 -9.98973
	-10.1316 -9.86988
	-9.9471 -9.81232
	-10.1307 -9.75513
	-10.4687 -9.63467
	-10.8011 -9.50088
	-11.1278 -9.35388
	-11.4488 -9.19359
	-11.7625 -9.02079
	-12.0692 -8.83545
	-12.3688 -8.6375
	-12.6594 -8.42802
	-12.9414 -8.20717
	-13.1681 -8.01432
	-13.1681 -11.6104

	-1.4695 -8.0253
	-1.68283 -8.20678
	-1.96518 -8.42803
	-2.25642 -8.63781
	-2.55512 -8.83517
	-2.86206 -9.02079
	-3.17635 -9.19379
	-3.49688 -9.35388
	-3.82362 -9.50088
	-4.15595 -9.63467
	-4.494 -9.75513
	-4.6776 -9.81232
	-4.49313 -9.86988
	-4.1568 -9.98973
	-3.82361 -10.1237
	-3.49608 -10.2712
	-3.17635 -10.4309
	-2.86206 -10.6039
	-2.55511 -10.7895
	-2.25642 -10.9869
	-1.96518 -11.1967
	-1.68282 -11.4179
	-1.4695 -11.5994
	-1.4695 -8.0253

	-1.4695 8.9747
	-1.68283 8.79322
	-1.96517 8.57198
	-2.25642 8.36218
	-2.55512 8.16483
	-2.86205 7.97921
	-3.17634 7.80621
	-3.49688 7.64612
	-3.82362 7.49912
	-4.15595 7.36533
	-4.49401 7.24487
	-4.6776 7.18768
	-4.49313 7.13012
	-4.1568 7.01027
	-3.82362 6.87632
	-3.49608 6.72879
	-3.17635 6.56909
	-2.86206 6.39609
	-2.55512 6.21047
	-2.25642 6.01311
	-1.96518 5.80333
	-1.68283 5.58208
	-1.4695 5.4006
	-1.4695 8.9747

-3
	-15.5681 23.9248
	-15.5681 -26.5681
	0.9305 -26.5681
	0.9305 23.9248
	-15.5681 23.9248

	-7.31229 -7.8126
	-7.57406 -7.8074
	-7.83544 -7.79153
	-8.09572 -7.76528
	-8.35507 -7.72848
	-8.61283 -7.68124
	-8.86812 -7.62366
	-9.12067 -7.55601
	-9.3707 -7.47813
	-9.61746 -7.39019
	-9.86023 -7.29246
	-10.0989 -7.18509
	-10.3332 -7.06806
	-10.5624 -6.94184
	-10.7864 -6.80643
	-11.005 -6.66199
	-11.2173 -6.50899
	-11.4234 -6.34762
	-11.6231 -6.17774
	-11.8154 -6.00019
	-12.0002 -5.81543
	-12.1777 -5.62306
	-12.3476 -5.42338
	-12.509 -5.2173
	-12.662 -5.00503
	-12.8064 -4.78642
	-12.9418 -4.56238
	-13.0681 -4.33322
	-13.1851 -4.09889
	-13.2925 -3.86023
	-13.3902 -3.61746
	-13.4781 -3.3707
	-13.556 -3.12067
	-13.6237 -2.86813
	-13.6812 -2.61283
	-13.7285 -2.35507
	-13.7653 -2.09572
	-13.7915 -1.83544
	-13.8074 -1.57406
	-13.8126 -1.31229
	-13.8074 -1.05064
	-13.7915 -0.789258
	-13.7653 -0.528983
	-13.7285 -0.269634
	-13.6812 -0.0118729
	-13.6237 0.243426
	-13.556 0.495974
	-13.4781 0.745998
	-13.3902 0.992758
	-13.2925 1.23553
	-13.1851 1.47419
	-13.0681 1.70836
	-12.9418 1.9378
	-12.8063 2.16188
	-12.6621 2.38015
	-12.509 2.59272
	-12.3475 2.79885
	-12.1777 2.99836
	-12.0004 3.19053
	-11.8154 3.37561
	-11.6229 3.55322
	-11.4234 3.72292
	-11.2173 3.88429
	-11.005 4.03729
	-10.7864 4.18173
	-10.5624 4.31714
	-10.3332 4.44336
	-10.0992 4.56024
	-9.86023 4.66788
	-9.61713 4.76561
	-9.37103 4.85331
	-9.12102 4.93132
	-8.86777 4.99915
	-8.61247 5.05661
	-8.35507 5.10378
	-8.09572 5.14058
	-7.83544 5.16683
	-7.57443 5.18267
	-7.31229 5.18801
	-7.05026 5.18267
	-6.78926 5.16683
	-6.52898 5.14058
	-6.26963 5.10378
	-6.01223 5.05661
	-5.75693 4.99915
	-5.50368 4.93132
	-5.25367 4.85331
	-5.00757 4.76561
	-4.76447 4.66788
	-4.52551 4.56024
	-4.29164 4.44344
	-4.06221 4.31714
	-3.83812 4.18163
	-3.61985 4.03741
	-3.40728 3.88429
	-3.20115 3.72277
	-3.00185 3.55322
	-2.80947 3.37579
	-2.62421 3.19053
	-2.44678 2.99815
	-2.27723 2.79885
	-2.11571 2.59272
	-1.96259 2.38015
	-1.81837 2.16188
	-1.68286 1.93779
	-1.55656 1.70836
	-1.43976 1.47449
	-1.33212 1.23553
	-1.23439 0.992432
	-1.14669 0.746334
	-1.06868 0.496319
	-1.00085 0.243074
	-0.943392 -0.0122293
	-0.896225 -0.269634
	-0.859416 -0.528983
	-0.833168 -0.789259
	-0.817326 -1.05026
	-0.811989 -1.31229
	-0.817326 -1.57443
	-0.833168 -1.83544
	-0.859417 -2.09572
	-0.896225 -2.35507
	-0.943392 -2.61247
	-1.00085 -2.86777
	-1.06868 -3.12102
	-1.14669 -3.37103
	-1.23439 -3.61713
	-1.33212 -3.86023
	-1.43976 -4.09919
	-1.55664 -4.33322
	-1.68286 -4.56238
	-1.81827 -4.78642
	-1.96271 -5.00503
	-2.11571 -5.2173
	-2.27708 -5.42338
	-2.44678 -5.62285
	-2.62439 -5.81543
	-2.80947 -6.00037
	-3.00164 -6.17774
	-3.20115 -6.34747
	-3.40728 -6.50899
	-3.61985 -6.66211
	-3.83812 -6.80633
	-4.06221 -6.94184
	-4.29164 -7.06814
	-4.52581 -7.18509
	-4.76447 -7.29246
	-5.00724 -7.3902
	-5.254 -7.47813
	-5.50402 -7.55601
	-5.75658 -7.62366
	-6.01187 -7.68124
	-6.26963 -7.72848
	-6.52898 -7.76528
	-6.78926 -7.79153
	-7.05064 -7.8074
	-7.31229 -7.8126

	-7.31229 -24.8126
	-7.57405 -24.8074
	-7.83544 -24.7915
	-8.09572 -24.7653
	-8.35507 -24.7285
	-8.61283 -24.6812
	-8.86812 -24.6237
	-9.12067 -24.556
	-9.3707 -24.4781
	-9.61746 -24.3902
	-9.86023 -24.2925
	-10.0989 -24.1851
	-10.3332 -24.0681
	-10.5624 -23.9418
	-10.7864 -23.8064
	-11.005 -23.662
	-11.2173 -23.509
	-11.4234 -23.3476
	-11.6231 -23.1777
	-11.8154 -23.0002
	-12.0002 -22.8154
	-12.1777 -22.6231
	-12.3476 -22.4234
	-12.509 -22.2173
	-12.662 -22.005
	-12.8064 -21.7864
	-12.9418 -21.5624
	-13.0681 -21.3332
	-13.1851 -21.0989
	-13.2925 -20.8602
	-13.3902 -20.6175
	-13.4781 -20.3707
	-13.556 -20.1207
	-13.6237 -19.8681
	-13.6812 -19.6128
	-13.7285 -19.3551
	-13.7653 -19.0957
	-13.7915 -18.8354
	-13.8074 -18.5741
	-13.8126 -18.3123
	-13.8074 -18.0506
	-13.7915 -17.7893
	-13.7653 -17.529
	-13.7285 -17.2696
	-13.6812 -17.0119
	-13.6237 -16.7566
	-13.556 -16.504
	-13.4781 -16.254
	-13.3902 -16.0072
	-13.2925 -15.7645
	-13.1851 -15.5258
	-13.0681 -15.2916
	-12.9418 -15.0622
	-12.8063 -14.8381
	-12.6621 -14.6199
	-12.509 -14.4073
	-12.3475 -14.2011
	-12.1777 -14.0016
	-12.0004 -13.8095
	-11.8154 -13.6244
	-11.6229 -13.4468
	-11.4234 -13.2771
	-11.2173 -13.1157
	-11.005 -12.9627
	-10.7864 -12.8183
	-10.5624 -12.6829
	-10.3332 -12.5566
	-10.0992 -12.4398
	-9.86023 -12.3321
	-9.61713 -12.2344
	-9.37103 -12.1467
	-9.12102 -12.0687
	-8.86777 -12.0008
	-8.61247 -11.9434
	-8.35507 -11.8962
	-8.09572 -11.8594
	-7.83544 -11.8332
	-7.57443 -11.8173
	-7.31229 -11.812
	-7.05026 -11.8173
	-6.78926 -11.8332
	-6.52898 -11.8594
	-6.26963 -11.8962
	-6.01223 -11.9434
	-5.75693 -12.0008
	-5.50368 -12.0687
	-5.25367 -12.1467
	-5.00757 -12.2344
	-4.76447 -12.3321
	-4.52551 -12.4398
	-4.29164 -12.5566
	-4.06221 -12.6829
	-3.83812 -12.8184
	-3.61985 -12.9626
	-3.40728 -13.1157
	-3.20115 -13.2772
	-3.00185 -13.4468
	-2.80947 -13.6242
	-2.62421 -13.8095
	-2.44678 -14.0018
	-2.27723 -14.2011
	-2.1157 -14.4073
	-1.96259 -14.6199
	-1.81837 -14.8381
	-1.68286 -15.0622
	-1.55656 -15.2916
	-1.43976 -15.5255
	-1.33212 -15.7645
	-1.23439 -16.0076
	-1.14669 -16.2537
	-1.06868 -16.5037
	-1.00085 -16.7569
	-0.943392 -17.0122
	-0.896225 -17.2696
	-0.859416 -17.529
	-0.833168 -17.7893
	-0.817326 -18.0503
	-0.811989 -18.3123
	-0.817326 -18.5744
	-0.833168 -18.8354
	-0.859416 -19.0957
	-0.896225 -19.3551
	-0.943392 -19.6125
	-1.00085 -19.8678
	-1.06868 -20.121
	-1.14669 -20.371
	-1.23439 -20.6171
	-1.33212 -20.8602
	-1.43976 -21.0992
	-1.55664 -21.3332
	-1.68286 -21.5624
	-1.81827 -21.7864
	-1.96271 -22.005
	-2.11571 -22.2173
	-2.27708 -22.4234
	-2.44678 -22.6229
	-2.62439 -22.8154
	-2.80947 -23.0004
	-3.00164 -23.1777
	-3.20115 -23.3475
	-3.40728 -23.509
	-3.61986 -23.6621
	-3.83812 -23.8063
	-4.06221 -23.9418
	-4.29164 -24.0681
	-4.52581 -24.1851
	-4.76447 -24.2925
	-5.00724 -24.3902
	-5.254 -24.4781
	-5.50403 -24.556
	-5.75658 -24.6237
	-6.01187 -24.6812
	-6.26963 -24.7285
	-6.52898 -24.7653
	-6.78926 -24.7915
	-7.05064 -24.8074
	-7.31229 -24.8126

	-7.31229 9.1874
	-7.57406 9.1926
	-7.83544 9.20847
	-8.09572 9.23472
	-8.35507 9.27153
	-8.61283 9.31876
	-8.86813 9.37634
	-9.12067 9.44399
	-9.3707 9.52187
	-9.61746 9.60981
	-9.86023 9.70754
	-10.0989 9.81491
	-10.3332 9.93194
	-10.5624 10.0582
	-10.7864 10.1936
	-11.005 10.338
	-11.2173 10.491
	-11.4234 10.6524
	-11.6231 10.8223
	-11.8154 10.9998
	-12.0002 11.1846
	-12.1777 11.3769
	-12.3476 11.5766
	-12.509 11.7827
	-12.662 11.995
	-12.8064 12.2136
	-12.9418 12.4376
	-13.0681 12.6668
	-13.1851 12.9011
	-13.2925 13.1398
	-13.3902 13.3825
	-13.4781 13.6293
	-13.556 13.8793
	-13.6237 14.1319
	-13.6812 14.3872
	-13.7285 14.6449
	-13.7653 14.9043
	-13.7915 15.1646
	-13.8074 15.4259
	-13.8126 15.6877
	-13.8074 15.9494
	-13.7915 16.2107
	-13.7653 16.471
	-13.7285 16.7304
	-13.6812 16.9881
	-13.6237 17.2434
	-13.556 17.496
	-13.4781 17.746
	-13.3902 17.9928
	-13.2925 18.2355
	-13.1851 18.4742
	-13.0681 18.7084
	-12.9418 18.9378
	-12.8063 19.1619
	-12.6621 19.3801
	-12.509 19.5927
	-12.3475 19.7989
	-12.1777 19.9984
	-12.0004 20.1905
	-11.8154 20.3756
	-11.6229 20.5532
	-11.4234 20.7229
	-11.2173 20.8843
	-11.005 21.0373
	-10.7864 21.1817
	-10.5624 21.3171
	-10.3332 21.4434
	-10.0992 21.5602
	-9.86023 21.6679
	-9.61713 21.7656
	-9.37103 21.8533
	-9.12102 21.9313
	-8.86777 21.9992
	-8.61247 22.0566
	-8.35507 22.1038
	-8.09572 22.1406
	-7.83544 22.1668
	-7.57443 22.1827
	-7.31229 22.188
	-7.05026 22.1827
	-6.78926 22.1668
	-6.52898 22.1406
	-6.26963 22.1038
	-6.01223 22.0566
	-5.75693 21.9992
	-5.50368 21.9313
	-5.25367 21.8533
	-5.00757 21.7656
	-4.76447 21.6679
	-4.52551 21.5602
	-4.29164 21.4434
	-4.06221 21.3171
	-3.83813 21.1816
	-3.61985 21.0374
	-3.40728 20.8843
	-3.20115 20.7228
	-3.00185 20.5532
	-2.80947 20.3758
	-2.62421 20.1905
	-2.44678 19.9981
	-2.27723 19.7989
	-2.11571 19.5927
	-1.96259 19.3801
	-1.81837 19.1619
	-1.68286 18.9378
	-1.55656 18.7084
	-1.43976 18.4745
	-1.33212 18.2355
	-1.23439 17.9924
	-1.14669 17.7463
	-1.06868 17.4963
	-1.00085 17.2431
	-0.943392 16.9878
	-0.896225 16.7304
	-0.859416 16.471
	-0.833168 16.2107
	-0.817326 15.9497
	-0.811989 15.6877
	-0.817326 15.4256
	-0.833168 15.1646
	-0.859416 14.9043
	-0.896225 14.6449
	-0.943392 14.3875
	-1.00085 14.1322
	-1.06868 13.879
	-1.14669 13.629
	-1.23439 13.3829
	-1.33212 13.1398
	-1.43976 12.9008
	-1.55664 12.6668
	-1.68286 12.4376
	-1.81827 12.2136
	-1.96271 11.995
	-2.11571 11.7827
	-2.27708 11.5766
	-2.44678 11.3771
	-2.62439 11.1846
	-2.80947 10.9996
	-3.00164 10.8223
	-3.20115 10.6525
	-3.40728 10.491
	-3.61985 10.3379
	-3.83812 10.1937
	-4.0622 10.0582
	-4.29164 9.93186
	-4.52581 9.81491
	-4.76447 9.70754
	-5.00724 9.60981
	-5.254 9.52187
	-5.50403 9.44399
	-5.75657 9.37634
	-6.01187 9.31876
	-6.26963 9.27153
	-6.52898 9.23472
	-6.78926 9.20847
	-7.05064 9.1926
	-7.31229 9.1874

	-13.1681 5.38962
	-12.9414 5.58247
	-12.6594 5.80332
	-12.3688 6.0128
	-12.0692 6.21074
	-11.7625 6.39609
	-11.4488 6.56889
	-11.1286 6.72879
	-10.8011 6.87632
	-10.4679 7.01027
	-10.1316 7.13012
	-9.9471 7.18768
	-10.1307 7.24487
	-10.4688 7.36534
	-10.8011 7.49912
	-11.1278 7.64612
	-11.4488 7.80642
	-11.7625 7.97921
	-12.0692 8.16455
	-12.3688 8.3625
	-12.6594 8.57198
	-12.9414 8.79283
	-13.1681 8.98568
	-13.1681 5.38962

	-13.1681 -11.6104
	-12.9414 -11.4175
	-12.6594 -11.1967
	-12.3688 -10.9872
	-12.0692 -10.7893
	-11.7625 -10.6039
	-11.4488 -10.4311
	-11.1286 -10.2712
	-10.8011 -10.1237
	-10.4679 -9.98973
	-10.1316 -9.86988
	-9.9471 -9.81232
	-10.1307 -9.75513
	-10.4687 -9.63467
	-10.8011 -9.50088
	-11.1278 -9.35388
	-11.4488 -9.19359
	-11.7625 -9.02079
	-12.0692 -8.83545
	-12.3688 -8.6375
	-12.6594 -8.42802
	-12.9414 -8.20717
	-13.1681 -8.01432
	-13.1681 -11.6104

	-1.4695 -8.0253
	-1.68283 -8.20678
	-1.96518 -8.42803
	-2.25642 -8.63781
	-2.55512 -8.83517
	-2.86206 -9.02079
	-3.17635 -9.19379
	-3.49688 -9.35388
	-3.82362 -9.50088
	-4.15595 -9.63467
	-4.494 -9.75513
	-4.6776 -9.81232
	-4.49313 -9.86988
	-4.1568 -9.98973
	-3.82361 -10.1237
	-3.49608 -10.2712
	-3.17635 -10.4309
	-2.86206 -10.6039
	-2.55511 -10.7895
	-2.25642 -10.9869
	-1.96518 -11.1967
	-1.68282 -11.4179
	-1.4695 -11.5994
	-1.4695 -8.0253

	-1.4695 8.9747
	-1.68283 8.79322
	-1.96517 8.57198
	-2.25642 8.36218
	-2.55512 8.16483
	-2.86205 7.97921
	-3.17634 7.80621
	-3.49688 7.64612
	-3.82362 7.49912
	-4.15595 7.36533
	-4.49401 7.24487
	-4.6776 7.18768
	-4.49313 7.13012
	-4.1568 7.01027
	-3.82362 6.87632
	-3.49608 6.72879
	-3.17635 6.56909
	-2.86206 6.39609
	-2.55512 6.21047
	-2.25642 6.01311
	-1.96518 5.80333
	-1.68283 5.58208
	-1.4695 5.4006
	-1.4695 8.9747

