-9.5
	-12.27 6.957
	-12.27 6.756
	-12.27 6.556
	-12.27 6.355
	-12.27 6.154
	-12.27 5.954
	-12.27 5.753
	-12.27 5.552
	-12.27 5.352
	-12.27 5.151
	-12.27 4.95
	-12.27 4.75
	-12.27 4.549
	-12.27 4.348
	-12.27 4.148
	-12.27 3.947
	-12.27 3.747
	-12.27 3.546
	-12.27 3.345
	-12.27 3.145
	-12.27 2.944
	-12.27 2.743
	-12.27 2.543
	-12.27 2.342
	-12.27 2.141
	-12.27 1.941
	-12.27 1.74
	-12.27 1.539
	-12.27 1.339
	-12.27 1.138
	-12.27 0.937
	-12.27 0.737
	-12.27 0.536
	-12.27 0.336
	-12.27 0.135
	-12.27 -0.066
	-12.27 -0.266
	-12.27 -0.467
	-12.27 -0.668
	-12.27 -0.868
	-12.27 -1.069
	-12.27 -1.27
	-12.27 -1.47
	-12.27 -1.671
	-12.27 -1.872
	-12.27 -2.072
	-12.27 -2.273
	-12.27 -2.474
	-12.27 -2.674
	-12.27 -2.875
	-12.27 -3.075
	-12.27 -3.276
	-12.27 -3.477
	-12.27 -3.677
	-12.27 -3.878
	-12.27 -4.079
	-12.27 -4.279
	-12.27 -4.48
	-12.27 -4.681
	-12.27 -4.881
	-12.27 -5.082
	-12.27 -5.283
	-12.27 -5.483
	-12.27 -5.684
	-12.27 -5.884
	-12.27 -6.085
	-12.27 -6.286
	-12.27 -6.301
	-12.075 -6.301
	-11.874 -6.301
	-11.674 -6.301
	-11.473 -6.301
	-11.272 -6.301
	-11.072 -6.301
	-10.871 -6.301
	-10.67 -6.301
	-10.47 -6.301
	-10.269 -6.301
	-10.068 -6.301
	-9.868 -6.301
	-9.667 -6.301
	-9.466 -6.301
	-9.266 -6.301
	-9.065 -6.301
	-8.865 -6.301
	-8.664 -6.301
	-8.463 -6.301
	-8.263 -6.301
	-8.062 -6.301
	-7.861 -6.301
	-7.661 -6.301
	-7.46 -6.301
	-7.259 -6.301
	-7.059 -6.301
	-6.858 -6.301
	-6.657 -6.301
	-6.457 -6.301
	-6.256 -6.301
	-6.056 -6.301
	-5.855 -6.301
	-5.654 -6.301
	-5.454 -6.301
	-5.253 -6.301
	-5.052 -6.301
	-4.852 -6.301
	-4.651 -6.301
	-4.45 -6.301
	-4.25 -6.301
	-4.049 -6.301
	-3.848 -6.301
	-3.648 -6.301
	-3.447 -6.301
	-3.246 -6.301
	-3.046 -6.301
	-2.845 -6.301
	-2.645 -6.301
	-2.444 -6.301
	-2.243 -6.301
	-2.043 -6.301
	-1.842 -6.301
	-1.641 -6.301
	-1.441 -6.301
	-1.24 -6.301
	-1.039 -6.301
	-0.839 -6.301
	-0.638 -6.301
	-0.437 -6.301
	-0.237 -6.301
	-0.036 -6.301
	0.164 -6.301
	0.365 -6.301
	0.566 -6.301
	0.766 -6.301
	0.967 -6.301
	1.072 -6.301
	1.072 -6.196
	1.072 -5.995
	1.072 -5.794
	1.072 -5.594
	1.072 -5.393
	1.072 -5.192
	1.072 -4.992
	1.072 -4.791
	1.072 -4.591
	1.072 -4.39
	1.072 -4.189
	1.072 -3.989
	1.072 -3.788
	1.072 -3.587
	1.072 -3.387
	1.072 -3.186
	1.072 -2.985
	1.072 -2.785
	1.072 -2.584
	1.072 -2.383
	1.072 -2.183
	1.072 -1.982
	1.072 -1.781
	1.072 -1.581
	1.072 -1.38
	1.072 -1.18
	1.072 -0.979
	1.072 -0.778
	1.072 -0.578
	1.072 -0.377
	1.072 -0.176
	1.072 0.024
	1.072 0.225
	1.072 0.426
	1.072 0.626
	1.072 0.827
	1.072 1.028
	1.072 1.228
	1.072 1.429
	1.072 1.629
	1.072 1.83
	1.072 2.031
	1.072 2.231
	1.072 2.432
	1.072 2.633
	1.072 2.833
	1.072 3.034
	1.072 3.235
	1.072 3.435
	1.072 3.636
	1.072 3.837
	1.072 4.037
	1.072 4.238
	1.072 4.439
	1.072 4.639
	1.072 4.84
	1.072 5.04
	1.072 5.241
	1.072 5.442
	1.072 5.642
	1.072 5.843
	1.072 6.044
	1.072 6.244
	1.072 6.445
	1.072 6.646
	1.072 6.846
	1.072 7.047
	1.072 7.062
	0.877 7.062
	0.676 7.062
	0.476 7.062
	0.275 7.062
	0.074 7.062
	-0.126 7.062
	-0.327 7.062
	-0.528 7.062
	-0.728 7.062
	-0.929 7.062
	-1.129 7.062
	-1.33 7.062
	-1.531 7.062
	-1.731 7.062
	-1.932 7.062
	-2.133 7.062
	-2.333 7.062
	-2.534 7.062
	-2.735 7.062
	-2.935 7.062
	-3.136 7.062
	-3.337 7.062
	-3.537 7.062
	-3.738 7.062
	-3.939 7.062
	-4.139 7.062
	-4.34 7.062
	-4.54 7.062
	-4.741 7.062
	-4.942 7.062
	-5.142 7.062
	-5.343 7.062
	-5.544 7.062
	-5.744 7.062
	-5.945 7.062
	-6.146 7.062
	-6.346 7.062
	-6.547 7.062
	-6.748 7.062
	-6.948 7.062
	-7.149 7.062
	-7.349 7.062
	-7.55 7.062
	-7.751 7.062
	-7.951 7.062
	-8.152 7.062
	-8.353 7.062
	-8.553 7.062
	-8.754 7.062
	-8.955 7.062
	-9.155 7.062
	-9.356 7.062
	-9.557 7.062
	-9.757 7.062
	-9.958 7.062
	-10.159 7.062
	-10.359 7.062
	-10.56 7.062
	-10.76 7.062
	-10.961 7.062
	-11.162 7.062
	-11.362 7.062
	-11.563 7.062
	-11.764 7.062
	-11.964 7.062
	-12.165 7.062
	-12.27 7.062
	-12.27 6.957

	-2.73501 0.381266
	-2.76627 -0.0480758
	-2.86222 -0.467312
	-3.01876 -0.870143
	-3.23535 -1.24445
	-3.50412 -1.58198
	-3.82168 -1.8764
	-4.17733 -2.11766
	-4.56337 -2.30446
	-4.97906 -2.43317
	-5.4063 -2.496
	-5.8327 -2.496
	-6.25994 -2.43317
	-6.67563 -2.30446
	-7.06352 -2.11676
	-7.41578 -1.8764
	-7.73544 -1.58198
	-8.00212 -1.24446
	-8.21909 -0.873096
	-8.37678 -0.467314
	-8.47273 -0.0480741
	-8.50399 0.381266
	-8.47273 0.808524
	-8.37678 1.22985
	-8.21843 1.63524
	-8.00212 2.00546
	-7.73544 2.34298
	-7.41578 2.6374
	-7.06352 2.87776
	-6.67563 3.06546
	-6.26339 3.1931
	-5.83632 3.258
	-5.40268 3.258
	-4.97561 3.1931
	-4.56337 3.06546
	-4.17733 2.87866
	-3.82168 2.6374
	-3.50412 2.34298
	-3.23535 2.00545
	-3.01942 1.63229
	-2.86222 1.22985
	-2.76627 0.808526
	-2.73501 0.381266

	-9.87 4.549
	-9.87 4.348
	-9.87 4.148
	-9.87 3.947
	-9.87 3.747
	-9.87 3.546
	-9.87 3.51265
	-9.50093 3.97975
	-8.91303 4.52124
	-8.70674 4.662
	-8.754 4.662
	-8.955 4.662
	-9.155 4.662
	-9.356 4.662
	-9.557 4.662
	-9.757 4.662
	-9.87 4.662
	-9.87 4.549

	-9.87 -2.875
	-9.87 -3.075
	-9.87 -3.276
	-9.87 -3.477
	-9.87 -3.677
	-9.87 -3.878
	-9.87 -3.901
	-9.868 -3.901
	-9.667 -3.901
	-9.466 -3.901
	-9.266 -3.901
	-9.065 -3.901
	-8.865 -3.901
	-8.70674 -3.901
	-8.91303 -3.76024
	-9.50093 -3.21875
	-9.87 -2.75165
	-9.87 -2.875

	-2.444 -3.901
	-2.243 -3.901
	-2.043 -3.901
	-1.842 -3.901
	-1.641 -3.901
	-1.441 -3.901
	-1.328 -3.901
	-1.328 -3.788
	-1.328 -3.587
	-1.328 -3.387
	-1.328 -3.186
	-1.328 -2.985
	-1.328 -2.785
	-1.328 -2.70195
	-1.73951 -3.21874
	-2.32356 -3.76024
	-2.53106 -3.901
	-2.444 -3.901

	-1.328 3.636
	-1.328 3.837
	-1.328 4.037
	-1.328 4.238
	-1.328 4.439
	-1.328 4.639
	-1.328 4.662
	-1.33 4.662
	-1.531 4.662
	-1.731 4.662
	-1.932 4.662
	-2.133 4.662
	-2.333 4.662
	-2.53106 4.662
	-2.32356 4.52124
	-1.73951 3.97974
	-1.328 3.46295
	-1.328 3.636

-9
	-12.27 6.957
	-12.27 6.756
	-12.27 6.556
	-12.27 6.355
	-12.27 6.154
	-12.27 5.954
	-12.27 5.753
	-12.27 5.552
	-12.27 5.352
	-12.27 5.151
	-12.27 4.95
	-12.27 4.75
	-12.27 4.549
	-12.27 4.348
	-12.27 4.148
	-12.27 3.947
	-12.27 3.747
	-12.27 3.546
	-12.27 3.345
	-12.27 3.145
	-12.27 2.944
	-12.27 2.743
	-12.27 2.543
	-12.27 2.342
	-12.27 2.141
	-12.27 1.941
	-12.27 1.74
	-12.27 1.539
	-12.27 1.339
	-12.27 1.138
	-12.27 0.937
	-12.27 0.737
	-12.27 0.536
	-12.27 0.336
	-12.27 0.135
	-12.27 -0.066
	-12.27 -0.266
	-12.27 -0.467
	-12.27 -0.668
	-12.27 -0.868
	-12.27 -1.069
	-12.27 -1.27
	-12.27 -1.47
	-12.27 -1.671
	-12.27 -1.872
	-12.27 -2.072
	-12.27 -2.273
	-12.27 -2.474
	-12.27 -2.674
	-12.27 -2.875
	-12.27 -3.075
	-12.27 -3.276
	-12.27 -3.477
	-12.27 -3.677
	-12.27 -3.878
	-12.27 -4.079
	-12.27 -4.279
	-12.27 -4.48
	-12.27 -4.681
	-12.27 -4.881
	-12.27 -5.082
	-12.27 -5.283
	-12.27 -5.483
	-12.27 -5.684
	-12.27 -5.884
	-12.27 -6.085
	-12.27 -6.286
	-12.27 -6.301
	-12.075 -6.301
	-11.874 -6.301
	-11.674 -6.301
	-11.473 -6.301
	-11.272 -6.301
	-11.072 -6.301
	-10.871 -6.301
	-10.67 -6.301
	-10.47 -6.301
	-10.269 -6.301
	-10.068 -6.301
	-9.868 -6.301
	-9.667 -6.301
	-9.466 -6.301
	-9.266 -6.301
	-9.065 -6.301
	-8.865 -6.301
	-8.664 -6.301
	-8.463 -6.301
	-8.263 -6.301
	-8.062 -6.301
	-7.861 -6.301
	-7.661 -6.301
	-7.46 -6.301
	-7.259 -6.301
	-7.059 -6.301
	-6.858 -6.301
	-6.657 -6.301
	-6.457 -6.301
	-6.256 -6.301
	-6.056 -6.301
	-5.855 -6.301
	-5.654 -6.301
	-5.454 -6.301
	-5.253 -6.301
	-5.052 -6.301
	-4.852 -6.301
	-4.651 -6.301
	-4.45 -6.301
	-4.25 -6.301
	-4.049 -6.301
	-3.848 -6.301
	-3.648 -6.301
	-3.447 -6.301
	-3.246 -6.301
	-3.046 -6.301
	-2.845 -6.301
	-2.645 -6.301
	-2.444 -6.301
	-2.243 -6.301
	-2.043 -6.301
	-1.842 -6.301
	-1.641 -6.301
	-1.441 -6.301
	-1.24 -6.301
	-1.039 -6.301
	-0.839 -6.301
	-0.638 -6.301
	-0.437 -6.301
	-0.237 -6.301
	-0.036 -6.301
	0.164 -6.301
	0.365 -6.301
	0.566 -6.301
	0.766 -6.301
	0.967 -6.301
	1.072 -6.301
	1.072 -6.196
	1.072 -5.995
	1.072 -5.794
	1.072 -5.594
	1.072 -5.393
	1.072 -5.192
	1.072 -4.992
	1.072 -4.791
	1.072 -4.591
	1.072 -4.39
	1.072 -4.189
	1.072 -3.989
	1.072 -3.788
	1.072 -3.587
	1.072 -3.387
	1.072 -3.186
	1.072 -2.985
	1.072 -2.785
	1.072 -2.584
	1.072 -2.383
	1.072 -2.183
	1.072 -1.982
	1.072 -1.781
	1.072 -1.581
	1.072 -1.38
	1.072 -1.18
	1.072 -0.979
	1.072 -0.778
	1.072 -0.578
	1.072 -0.377
	1.072 -0.176
	1.072 0.024
	1.072 0.225
	1.072 0.426
	1.072 0.626
	1.072 0.827
	1.072 1.028
	1.072 1.228
	1.072 1.429
	1.072 1.629
	1.072 1.83
	1.072 2.031
	1.072 2.231
	1.072 2.432
	1.072 2.633
	1.072 2.833
	1.072 3.034
	1.072 3.235
	1.072 3.435
	1.072 3.636
	1.072 3.837
	1.072 4.037
	1.072 4.238
	1.072 4.439
	1.072 4.639
	1.072 4.84
	1.072 5.04
	1.072 5.241
	1.072 5.442
	1.072 5.642
	1.072 5.843
	1.072 6.044
	1.072 6.244
	1.072 6.445
	1.072 6.646
	1.072 6.846
	1.072 7.047
	1.072 7.062
	0.877 7.062
	0.676 7.062
	0.476 7.062
	0.275 7.062
	0.074 7.062
	-0.126 7.062
	-0.327 7.062
	-0.528 7.062
	-0.728 7.062
	-0.929 7.062
	-1.129 7.062
	-1.33 7.062
	-1.531 7.062
	-1.731 7.062
	-1.932 7.062
	-2.133 7.062
	-2.333 7.062
	-2.534 7.062
	-2.735 7.062
	-2.935 7.062
	-3.136 7.062
	-3.337 7.062
	-3.537 7.062
	-3.738 7.062
	-3.939 7.062
	-4.139 7.062
	-4.34 7.062
	-4.54 7.062
	-4.741 7.062
	-4.942 7.062
	-5.142 7.062
	-5.343 7.062
	-5.544 7.062
	-5.744 7.062
	-5.945 7.062
	-6.146 7.062
	-6.346 7.062
	-6.547 7.062
	-6.748 7.062
	-6.948 7.062
	-7.149 7.062
	-7.349 7.062
	-7.55 7.062
	-7.751 7.062
	-7.951 7.062
	-8.152 7.062
	-8.353 7.062
	-8.553 7.062
	-8.754 7.062
	-8.955 7.062
	-9.155 7.062
	-9.356 7.062
	-9.557 7.062
	-9.757 7.062
	-9.958 7.062
	-10.159 7.062
	-10.359 7.062
	-10.56 7.062
	-10.76 7.062
	-10.961 7.062
	-11.162 7.062
	-11.362 7.062
	-11.563 7.062
	-11.764 7.062
	-11.964 7.062
	-12.165 7.062
	-12.27 7.062
	-12.27 6.957

	-2.80642 0.381286
	-2.84077 -0.0588455
	-2.94455 -0.491269
	-3.11434 -0.897467
	-3.34289 -1.27127
	-3.62817 -1.60589
	-3.9658 -1.8959
	-4.3433 -2.1254
	-4.74773 -2.29445
	-5.17988 -2.39817
	-5.61871 -2.43258
	-6.05884 -2.39823
	-6.49127 -2.29445
	-6.89747 -2.12466
	-7.27365 -1.89466
	-7.60771 -1.60771
	-7.89466 -1.27365
	-8.12466 -0.897467
	-8.29445 -0.49127
	-8.39823 -0.0588455
	-8.43258 0.381286
	-8.39817 0.820125
	-8.29445 1.25227
	-8.1254 1.6567
	-7.8959 2.0342
	-7.60589 2.37183
	-7.27127 2.65711
	-6.89747 2.88566
	-6.49127 3.05545
	-6.05884 3.15923
	-5.61871 3.19358
	-5.17988 3.15917
	-4.74773 3.05545
	-4.3433 2.8864
	-3.96819 2.65835
	-3.62999 2.37001
	-3.34165 2.03181
	-3.1136 1.6567
	-2.94455 1.25227
	-2.84083 0.820125
	-2.80642 0.381286

	-9.87 4.549
	-9.87 4.348
	-9.87 4.148
	-9.87 3.947
	-9.87 3.747
	-9.87 3.546
	-9.87 3.40705
	-9.84455 3.44891
	-9.30491 4.07715
	-8.68449 4.60609
	-8.59306 4.662
	-8.754 4.662
	-8.955 4.662
	-9.155 4.662
	-9.356 4.662
	-9.557 4.662
	-9.757 4.662
	-9.87 4.662
	-9.87 4.549

	-9.87 -2.674
	-9.87 -2.875
	-9.87 -3.075
	-9.87 -3.276
	-9.87 -3.477
	-9.87 -3.677
	-9.87 -3.878
	-9.87 -3.901
	-9.868 -3.901
	-9.667 -3.901
	-9.466 -3.901
	-9.266 -3.901
	-9.065 -3.901
	-8.865 -3.901
	-8.664 -3.901
	-8.59306 -3.901
	-8.69069 -3.84131
	-9.30964 -3.30964
	-9.84131 -2.69069
	-9.87 -2.64376
	-9.87 -2.674

	-2.444 -3.901
	-2.243 -3.901
	-2.043 -3.901
	-1.842 -3.901
	-1.641 -3.901
	-1.441 -3.901
	-1.328 -3.901
	-1.328 -3.788
	-1.328 -3.587
	-1.328 -3.387
	-1.328 -3.186
	-1.328 -2.985
	-1.328 -2.785
	-1.328 -2.584
	-1.328 -2.5767
	-1.39391 -2.68449
	-1.92285 -3.30491
	-2.55108 -3.84454
	-2.64394 -3.901
	-2.444 -3.901

	-1.328 3.435
	-1.328 3.636
	-1.328 3.837
	-1.328 4.037
	-1.328 4.238
	-1.328 4.439
	-1.328 4.639
	-1.328 4.662
	-1.33 4.662
	-1.531 4.662
	-1.731 4.662
	-1.932 4.662
	-2.133 4.662
	-2.333 4.662
	-2.534 4.662
	-2.64395 4.662
	-2.55729 4.60932
	-1.92756 4.07244
	-1.39068 3.44271
	-1.328 3.33961
	-1.328 3.435

-8.5
	-12.27 6.957
	-12.27 6.756
	-12.27 6.556
	-12.27 6.355
	-12.27 6.154
	-12.27 5.954
	-12.27 5.753
	-12.27 5.552
	-12.27 5.352
	-12.27 5.151
	-12.27 4.95
	-12.27 4.75
	-12.27 4.549
	-12.27 4.348
	-12.27 4.148
	-12.27 3.947
	-12.27 3.747
	-12.27 3.546
	-12.27 3.345
	-12.27 3.145
	-12.27 2.944
	-12.27 2.743
	-12.27 2.543
	-12.27 2.342
	-12.27 2.141
	-12.27 1.941
	-12.27 1.74
	-12.27 1.539
	-12.27 1.339
	-12.27 1.138
	-12.27 0.937
	-12.27 0.737
	-12.27 0.536
	-12.27 0.336
	-12.27 0.135
	-12.27 -0.066
	-12.27 -0.266
	-12.27 -0.467
	-12.27 -0.668
	-12.27 -0.868
	-12.27 -1.069
	-12.27 -1.27
	-12.27 -1.47
	-12.27 -1.671
	-12.27 -1.872
	-12.27 -2.072
	-12.27 -2.273
	-12.27 -2.474
	-12.27 -2.674
	-12.27 -2.875
	-12.27 -3.075
	-12.27 -3.276
	-12.27 -3.477
	-12.27 -3.677
	-12.27 -3.878
	-12.27 -4.079
	-12.27 -4.279
	-12.27 -4.48
	-12.27 -4.681
	-12.27 -4.881
	-12.27 -5.082
	-12.27 -5.283
	-12.27 -5.483
	-12.27 -5.684
	-12.27 -5.884
	-12.27 -6.085
	-12.27 -6.286
	-12.27 -6.301
	-12.075 -6.301
	-11.874 -6.301
	-11.674 -6.301
	-11.473 -6.301
	-11.272 -6.301
	-11.072 -6.301
	-10.871 -6.301
	-10.67 -6.301
	-10.47 -6.301
	-10.269 -6.301
	-10.068 -6.301
	-9.868 -6.301
	-9.667 -6.301
	-9.466 -6.301
	-9.266 -6.301
	-9.065 -6.301
	-8.865 -6.301
	-8.664 -6.301
	-8.463 -6.301
	-8.263 -6.301
	-8.062 -6.301
	-7.861 -6.301
	-7.661 -6.301
	-7.46 -6.301
	-7.259 -6.301
	-7.059 -6.301
	-6.858 -6.301
	-6.657 -6.301
	-6.457 -6.301
	-6.256 -6.301
	-6.056 -6.301
	-5.855 -6.301
	-5.654 -6.301
	-5.454 -6.301
	-5.253 -6.301
	-5.052 -6.301
	-4.852 -6.301
	-4.651 -6.301
	-4.45 -6.301
	-4.25 -6.301
	-4.049 -6.301
	-3.848 -6.301
	-3.648 -6.301
	-3.447 -6.301
	-3.246 -6.301
	-3.046 -6.301
	-2.845 -6.301
	-2.645 -6.301
	-2.444 -6.301
	-2.243 -6.301
	-2.043 -6.301
	-1.842 -6.301
	-1.641 -6.301
	-1.441 -6.301
	-1.24 -6.301
	-1.039 -6.301
	-0.839 -6.301
	-0.638 -6.301
	-0.437 -6.301
	-0.237 -6.301
	-0.036 -6.301
	0.164 -6.301
	0.365 -6.301
	0.566 -6.301
	0.766 -6.301
	0.967 -6.301
	1.072 -6.301
	1.072 -6.196
	1.072 -5.995
	1.072 -5.794
	1.072 -5.594
	1.072 -5.393
	1.072 -5.192
	1.072 -4.992
	1.072 -4.791
	1.072 -4.591
	1.072 -4.39
	1.072 -4.189
	1.072 -3.989
	1.072 -3.788
	1.072 -3.587
	1.072 -3.387
	1.072 -3.186
	1.072 -2.985
	1.072 -2.785
	1.072 -2.584
	1.072 -2.383
	1.072 -2.183
	1.072 -1.982
	1.072 -1.781
	1.072 -1.581
	1.072 -1.38
	1.072 -1.18
	1.072 -0.979
	1.072 -0.778
	1.072 -0.578
	1.072 -0.377
	1.072 -0.176
	1.072 0.024
	1.072 0.225
	1.072 0.426
	1.072 0.626
	1.072 0.827
	1.072 1.028
	1.072 1.228
	1.072 1.429
	1.072 1.629
	1.072 1.83
	1.072 2.031
	1.072 2.231
	1.072 2.432
	1.072 2.633
	1.072 2.833
	1.072 3.034
	1.072 3.235
	1.072 3.435
	1.072 3.636
	1.072 3.837
	1.072 4.037
	1.072 4.238
	1.072 4.439
	1.072 4.639
	1.072 4.84
	1.072 5.04
	1.072 5.241
	1.072 5.442
	1.072 5.642
	1.072 5.843
	1.072 6.044
	1.072 6.244
	1.072 6.445
	1.072 6.646
	1.072 6.846
	1.072 7.047
	1.072 7.062
	0.877 7.062
	0.676 7.062
	0.476 7.062
	0.275 7.062
	0.074 7.062
	-0.126 7.062
	-0.327 7.062
	-0.528 7.062
	-0.728 7.062
	-0.929 7.062
	-1.129 7.062
	-1.33 7.062
	-1.531 7.062
	-1.731 7.062
	-1.932 7.062
	-2.133 7.062
	-2.333 7.062
	-2.534 7.062
	-2.735 7.062
	-2.935 7.062
	-3.136 7.062
	-3.337 7.062
	-3.537 7.062
	-3.738 7.062
	-3.939 7.062
	-4.139 7.062
	-4.34 7.062
	-4.54 7.062
	-4.741 7.062
	-4.942 7.062
	-5.142 7.062
	-5.343 7.062
	-5.544 7.062
	-5.744 7.062
	-5.945 7.062
	-6.146 7.062
	-6.346 7.062
	-6.547 7.062
	-6.748 7.062
	-6.948 7.062
	-7.149 7.062
	-7.349 7.062
	-7.55 7.062
	-7.751 7.062
	-7.951 7.062
	-8.152 7.062
	-8.353 7.062
	-8.553 7.062
	-8.754 7.062
	-8.955 7.062
	-9.155 7.062
	-9.356 7.062
	-9.557 7.062
	-9.757 7.062
	-9.958 7.062
	-10.159 7.062
	-10.359 7.062
	-10.56 7.062
	-10.76 7.062
	-10.961 7.062
	-11.162 7.062
	-11.362 7.062
	-11.563 7.062
	-11.764 7.062
	-11.964 7.062
	-12.165 7.062
	-12.27 7.062
	-12.27 6.957

	-2.87842 0.381309
	-2.91817 -0.0801744
	-3.03388 -0.531897
	-3.22721 -0.956349
	-3.48589 -1.34104
	-3.80897 -1.67749
	-4.18341 -1.95444
	-4.59934 -2.16352
	-5.04145 -2.29836
	-5.50224 -2.35818
	-5.96701 -2.33816
	-6.42006 -2.24092
	-6.85388 -2.0674
	-7.25199 -1.82137
	-7.59844 -1.51465
	-7.89019 -1.15438
	-8.11637 -0.74858
	-8.27221 -0.310011
	-8.35 0.150083
	-8.35 0.610917
	-8.27221 1.07101
	-8.11637 1.50958
	-7.89019 1.91538
	-7.59844 2.27565
	-7.25199 2.58237
	-6.85388 2.8284
	-6.42006 3.00192
	-5.96701 3.09916
	-5.50224 3.11918
	-5.04145 3.05936
	-4.59934 2.92452
	-4.18341 2.71544
	-3.80897 2.43849
	-3.48589 2.10204
	-3.22721 1.71735
	-3.03388 1.2929
	-2.91824 0.841475
	-2.87842 0.381309

	-9.87 4.549
	-9.87 4.348
	-9.87 4.148
	-9.87 3.947
	-9.87 3.747
	-9.87 3.546
	-9.87 3.345
	-9.87 3.28416
	-9.33833 3.94069
	-8.68878 4.51577
	-8.45215 4.662
	-8.553 4.662
	-8.754 4.662
	-8.955 4.662
	-9.155 4.662
	-9.356 4.662
	-9.557 4.662
	-9.757 4.662
	-9.87 4.662
	-9.87 4.549

	-9.87 -2.674
	-9.87 -2.875
	-9.87 -3.075
	-9.87 -3.276
	-9.87 -3.477
	-9.87 -3.677
	-9.87 -3.878
	-9.87 -3.901
	-9.868 -3.901
	-9.667 -3.901
	-9.466 -3.901
	-9.266 -3.901
	-9.065 -3.901
	-8.865 -3.901
	-8.664 -3.901
	-8.463 -3.901
	-8.45215 -3.901
	-8.68878 -3.75477
	-9.33833 -3.17969
	-9.87 -2.52316
	-9.87 -2.674

	-2.645 -3.901
	-2.444 -3.901
	-2.243 -3.901
	-2.043 -3.901
	-1.842 -3.901
	-1.641 -3.901
	-1.441 -3.901
	-1.328 -3.901
	-1.328 -3.788
	-1.328 -3.587
	-1.328 -3.387
	-1.328 -3.186
	-1.328 -2.985
	-1.328 -2.785
	-1.328 -2.584
	-1.328 -2.43297
	-1.6105 -2.8531
	-2.21853 -3.48628
	-2.77922 -3.901
	-2.645 -3.901

	-1.328 3.235
	-1.328 3.435
	-1.328 3.636
	-1.328 3.837
	-1.328 4.037
	-1.328 4.238
	-1.328 4.439
	-1.328 4.639
	-1.328 4.662
	-1.33 4.662
	-1.531 4.662
	-1.731 4.662
	-1.932 4.662
	-2.133 4.662
	-2.333 4.662
	-2.534 4.662
	-2.735 4.662
	-2.77922 4.662
	-2.21853 4.24728
	-1.6105 3.6141
	-1.328 3.19397
	-1.328 3.235

-8
	-12.27 6.957
	-12.27 6.756
	-12.27 6.556
	-12.27 6.355
	-12.27 6.154
	-12.27 5.954
	-12.27 5.753
	-12.27 5.552
	-12.27 5.352
	-12.27 5.151
	-12.27 4.95
	-12.27 4.75
	-12.27 4.549
	-12.27 4.348
	-12.27 4.148
	-12.27 3.947
	-12.27 3.747
	-12.27 3.546
	-12.27 3.345
	-12.27 3.145
	-12.27 2.944
	-12.27 2.743
	-12.27 2.543
	-12.27 2.342
	-12.27 2.141
	-12.27 1.941
	-12.27 1.74
	-12.27 1.539
	-12.27 1.339
	-12.27 1.138
	-12.27 0.937
	-12.27 0.737
	-12.27 0.536
	-12.27 0.336
	-12.27 0.135
	-12.27 -0.066
	-12.27 -0.266
	-12.27 -0.467
	-12.27 -0.668
	-12.27 -0.868
	-12.27 -1.069
	-12.27 -1.27
	-12.27 -1.47
	-12.27 -1.671
	-12.27 -1.872
	-12.27 -2.072
	-12.27 -2.273
	-12.27 -2.474
	-12.27 -2.674
	-12.27 -2.875
	-12.27 -3.075
	-12.27 -3.276
	-12.27 -3.477
	-12.27 -3.677
	-12.27 -3.878
	-12.27 -4.079
	-12.27 -4.279
	-12.27 -4.48
	-12.27 -4.681
	-12.27 -4.881
	-12.27 -5.082
	-12.27 -5.283
	-12.27 -5.483
	-12.27 -5.684
	-12.27 -5.884
	-12.27 -6.085
	-12.27 -6.286
	-12.27 -6.301
	-12.075 -6.301
	-11.874 -6.301
	-11.674 -6.301
	-11.473 -6.301
	-11.272 -6.301
	-11.072 -6.301
	-10.871 -6.301
	-10.67 -6.301
	-10.47 -6.301
	-10.269 -6.301
	-10.068 -6.301
	-9.868 -6.301
	-9.667 -6.301
	-9.466 -6.301
	-9.266 -6.301
	-9.065 -6.301
	-8.865 -6.301
	-8.664 -6.301
	-8.463 -6.301
	-8.263 -6.301
	-8.062 -6.301
	-7.861 -6.301
	-7.661 -6.301
	-7.46 -6.301
	-7.259 -6.301
	-7.059 -6.301
	-6.858 -6.301
	-6.657 -6.301
	-6.457 -6.301
	-6.256 -6.301
	-6.056 -6.301
	-5.855 -6.301
	-5.654 -6.301
	-5.454 -6.301
	-5.253 -6.301
	-5.052 -6.301
	-4.852 -6.301
	-4.651 -6.301
	-4.45 -6.301
	-4.25 -6.301
	-4.049 -6.301
	-3.848 -6.301
	-3.648 -6.301
	-3.447 -6.301
	-3.246 -6.301
	-3.046 -6.301
	-2.845 -6.301
	-2.645 -6.301
	-2.444 -6.301
	-2.243 -6.301
	-2.043 -6.301
	-1.842 -6.301
	-1.641 -6.301
	-1.441 -6.301
	-1.24 -6.301
	-1.039 -6.301
	-0.839 -6.301
	-0.638 -6.301
	-0.437 -6.301
	-0.237 -6.301
	-0.036 -6.301
	0.164 -6.301
	0.365 -6.301
	0.566 -6.301
	0.766 -6.301
	0.967 -6.301
	1.072 -6.301
	1.072 -6.196
	1.072 -5.995
	1.072 -5.794
	1.072 -5.594
	1.072 -5.393
	1.072 -5.192
	1.072 -4.992
	1.072 -4.791
	1.072 -4.591
	1.072 -4.39
	1.072 -4.189
	1.072 -3.989
	1.072 -3.788
	1.072 -3.587
	1.072 -3.387
	1.072 -3.186
	1.072 -2.985
	1.072 -2.785
	1.072 -2.584
	1.072 -2.383
	1.072 -2.183
	1.072 -1.982
	1.072 -1.781
	1.072 -1.581
	1.072 -1.38
	1.072 -1.18
	1.072 -0.979
	1.072 -0.778
	1.072 -0.578
	1.072 -0.377
	1.072 -0.176
	1.072 0.024
	1.072 0.225
	1.072 0.426
	1.072 0.626
	1.072 0.827
	1.072 1.028
	1.072 1.228
	1.072 1.429
	1.072 1.629
	1.072 1.83
	1.072 2.031
	1.072 2.231
	1.072 2.432
	1.072 2.633
	1.072 2.833
	1.072 3.034
	1.072 3.235
	1.072 3.435
	1.072 3.636
	1.072 3.837
	1.072 4.037
	1.072 4.238
	1.072 4.439
	1.072 4.639
	1.072 4.84
	1.072 5.04
	1.072 5.241
	1.072 5.442
	1.072 5.642
	1.072 5.843
	1.072 6.044
	1.072 6.244
	1.072 6.445
	1.072 6.646
	1.072 6.846
	1.072 7.047
	1.072 7.062
	0.877 7.062
	0.676 7.062
	0.476 7.062
	0.275 7.062
	0.074 7.062
	-0.126 7.062
	-0.327 7.062
	-0.528 7.062
	-0.728 7.062
	-0.929 7.062
	-1.129 7.062
	-1.33 7.062
	-1.531 7.062
	-1.731 7.062
	-1.932 7.062
	-2.133 7.062
	-2.333 7.062
	-2.534 7.062
	-2.735 7.062
	-2.935 7.062
	-3.136 7.062
	-3.337 7.062
	-3.537 7.062
	-3.738 7.062
	-3.939 7.062
	-4.139 7.062
	-4.34 7.062
	-4.54 7.062
	-4.741 7.062
	-4.942 7.062
	-5.142 7.062
	-5.343 7.062
	-5.544 7.062
	-5.744 7.062
	-5.945 7.062
	-6.146 7.062
	-6.346 7.062
	-6.547 7.062
	-6.748 7.062
	-6.948 7.062
	-7.149 7.062
	-7.349 7.062
	-7.55 7.062
	-7.751 7.062
	-7.951 7.062
	-8.152 7.062
	-8.353 7.062
	-8.553 7.062
	-8.754 7.062
	-8.955 7.062
	-9.155 7.062
	-9.356 7.062
	-9.557 7.062
	-9.757 7.062
	-9.958 7.062
	-10.159 7.062
	-10.359 7.062
	-10.56 7.062
	-10.76 7.062
	-10.961 7.062
	-11.162 7.062
	-11.362 7.062
	-11.563 7.062
	-11.764 7.062
	-11.964 7.062
	-12.165 7.062
	-12.27 7.062
	-12.27 6.957

	-2.95137 0.381312
	-2.99261 -0.0952508
	-3.1213 -0.557165
	-3.32736 -0.987607
	-3.60938 -1.37509
	-3.95558 -1.70744
	-4.35689 -1.97037
	-4.79264 -2.15647
	-5.25984 -2.26464
	-5.74129 -2.28537
	-6.21231 -2.22135
	-6.66686 -2.07443
	-7.08968 -1.84693
	-7.46416 -1.54826
	-7.77856 -1.18797
	-8.02418 -0.77707
	-8.1909 -0.331717
	-8.278 0.138149
	-8.278 0.622851
	-8.1909 1.09272
	-8.02418 1.53807
	-7.77856 1.94897
	-7.46416 2.30926
	-7.08968 2.60793
	-6.66686 2.83543
	-6.21231 2.98235
	-5.74129 3.04637
	-5.26337 3.02579
	-4.7959 2.91986
	-4.3541 2.73118
	-3.95339 2.46634
	-3.60938 2.13609
	-3.32736 1.74861
	-3.1213 1.31817
	-2.99269 0.856553
	-2.95137 0.381312

	-9.87 4.549
	-9.87 4.348
	-9.87 4.148
	-9.87 3.947
	-9.87 3.747
	-9.87 3.546
	-9.87 3.345
	-9.87 3.145
	-9.87 3.12779
	-9.72825 3.36493
	-9.13002 4.05049
	-8.41717 4.61902
	-8.33729 4.662
	-8.353 4.662
	-8.553 4.662
	-8.754 4.662
	-8.955 4.662
	-9.155 4.662
	-9.356 4.662
	-9.557 4.662
	-9.757 4.662
	-9.87 4.662
	-9.87 4.549

	-9.87 -2.474
	-9.87 -2.674
	-9.87 -2.875
	-9.87 -3.075
	-9.87 -3.276
	-9.87 -3.477
	-9.87 -3.677
	-9.87 -3.878
	-9.87 -3.901
	-9.868 -3.901
	-9.667 -3.901
	-9.466 -3.901
	-9.266 -3.901
	-9.065 -3.901
	-8.865 -3.901
	-8.664 -3.901
	-8.463 -3.901
	-8.33729 -3.901
	-8.41717 -3.85802
	-9.13002 -3.28949
	-9.72825 -2.60393
	-9.87 -2.36679
	-9.87 -2.474

	-2.845 -3.901
	-2.645 -3.901
	-2.444 -3.901
	-2.243 -3.901
	-2.043 -3.901
	-1.842 -3.901
	-1.641 -3.901
	-1.441 -3.901
	-1.328 -3.901
	-1.328 -3.788
	-1.328 -3.587
	-1.328 -3.387
	-1.328 -3.186
	-1.328 -2.985
	-1.328 -2.785
	-1.328 -2.584
	-1.328 -2.383
	-1.328 -2.31898
	-1.79398 -2.95923
	-2.4541 -3.59294
	-2.92429 -3.901
	-2.845 -3.901

	-1.328 3.235
	-1.328 3.435
	-1.328 3.636
	-1.328 3.837
	-1.328 4.037
	-1.328 4.238
	-1.328 4.439
	-1.328 4.639
	-1.328 4.662
	-1.33 4.662
	-1.531 4.662
	-1.731 4.662
	-1.932 4.662
	-2.133 4.662
	-2.333 4.662
	-2.534 4.662
	-2.735 4.662
	-2.92278 4.662
	-2.44841 4.34848
	-1.79398 3.72023
	-1.328 3.07998
	-1.328 3.235

-7.5
	-12.27 6.957
	-12.27 6.756
	-12.27 6.556
	-12.27 6.355
	-12.27 6.154
	-12.27 5.954
	-12.27 5.753
	-12.27 5.552
	-12.27 5.352
	-12.27 5.151
	-12.27 4.95
	-12.27 4.75
	-12.27 4.549
	-12.27 4.348
	-12.27 4.148
	-12.27 3.947
	-12.27 3.747
	-12.27 3.546
	-12.27 3.345
	-12.27 3.145
	-12.27 2.944
	-12.27 2.743
	-12.27 2.543
	-12.27 2.342
	-12.27 2.141
	-12.27 1.941
	-12.27 1.74
	-12.27 1.539
	-12.27 1.339
	-12.27 1.138
	-12.27 0.937
	-12.27 0.737
	-12.27 0.536
	-12.27 0.336
	-12.27 0.135
	-12.27 -0.066
	-12.27 -0.266
	-12.27 -0.467
	-12.27 -0.668
	-12.27 -0.868
	-12.27 -1.069
	-12.27 -1.27
	-12.27 -1.47
	-12.27 -1.671
	-12.27 -1.872
	-12.27 -2.072
	-12.27 -2.273
	-12.27 -2.474
	-12.27 -2.674
	-12.27 -2.875
	-12.27 -3.075
	-12.27 -3.276
	-12.27 -3.477
	-12.27 -3.677
	-12.27 -3.878
	-12.27 -4.079
	-12.27 -4.279
	-12.27 -4.48
	-12.27 -4.681
	-12.27 -4.881
	-12.27 -5.082
	-12.27 -5.283
	-12.27 -5.483
	-12.27 -5.684
	-12.27 -5.884
	-12.27 -6.085
	-12.27 -6.286
	-12.27 -6.301
	-12.075 -6.301
	-11.874 -6.301
	-11.674 -6.301
	-11.473 -6.301
	-11.272 -6.301
	-11.072 -6.301
	-10.871 -6.301
	-10.67 -6.301
	-10.47 -6.301
	-10.269 -6.301
	-10.068 -6.301
	-9.868 -6.301
	-9.667 -6.301
	-9.466 -6.301
	-9.266 -6.301
	-9.065 -6.301
	-8.865 -6.301
	-8.664 -6.301
	-8.463 -6.301
	-8.263 -6.301
	-8.062 -6.301
	-7.861 -6.301
	-7.661 -6.301
	-7.46 -6.301
	-7.259 -6.301
	-7.059 -6.301
	-6.858 -6.301
	-6.657 -6.301
	-6.457 -6.301
	-6.256 -6.301
	-6.056 -6.301
	-5.855 -6.301
	-5.654 -6.301
	-5.454 -6.301
	-5.253 -6.301
	-5.052 -6.301
	-4.852 -6.301
	-4.651 -6.301
	-4.45 -6.301
	-4.25 -6.301
	-4.049 -6.301
	-3.848 -6.301
	-3.648 -6.301
	-3.447 -6.301
	-3.246 -6.301
	-3.046 -6.301
	-2.845 -6.301
	-2.645 -6.301
	-2.444 -6.301
	-2.243 -6.301
	-2.043 -6.301
	-1.842 -6.301
	-1.641 -6.301
	-1.441 -6.301
	-1.24 -6.301
	-1.039 -6.301
	-0.839 -6.301
	-0.638 -6.301
	-0.437 -6.301
	-0.237 -6.301
	-0.036 -6.301
	0.164 -6.301
	0.365 -6.301
	0.566 -6.301
	0.766 -6.301
	0.967 -6.301
	1.072 -6.301
	1.072 -6.196
	1.072 -5.995
	1.072 -5.794
	1.072 -5.594
	1.072 -5.393
	1.072 -5.192
	1.072 -4.992
	1.072 -4.791
	1.072 -4.591
	1.072 -4.39
	1.072 -4.189
	1.072 -3.989
	1.072 -3.788
	1.072 -3.587
	1.072 -3.387
	1.072 -3.186
	1.072 -2.985
	1.072 -2.785
	1.072 -2.584
	1.072 -2.383
	1.072 -2.183
	1.072 -1.982
	1.072 -1.781
	1.072 -1.581
	1.072 -1.38
	1.072 -1.18
	1.072 -0.979
	1.072 -0.778
	1.072 -0.578
	1.072 -0.377
	1.072 -0.176
	1.072 0.024
	1.072 0.225
	1.072 0.426
	1.072 0.626
	1.072 0.827
	1.072 1.028
	1.072 1.228
	1.072 1.429
	1.072 1.629
	1.072 1.83
	1.072 2.031
	1.072 2.231
	1.072 2.432
	1.072 2.633
	1.072 2.833
	1.072 3.034
	1.072 3.235
	1.072 3.435
	1.072 3.636
	1.072 3.837
	1.072 4.037
	1.072 4.238
	1.072 4.439
	1.072 4.639
	1.072 4.84
	1.072 5.04
	1.072 5.241
	1.072 5.442
	1.072 5.642
	1.072 5.843
	1.072 6.044
	1.072 6.244
	1.072 6.445
	1.072 6.646
	1.072 6.846
	1.072 7.047
	1.072 7.062
	0.877 7.062
	0.676 7.062
	0.476 7.062
	0.275 7.062
	0.074 7.062
	-0.126 7.062
	-0.327 7.062
	-0.528 7.062
	-0.728 7.062
	-0.929 7.062
	-1.129 7.062
	-1.33 7.062
	-1.531 7.062
	-1.731 7.062
	-1.932 7.062
	-2.133 7.062
	-2.333 7.062
	-2.534 7.062
	-2.735 7.062
	-2.935 7.062
	-3.136 7.062
	-3.337 7.062
	-3.537 7.062
	-3.738 7.062
	-3.939 7.062
	-4.139 7.062
	-4.34 7.062
	-4.54 7.062
	-4.741 7.062
	-4.942 7.062
	-5.142 7.062
	-5.343 7.062
	-5.544 7.062
	-5.744 7.062
	-5.945 7.062
	-6.146 7.062
	-6.346 7.062
	-6.547 7.062
	-6.748 7.062
	-6.948 7.062
	-7.149 7.062
	-7.349 7.062
	-7.55 7.062
	-7.751 7.062
	-7.951 7.062
	-8.152 7.062
	-8.353 7.062
	-8.553 7.062
	-8.754 7.062
	-8.955 7.062
	-9.155 7.062
	-9.356 7.062
	-9.557 7.062
	-9.757 7.062
	-9.958 7.062
	-10.159 7.062
	-10.359 7.062
	-10.56 7.062
	-10.76 7.062
	-10.961 7.062
	-11.162 7.062
	-11.362 7.062
	-11.563 7.062
	-11.764 7.062
	-11.964 7.062
	-12.165 7.062
	-12.27 7.062
	-12.27 6.957

	-3.02198 0.38135
	-3.0695 -0.110476
	-3.20755 -0.584127
	-3.43442 -1.02354
	-3.74084 -1.41374
	-4.11526 -1.7357
	-4.53928 -1.98069
	-5.00711 -2.14383
	-5.49903 -2.21308
	-5.98723 -2.1895
	-6.46535 -2.07532
	-6.92127 -1.86786
	-7.32262 -1.5788
	-7.6601 -1.22479
	-7.92687 -0.810357
	-8.10979 -0.354234
	-8.205 0.131328
	-8.205 0.629672
	-8.10979 1.11523
	-7.92687 1.57136
	-7.6601 1.98579
	-7.32262 2.3398
	-6.92127 2.62886
	-6.46859 2.83484
	-5.99078 2.95133
	-5.49543 2.97525
	-5.00371 2.90364
	-4.54227 2.74273
	-4.11526 2.49839
	-3.73913 2.17257
	-3.43442 1.78454
	-3.20755 1.34513
	-3.0696 0.871814
	-3.02198 0.38135

	-9.87 4.549
	-9.87 4.348
	-9.87 4.148
	-9.87 3.947
	-9.87 3.747
	-9.87 3.546
	-9.87 3.345
	-9.87 3.145
	-9.87 2.98677
	-9.55467 3.47667
	-8.90602 4.15707
	-8.20496 4.662
	-8.353 4.662
	-8.553 4.662
	-8.754 4.662
	-8.955 4.662
	-9.155 4.662
	-9.356 4.662
	-9.557 4.662
	-9.757 4.662
	-9.87 4.662
	-9.87 4.549

	-9.87 -2.273
	-9.87 -2.474
	-9.87 -2.674
	-9.87 -2.875
	-9.87 -3.075
	-9.87 -3.276
	-9.87 -3.477
	-9.87 -3.677
	-9.87 -3.878
	-9.87 -3.901
	-9.868 -3.901
	-9.667 -3.901
	-9.466 -3.901
	-9.266 -3.901
	-9.065 -3.901
	-8.865 -3.901
	-8.664 -3.901
	-8.463 -3.901
	-8.263 -3.901
	-8.20496 -3.901
	-8.90602 -3.39607
	-9.55467 -2.71567
	-9.87 -2.22577
	-9.87 -2.273

	-3.046 -3.901
	-2.845 -3.901
	-2.645 -3.901
	-2.444 -3.901
	-2.243 -3.901
	-2.043 -3.901
	-1.842 -3.901
	-1.641 -3.901
	-1.441 -3.901
	-1.328 -3.901
	-1.328 -3.788
	-1.328 -3.587
	-1.328 -3.387
	-1.328 -3.186
	-1.328 -2.985
	-1.328 -2.785
	-1.328 -2.584
	-1.328 -2.383
	-1.328 -2.183
	-1.328 -2.17516
	-1.40629 -2.32681
	-1.99818 -3.08053
	-2.72049 -3.70162
	-3.06556 -3.901
	-3.046 -3.901

	-1.328 3.034
	-1.328 3.235
	-1.328 3.435
	-1.328 3.636
	-1.328 3.837
	-1.328 4.037
	-1.328 4.238
	-1.328 4.439
	-1.328 4.639
	-1.328 4.662
	-1.33 4.662
	-1.531 4.662
	-1.731 4.662
	-1.932 4.662
	-2.133 4.662
	-2.333 4.662
	-2.534 4.662
	-2.735 4.662
	-2.935 4.662
	-3.06403 4.662
	-2.72048 4.46541
	-1.99374 3.83588
	-1.40629 3.08781
	-1.328 2.93616
	-1.328 3.034

