-27.5
	1.072 -6.196
	1.072 -5.995
	1.072 -5.794
	1.072 -5.594
	1.072 -5.393
	1.072 -5.192
	1.072 -4.992
	1.072 -4.791
	1.072 -4.591
	1.072 -4.39
	1.072 -4.189
	1.072 -3.989
	1.072 -3.788
	1.072 -3.587
	1.072 -3.387
	1.072 -3.186
	1.072 -2.985
	1.072 -2.785
	1.072 -2.584
	1.072 -2.383
	1.072 -2.183
	1.072 -1.982
	1.072 -1.781
	1.072 -1.581
	1.072 -1.38
	1.072 -1.18
	1.072 -0.979
	1.072 -0.778
	1.072 -0.578
	1.072 -0.377
	1.072 -0.176
	1.072 0.024
	1.072 0.225
	1.072 0.426
	1.072 0.626
	1.072 0.827
	1.072 1.028
	1.072 1.228
	1.072 1.429
	1.072 1.629
	1.072 1.83
	1.072 2.031
	1.072 2.231
	1.072 2.432
	1.072 2.633
	1.072 2.833
	1.072 3.034
	1.072 3.235
	1.072 3.435
	1.072 3.636
	1.072 3.837
	1.072 4.037
	1.072 4.238
	1.072 4.439
	1.072 4.639
	1.072 4.84
	1.072 5.04
	1.072 5.241
	1.072 5.442
	1.072 5.642
	1.072 5.843
	1.072 6.044
	1.072 6.244
	1.072 6.445
	1.072 6.646
	1.072 6.846
	1.072 7.047
	1.072 7.062
	0.877 7.062
	0.676 7.062
	0.476 7.062
	0.275 7.062
	0.074 7.062
	-0.126 7.062
	-0.327 7.062
	-0.528 7.062
	-0.728 7.062
	-0.929 7.062
	-1.129 7.062
	-1.33 7.062
	-1.531 7.062
	-1.731 7.062
	-1.932 7.062
	-2.133 7.062
	-2.333 7.062
	-2.534 7.062
	-2.735 7.062
	-2.935 7.062
	-3.136 7.062
	-3.337 7.062
	-3.537 7.062
	-3.738 7.062
	-3.939 7.062
	-4.139 7.062
	-4.34 7.062
	-4.54 7.062
	-4.741 7.062
	-4.942 7.062
	-5.142 7.062
	-5.343 7.062
	-5.544 7.062
	-5.744 7.062
	-5.945 7.062
	-6.146 7.062
	-6.346 7.062
	-6.547 7.062
	-6.748 7.062
	-6.948 7.062
	-7.149 7.062
	-7.349 7.062
	-7.55 7.062
	-7.751 7.062
	-7.951 7.062
	-8.152 7.062
	-8.353 7.062
	-8.553 7.062
	-8.754 7.062
	-8.955 7.062
	-9.155 7.062
	-9.356 7.062
	-9.557 7.062
	-9.757 7.062
	-9.958 7.062
	-10.159 7.062
	-10.359 7.062
	-10.56 7.062
	-10.76 7.062
	-10.961 7.062
	-11.162 7.062
	-11.362 7.062
	-11.563 7.062
	-11.764 7.062
	-11.964 7.062
	-12.165 7.062
	-12.27 7.062
	-12.27 6.957
	-12.27 6.756
	-12.27 6.556
	-12.27 6.355
	-12.27 6.154
	-12.27 5.954
	-12.27 5.753
	-12.27 5.552
	-12.27 5.352
	-12.27 5.151
	-12.27 4.95
	-12.27 4.75
	-12.27 4.549
	-12.27 4.348
	-12.27 4.148
	-12.27 3.947
	-12.27 3.747
	-12.27 3.546
	-12.27 3.345
	-12.27 3.145
	-12.27 2.944
	-12.27 2.743
	-12.27 2.543
	-12.27 2.342
	-12.27 2.141
	-12.27 1.941
	-12.27 1.74
	-12.27 1.539
	-12.27 1.339
	-12.27 1.138
	-12.27 0.937
	-12.27 0.737
	-12.27 0.536
	-12.27 0.336
	-12.27 0.135
	-12.27 -0.066
	-12.27 -0.266
	-12.27 -0.467
	-12.27 -0.668
	-12.27 -0.868
	-12.27 -1.069
	-12.27 -1.27
	-12.27 -1.47
	-12.27 -1.671
	-12.27 -1.872
	-12.27 -2.072
	-12.27 -2.273
	-12.27 -2.474
	-12.27 -2.674
	-12.27 -2.875
	-12.27 -3.075
	-12.27 -3.276
	-12.27 -3.477
	-12.27 -3.677
	-12.27 -3.878
	-12.27 -4.079
	-12.27 -4.279
	-12.27 -4.48
	-12.27 -4.681
	-12.27 -4.881
	-12.27 -5.082
	-12.27 -5.283
	-12.27 -5.483
	-12.27 -5.684
	-12.27 -5.884
	-12.27 -6.085
	-12.27 -6.286
	-12.27 -6.301
	-12.075 -6.301
	-11.874 -6.301
	-11.674 -6.301
	-11.473 -6.301
	-11.272 -6.301
	-11.072 -6.301
	-10.871 -6.301
	-10.67 -6.301
	-10.47 -6.301
	-10.269 -6.301
	-10.068 -6.301
	-9.868 -6.301
	-9.667 -6.301
	-9.466 -6.301
	-9.266 -6.301
	-9.065 -6.301
	-8.865 -6.301
	-8.664 -6.301
	-8.463 -6.301
	-8.263 -6.301
	-8.062 -6.301
	-7.861 -6.301
	-7.661 -6.301
	-7.46 -6.301
	-7.259 -6.301
	-7.059 -6.301
	-6.858 -6.301
	-6.657 -6.301
	-6.457 -6.301
	-6.256 -6.301
	-6.056 -6.301
	-5.855 -6.301
	-5.654 -6.301
	-5.454 -6.301
	-5.253 -6.301
	-5.052 -6.301
	-4.852 -6.301
	-4.651 -6.301
	-4.45 -6.301
	-4.25 -6.301
	-4.049 -6.301
	-3.848 -6.301
	-3.648 -6.301
	-3.447 -6.301
	-3.246 -6.301
	-3.046 -6.301
	-2.845 -6.301
	-2.645 -6.301
	-2.444 -6.301
	-2.243 -6.301
	-2.043 -6.301
	-1.842 -6.301
	-1.641 -6.301
	-1.441 -6.301
	-1.24 -6.301
	-1.039 -6.301
	-0.839 -6.301
	-0.638 -6.301
	-0.437 -6.301
	-0.237 -6.301
	-0.036 -6.301
	0.164 -6.301
	0.365 -6.301
	0.566 -6.301
	0.766 -6.301
	0.967 -6.301
	1.072 -6.301
	1.072 -6.196

	-0.121543 0.381091
	-0.12846 0.100255
	-0.150331 -0.175867
	-0.184583 -0.451254
	-0.234692 -0.728244
	-0.297057 -0.995328
	-0.372768 -1.26376
	-0.464296 -1.53002
	-0.567552 -1.78885
	-0.683879 -2.04066
	-0.811195 -2.28571
	-0.954567 -2.52931
	-1.10745 -2.75999
	-1.27011 -2.98281
	-1.4483 -3.20136
	-1.63364 -3.40578
	-1.83204 -3.60556
	-2.0417 -3.79301
	-2.25387 -3.96599
	-2.47651 -4.1299
	-2.71235 -4.2862
	-2.95327 -4.42662
	-3.19535 -4.55374
	-3.45015 -4.67145
	-3.71223 -4.776
	-3.97427 -4.86471
	-4.23901 -4.94113
	-4.51158 -5.00446
	-4.78775 -5.05442
	-5.06313 -5.08867
	-5.33916 -5.11053
	-5.61891 -5.11746
	-5.89975 -5.11054
	-6.17587 -5.08867
	-6.45125 -5.05442
	-6.72824 -5.00431
	-6.99879 -4.94113
	-7.26376 -4.86504
	-7.52677 -4.776
	-7.78885 -4.67145
	-8.04365 -4.55374
	-8.28572 -4.42662
	-8.52665 -4.2862
	-8.76249 -4.1299
	-8.98513 -3.96599
	-9.19922 -3.79144
	-9.40577 -3.60555
	-9.60555 -3.40577
	-9.79144 -3.19922
	-9.96599 -2.98512
	-10.1299 -2.76249
	-10.2862 -2.52665
	-10.4266 -2.28573
	-10.5537 -2.04365
	-10.6714 -1.78885
	-10.776 -1.52677
	-10.865 -1.26376
	-10.9411 -0.998796
	-11.0043 -0.728243
	-11.0544 -0.451254
	-11.0887 -0.175868
	-11.1105 0.100255
	-11.1175 0.381091
	-11.1105 0.660836
	-11.0887 0.936868
	-11.0544 1.21225
	-11.0045 1.48842
	-10.9411 1.76099
	-10.8647 2.02573
	-10.776 2.28777
	-10.6714 2.54985
	-10.5537 2.80465
	-10.4266 3.04673
	-10.2862 3.28765
	-10.1299 3.52349
	-9.96599 3.74612
	-9.79301 3.9583
	-9.60556 4.16796
	-9.40578 4.36636
	-9.20136 4.5517
	-8.98281 4.72988
	-8.75999 4.89255
	-8.52931 5.04543
	-8.28571 5.1888
	-8.04066 5.31612
	-7.78885 5.43245
	-7.53002 5.5357
	-7.26376 5.62723
	-6.99533 5.70294
	-6.72824 5.76531
	-6.45125 5.81542
	-6.17587 5.84967
	-5.89974 5.87154
	-5.61891 5.87846
	-5.33916 5.87153
	-5.06313 5.84967
	-4.78775 5.81542
	-4.51158 5.76546
	-4.2425 5.70294
	-3.97429 5.6269
	-3.70898 5.5357
	-3.45015 5.43245
	-3.19834 5.31612
	-2.95329 5.1888
	-2.70969 5.04543
	-2.47901 4.89255
	-2.25619 4.72989
	-2.03956 4.55327
	-1.83204 4.36636
	-1.63364 4.16796
	-1.44673 3.96044
	-1.27011 3.74381
	-1.10745 3.52099
	-0.954567 3.29031
	-0.811195 3.04671
	-0.683879 2.80166
	-0.567552 2.54985
	-0.464296 2.29102
	-0.373096 2.02571
	-0.297057 1.7575
	-0.234542 1.48842
	-0.184583 1.21225
	-0.150331 0.936867
	-0.128467 0.660837
	-0.121543 0.381091

	-0.128 -4.992
	-0.128 -4.791
	-0.128 -4.591
	-0.128 -4.39
	-0.128 -4.189
	-0.128 -3.989
	-0.128 -3.788
	-0.128 -3.587
	-0.128 -3.45352
	-0.319806 -3.71625
	-0.538139 -3.98405
	-0.76295 -4.232
	-1.00566 -4.47641
	-1.26225 -4.70581
	-1.51857 -4.91479
	-1.77151 -5.101
	-1.641 -5.101
	-1.441 -5.101
	-1.24 -5.101
	-1.039 -5.101
	-0.839 -5.101
	-0.638 -5.101
	-0.437 -5.101
	-0.237 -5.101
	-0.128 -5.101
	-0.128 -4.992

	-0.128 4.238
	-0.128 4.439
	-0.128 4.639
	-0.128 4.84
	-0.128 5.04
	-0.128 5.241
	-0.128 5.442
	-0.128 5.642
	-0.128 5.843
	-0.128 5.862
	-0.327 5.862
	-0.528 5.862
	-0.728 5.862
	-0.929 5.862
	-1.129 5.862
	-1.33 5.862
	-1.531 5.862
	-1.731 5.862
	-1.77178 5.862
	-1.52275 5.68019
	-1.25841 5.46468
	-1.00567 5.23705
	-0.762954 4.99433
	-0.535317 4.74159
	-0.319806 4.47725
	-0.128 4.21452
	-0.128 4.238

	-9.557 5.862
	-9.757 5.862
	-9.958 5.862
	-10.159 5.862
	-10.359 5.862
	-10.56 5.862
	-10.76 5.862
	-10.961 5.862
	-11.07 5.862
	-11.07 5.753
	-11.07 5.552
	-11.07 5.352
	-11.07 5.151
	-11.07 4.95
	-11.07 4.75
	-11.07 4.549
	-11.07 4.348
	-11.07 4.2706
	-10.9148 4.48142
	-10.7058 4.73774
	-10.4764 4.99434
	-10.232 5.23705
	-9.98405 5.46186
	-9.71625 5.68019
	-9.46722 5.862
	-9.557 5.862

	-11.07 -3.677
	-11.07 -3.878
	-11.07 -4.079
	-11.07 -4.279
	-11.07 -4.48
	-11.07 -4.681
	-11.07 -4.881
	-11.07 -5.082
	-11.07 -5.101
	-10.871 -5.101
	-10.67 -5.101
	-10.47 -5.101
	-10.269 -5.101
	-10.068 -5.101
	-9.868 -5.101
	-9.667 -5.101
	-9.46749 -5.101
	-9.72043 -4.91479
	-9.9802 -4.70299
	-10.232 -4.4764
	-10.4764 -4.23198
	-10.703 -3.9802
	-10.9148 -3.72042
	-11.07 -3.5096
	-11.07 -3.677

-27
	1.072 -6.196
	1.072 -5.995
	1.072 -5.794
	1.072 -5.594
	1.072 -5.393
	1.072 -5.192
	1.072 -4.992
	1.072 -4.791
	1.072 -4.591
	1.072 -4.39
	1.072 -4.189
	1.072 -3.989
	1.072 -3.788
	1.072 -3.587
	1.072 -3.387
	1.072 -3.186
	1.072 -2.985
	1.072 -2.785
	1.072 -2.584
	1.072 -2.383
	1.072 -2.183
	1.072 -1.982
	1.072 -1.781
	1.072 -1.581
	1.072 -1.38
	1.072 -1.18
	1.072 -0.979
	1.072 -0.778
	1.072 -0.578
	1.072 -0.377
	1.072 -0.176
	1.072 0.024
	1.072 0.225
	1.072 0.426
	1.072 0.626
	1.072 0.827
	1.072 1.028
	1.072 1.228
	1.072 1.429
	1.072 1.629
	1.072 1.83
	1.072 2.031
	1.072 2.231
	1.072 2.432
	1.072 2.633
	1.072 2.833
	1.072 3.034
	1.072 3.235
	1.072 3.435
	1.072 3.636
	1.072 3.837
	1.072 4.037
	1.072 4.238
	1.072 4.439
	1.072 4.639
	1.072 4.84
	1.072 5.04
	1.072 5.241
	1.072 5.442
	1.072 5.642
	1.072 5.843
	1.072 6.044
	1.072 6.244
	1.072 6.445
	1.072 6.646
	1.072 6.846
	1.072 7.047
	1.072 7.062
	0.877 7.062
	0.676 7.062
	0.476 7.062
	0.275 7.062
	0.074 7.062
	-0.126 7.062
	-0.327 7.062
	-0.528 7.062
	-0.728 7.062
	-0.929 7.062
	-1.129 7.062
	-1.33 7.062
	-1.531 7.062
	-1.731 7.062
	-1.932 7.062
	-2.133 7.062
	-2.333 7.062
	-2.534 7.062
	-2.735 7.062
	-2.935 7.062
	-3.136 7.062
	-3.337 7.062
	-3.537 7.062
	-3.738 7.062
	-3.939 7.062
	-4.139 7.062
	-4.34 7.062
	-4.54 7.062
	-4.741 7.062
	-4.942 7.062
	-5.142 7.062
	-5.343 7.062
	-5.544 7.062
	-5.744 7.062
	-5.945 7.062
	-6.146 7.062
	-6.346 7.062
	-6.547 7.062
	-6.748 7.062
	-6.948 7.062
	-7.149 7.062
	-7.349 7.062
	-7.55 7.062
	-7.751 7.062
	-7.951 7.062
	-8.152 7.062
	-8.353 7.062
	-8.553 7.062
	-8.754 7.062
	-8.955 7.062
	-9.155 7.062
	-9.356 7.062
	-9.557 7.062
	-9.757 7.062
	-9.958 7.062
	-10.159 7.062
	-10.359 7.062
	-10.56 7.062
	-10.76 7.062
	-10.961 7.062
	-11.162 7.062
	-11.362 7.062
	-11.563 7.062
	-11.764 7.062
	-11.964 7.062
	-12.165 7.062
	-12.27 7.062
	-12.27 6.957
	-12.27 6.756
	-12.27 6.556
	-12.27 6.355
	-12.27 6.154
	-12.27 5.954
	-12.27 5.753
	-12.27 5.552
	-12.27 5.352
	-12.27 5.151
	-12.27 4.95
	-12.27 4.75
	-12.27 4.549
	-12.27 4.348
	-12.27 4.148
	-12.27 3.947
	-12.27 3.747
	-12.27 3.546
	-12.27 3.345
	-12.27 3.145
	-12.27 2.944
	-12.27 2.743
	-12.27 2.543
	-12.27 2.342
	-12.27 2.141
	-12.27 1.941
	-12.27 1.74
	-12.27 1.539
	-12.27 1.339
	-12.27 1.138
	-12.27 0.937
	-12.27 0.737
	-12.27 0.536
	-12.27 0.336
	-12.27 0.135
	-12.27 -0.066
	-12.27 -0.266
	-12.27 -0.467
	-12.27 -0.668
	-12.27 -0.868
	-12.27 -1.069
	-12.27 -1.27
	-12.27 -1.47
	-12.27 -1.671
	-12.27 -1.872
	-12.27 -2.072
	-12.27 -2.273
	-12.27 -2.474
	-12.27 -2.674
	-12.27 -2.875
	-12.27 -3.075
	-12.27 -3.276
	-12.27 -3.477
	-12.27 -3.677
	-12.27 -3.878
	-12.27 -4.079
	-12.27 -4.279
	-12.27 -4.48
	-12.27 -4.681
	-12.27 -4.881
	-12.27 -5.082
	-12.27 -5.283
	-12.27 -5.483
	-12.27 -5.684
	-12.27 -5.884
	-12.27 -6.085
	-12.27 -6.286
	-12.27 -6.301
	-12.075 -6.301
	-11.874 -6.301
	-11.674 -6.301
	-11.473 -6.301
	-11.272 -6.301
	-11.072 -6.301
	-10.871 -6.301
	-10.67 -6.301
	-10.47 -6.301
	-10.269 -6.301
	-10.068 -6.301
	-9.868 -6.301
	-9.667 -6.301
	-9.466 -6.301
	-9.266 -6.301
	-9.065 -6.301
	-8.865 -6.301
	-8.664 -6.301
	-8.463 -6.301
	-8.263 -6.301
	-8.062 -6.301
	-7.861 -6.301
	-7.661 -6.301
	-7.46 -6.301
	-7.259 -6.301
	-7.059 -6.301
	-6.858 -6.301
	-6.657 -6.301
	-6.457 -6.301
	-6.256 -6.301
	-6.056 -6.301
	-5.855 -6.301
	-5.654 -6.301
	-5.454 -6.301
	-5.253 -6.301
	-5.052 -6.301
	-4.852 -6.301
	-4.651 -6.301
	-4.45 -6.301
	-4.25 -6.301
	-4.049 -6.301
	-3.848 -6.301
	-3.648 -6.301
	-3.447 -6.301
	-3.246 -6.301
	-3.046 -6.301
	-2.845 -6.301
	-2.645 -6.301
	-2.444 -6.301
	-2.243 -6.301
	-2.043 -6.301
	-1.842 -6.301
	-1.641 -6.301
	-1.441 -6.301
	-1.24 -6.301
	-1.039 -6.301
	-0.839 -6.301
	-0.638 -6.301
	-0.437 -6.301
	-0.237 -6.301
	-0.036 -6.301
	0.164 -6.301
	0.365 -6.301
	0.566 -6.301
	0.766 -6.301
	0.967 -6.301
	1.072 -6.301
	1.072 -6.196

	-0.194541 0.381
	-0.201467 0.101164
	-0.223659 -0.179005
	-0.259322 -0.45334
	-0.308692 -0.726244
	-0.37291 -1.00127
	-0.451758 -1.26963
	-0.542321 -1.53171
	-0.648433 -1.7928
	-0.767686 -2.04656
	-0.897799 -2.29035
	-1.04207 -2.53173
	-1.19828 -2.76259
	-1.36553 -2.98651
	-1.54468 -3.2001
	-1.7332 -3.40514
	-1.9348 -3.60118
	-2.145 -3.78632
	-2.36373 -3.95828
	-2.58992 -4.12004
	-2.82585 -4.26993
	-3.07003 -4.40866
	-3.32089 -4.5334
	-3.57604 -4.64512
	-3.83657 -4.74299
	-4.10352 -4.82874
	-4.37592 -4.89999
	-4.64529 -4.95576
	-4.92308 -5.00021
	-5.2017 -5.02793
	-5.47699 -5.043
	-5.76081 -5.043
	-6.0371 -5.02795
	-6.31592 -5.00021
	-6.59371 -4.95576
	-6.86308 -4.89999
	-7.13548 -4.82874
	-7.40243 -4.74299
	-7.66296 -4.64512
	-7.91811 -4.5334
	-8.16897 -4.40866
	-8.41315 -4.26992
	-8.64908 -4.12004
	-8.87714 -3.95694
	-9.0928 -3.78632
	-9.30244 -3.60289
	-9.5058 -3.40515
	-9.69433 -3.2001
	-9.87347 -2.98651
	-10.0407 -2.76259
	-10.1969 -2.53173
	-10.3412 -2.29035
	-10.4713 -2.04656
	-10.5906 -1.7928
	-10.6967 -1.53171
	-10.7872 -1.26963
	-10.8661 -1.00127
	-10.9303 -0.726243
	-10.9797 -0.453337
	-11.0153 -0.179005
	-11.0375 0.101164
	-11.0445 0.381
	-11.0375 0.66113
	-11.0153 0.93982
	-10.9797 1.21553
	-10.9302 1.48789
	-10.8661 1.76227
	-10.7872 2.03063
	-10.6967 2.29271
	-10.5906 2.5538
	-10.4721 2.80598
	-10.3412 3.05254
	-10.1969 3.29252
	-10.0407 3.52478
	-9.87203 3.74922
	-9.69433 3.9611
	-9.5058 4.16615
	-9.30244 4.36389
	-9.095 4.54541
	-8.87715 4.71913
	-8.64654 4.88266
	-8.41315 5.03093
	-8.16897 5.16966
	-7.91811 5.2944
	-7.66296 5.40612
	-7.40243 5.50399
	-7.13548 5.58974
	-6.86659 5.66007
	-6.59371 5.71795
	-6.31228 5.76157
	-6.0371 5.78895
	-5.76081 5.804
	-5.47699 5.804
	-5.2017 5.78893
	-4.92672 5.76157
	-4.64529 5.71795
	-4.37241 5.66007
	-4.10352 5.58974
	-3.83657 5.50399
	-3.57604 5.40612
	-3.32089 5.2944
	-3.07003 5.16966
	-2.82585 5.03093
	-2.59246 4.88266
	-2.36373 4.72046
	-2.14282 4.5454
	-1.9348 4.36218
	-1.7332 4.16614
	-1.54468 3.9611
	-1.36697 3.74922
	-1.19829 3.52478
	-1.04207 3.29252
	-0.897799 3.05254
	-0.766945 2.80598
	-0.648433 2.5538
	-0.542321 2.29271
	-0.451758 2.03063
	-0.37291 1.76227
	-0.308843 1.48789
	-0.259322 1.21553
	-0.223659 0.939821
	-0.201475 0.66113
	-0.194541 0.381

	-0.128 -4.992
	-0.128 -4.791
	-0.128 -4.591
	-0.128 -4.39
	-0.128 -4.189
	-0.128 -3.989
	-0.128 -3.788
	-0.128 -3.587
	-0.128 -3.387
	-0.128 -3.32214
	-0.220111 -3.45827
	-0.424359 -3.73172
	-0.642816 -3.99219
	-0.872563 -4.24206
	-1.11943 -4.48212
	-1.377 -4.70898
	-1.64351 -4.9185
	-1.8987 -5.101
	-1.842 -5.101
	-1.641 -5.101
	-1.441 -5.101
	-1.24 -5.101
	-1.039 -5.101
	-0.839 -5.101
	-0.638 -5.101
	-0.437 -5.101
	-0.237 -5.101
	-0.128 -5.101
	-0.128 -4.992

	-0.128 4.238
	-0.128 4.439
	-0.128 4.639
	-0.128 4.84
	-0.128 5.04
	-0.128 5.241
	-0.128 5.442
	-0.128 5.642
	-0.128 5.843
	-0.128 5.862
	-0.327 5.862
	-0.528 5.862
	-0.728 5.862
	-0.929 5.862
	-1.129 5.862
	-1.33 5.862
	-1.531 5.862
	-1.731 5.862
	-1.899 5.862
	-1.64351 5.68083
	-1.37307 5.46652
	-1.11943 5.24312
	-0.872563 5.00306
	-0.642816 4.75319
	-0.426938 4.4958
	-0.220114 4.2206
	-0.128 4.08365
	-0.128 4.238

	-9.356 5.862
	-9.557 5.862
	-9.757 5.862
	-9.958 5.862
	-10.159 5.862
	-10.359 5.862
	-10.56 5.862
	-10.76 5.862
	-10.961 5.862
	-11.07 5.862
	-11.07 5.753
	-11.07 5.552
	-11.07 5.352
	-11.07 5.151
	-11.07 4.95
	-11.07 4.75
	-11.07 4.549
	-11.07 4.348
	-11.07 4.148
	-11.07 4.14461
	-11.0189 4.2206
	-10.8121 4.49579
	-10.5962 4.75319
	-10.3664 5.00306
	-10.1164 5.2462
	-9.86459 5.46653
	-9.59888 5.67843
	-9.34 5.862
	-9.356 5.862

	-11.07 -3.477
	-11.07 -3.677
	-11.07 -3.878
	-11.07 -4.079
	-11.07 -4.279
	-11.07 -4.48
	-11.07 -4.681
	-11.07 -4.881
	-11.07 -5.082
	-11.07 -5.101
	-10.871 -5.101
	-10.67 -5.101
	-10.47 -5.101
	-10.269 -5.101
	-10.068 -5.101
	-9.868 -5.101
	-9.667 -5.101
	-9.466 -5.101
	-9.3403 -5.101
	-9.59886 -4.91609
	-9.86065 -4.70898
	-10.1164 -4.4852
	-10.3664 -4.24206
	-10.5962 -3.99219
	-10.8146 -3.73172
	-11.0189 -3.45827
	-11.07 -3.38273
	-11.07 -3.477

-26.5
	1.072 -6.196
	1.072 -5.995
	1.072 -5.794
	1.072 -5.594
	1.072 -5.393
	1.072 -5.192
	1.072 -4.992
	1.072 -4.791
	1.072 -4.591
	1.072 -4.39
	1.072 -4.189
	1.072 -3.989
	1.072 -3.788
	1.072 -3.587
	1.072 -3.387
	1.072 -3.186
	1.072 -2.985
	1.072 -2.785
	1.072 -2.584
	1.072 -2.383
	1.072 -2.183
	1.072 -1.982
	1.072 -1.781
	1.072 -1.581
	1.072 -1.38
	1.072 -1.18
	1.072 -0.979
	1.072 -0.778
	1.072 -0.578
	1.072 -0.377
	1.072 -0.176
	1.072 0.024
	1.072 0.225
	1.072 0.426
	1.072 0.626
	1.072 0.827
	1.072 1.028
	1.072 1.228
	1.072 1.429
	1.072 1.629
	1.072 1.83
	1.072 2.031
	1.072 2.231
	1.072 2.432
	1.072 2.633
	1.072 2.833
	1.072 3.034
	1.072 3.235
	1.072 3.435
	1.072 3.636
	1.072 3.837
	1.072 4.037
	1.072 4.238
	1.072 4.439
	1.072 4.639
	1.072 4.84
	1.072 5.04
	1.072 5.241
	1.072 5.442
	1.072 5.642
	1.072 5.843
	1.072 6.044
	1.072 6.244
	1.072 6.445
	1.072 6.646
	1.072 6.846
	1.072 7.047
	1.072 7.062
	0.877 7.062
	0.676 7.062
	0.476 7.062
	0.275 7.062
	0.074 7.062
	-0.126 7.062
	-0.327 7.062
	-0.528 7.062
	-0.728 7.062
	-0.929 7.062
	-1.129 7.062
	-1.33 7.062
	-1.531 7.062
	-1.731 7.062
	-1.932 7.062
	-2.133 7.062
	-2.333 7.062
	-2.534 7.062
	-2.735 7.062
	-2.935 7.062
	-3.136 7.062
	-3.337 7.062
	-3.537 7.062
	-3.738 7.062
	-3.939 7.062
	-4.139 7.062
	-4.34 7.062
	-4.54 7.062
	-4.741 7.062
	-4.942 7.062
	-5.142 7.062
	-5.343 7.062
	-5.544 7.062
	-5.744 7.062
	-5.945 7.062
	-6.146 7.062
	-6.346 7.062
	-6.547 7.062
	-6.748 7.062
	-6.948 7.062
	-7.149 7.062
	-7.349 7.062
	-7.55 7.062
	-7.751 7.062
	-7.951 7.062
	-8.152 7.062
	-8.353 7.062
	-8.553 7.062
	-8.754 7.062
	-8.955 7.062
	-9.155 7.062
	-9.356 7.062
	-9.557 7.062
	-9.757 7.062
	-9.958 7.062
	-10.159 7.062
	-10.359 7.062
	-10.56 7.062
	-10.76 7.062
	-10.961 7.062
	-11.162 7.062
	-11.362 7.062
	-11.563 7.062
	-11.764 7.062
	-11.964 7.062
	-12.165 7.062
	-12.27 7.062
	-12.27 6.957
	-12.27 6.756
	-12.27 6.556
	-12.27 6.355
	-12.27 6.154
	-12.27 5.954
	-12.27 5.753
	-12.27 5.552
	-12.27 5.352
	-12.27 5.151
	-12.27 4.95
	-12.27 4.75
	-12.27 4.549
	-12.27 4.348
	-12.27 4.148
	-12.27 3.947
	-12.27 3.747
	-12.27 3.546
	-12.27 3.345
	-12.27 3.145
	-12.27 2.944
	-12.27 2.743
	-12.27 2.543
	-12.27 2.342
	-12.27 2.141
	-12.27 1.941
	-12.27 1.74
	-12.27 1.539
	-12.27 1.339
	-12.27 1.138
	-12.27 0.937
	-12.27 0.737
	-12.27 0.536
	-12.27 0.336
	-12.27 0.135
	-12.27 -0.066
	-12.27 -0.266
	-12.27 -0.467
	-12.27 -0.668
	-12.27 -0.868
	-12.27 -1.069
	-12.27 -1.27
	-12.27 -1.47
	-12.27 -1.671
	-12.27 -1.872
	-12.27 -2.072
	-12.27 -2.273
	-12.27 -2.474
	-12.27 -2.674
	-12.27 -2.875
	-12.27 -3.075
	-12.27 -3.276
	-12.27 -3.477
	-12.27 -3.677
	-12.27 -3.878
	-12.27 -4.079
	-12.27 -4.279
	-12.27 -4.48
	-12.27 -4.681
	-12.27 -4.881
	-12.27 -5.082
	-12.27 -5.283
	-12.27 -5.483
	-12.27 -5.684
	-12.27 -5.884
	-12.27 -6.085
	-12.27 -6.286
	-12.27 -6.301
	-12.075 -6.301
	-11.874 -6.301
	-11.674 -6.301
	-11.473 -6.301
	-11.272 -6.301
	-11.072 -6.301
	-10.871 -6.301
	-10.67 -6.301
	-10.47 -6.301
	-10.269 -6.301
	-10.068 -6.301
	-9.868 -6.301
	-9.667 -6.301
	-9.466 -6.301
	-9.266 -6.301
	-9.065 -6.301
	-8.865 -6.301
	-8.664 -6.301
	-8.463 -6.301
	-8.263 -6.301
	-8.062 -6.301
	-7.861 -6.301
	-7.661 -6.301
	-7.46 -6.301
	-7.259 -6.301
	-7.059 -6.301
	-6.858 -6.301
	-6.657 -6.301
	-6.457 -6.301
	-6.256 -6.301
	-6.056 -6.301
	-5.855 -6.301
	-5.654 -6.301
	-5.454 -6.301
	-5.253 -6.301
	-5.052 -6.301
	-4.852 -6.301
	-4.651 -6.301
	-4.45 -6.301
	-4.25 -6.301
	-4.049 -6.301
	-3.848 -6.301
	-3.648 -6.301
	-3.447 -6.301
	-3.246 -6.301
	-3.046 -6.301
	-2.845 -6.301
	-2.645 -6.301
	-2.444 -6.301
	-2.243 -6.301
	-2.043 -6.301
	-1.842 -6.301
	-1.641 -6.301
	-1.441 -6.301
	-1.24 -6.301
	-1.039 -6.301
	-0.839 -6.301
	-0.638 -6.301
	-0.437 -6.301
	-0.237 -6.301
	-0.036 -6.301
	0.164 -6.301
	0.365 -6.301
	0.566 -6.301
	0.766 -6.301
	0.967 -6.301
	1.072 -6.301
	1.072 -6.196

	-0.266335 0.381111
	-0.274769 0.0971685
	-0.296697 -0.178297
	-0.332881 -0.456633
	-0.384498 -0.732856
	-0.449171 -1.00256
	-0.528093 -1.27117
	-0.622863 -1.53992
	-0.730574 -1.79677
	-0.849984 -2.04947
	-0.985435 -2.29664
	-1.1286 -2.53116
	-1.28799 -2.76465
	-1.46088 -2.98955
	-1.64333 -3.20263
	-1.83502 -3.40398
	-2.03637 -3.59567
	-2.24945 -3.77812
	-2.47435 -3.95101
	-2.70623 -4.1093
	-2.94117 -4.25356
	-3.19113 -4.38978
	-3.44223 -4.50843
	-3.69908 -4.61614
	-3.96684 -4.71056
	-4.23525 -4.78983
	-4.50699 -4.85466
	-4.78237 -4.90612
	-5.0607 -4.9423
	-5.33978 -4.96452
	-5.61891 -4.97146
	-5.89913 -4.96453
	-6.1783 -4.9423
	-6.45663 -4.90612
	-6.73286 -4.8545
	-7.00256 -4.78983
	-7.27117 -4.71091
	-7.53992 -4.61614
	-7.79677 -4.50843
	-8.04948 -4.38902
	-8.29664 -4.25356
	-8.53116 -4.1104
	-8.76465 -3.95101
	-8.98955 -3.77812
	-9.20263 -3.59567
	-9.40398 -3.40398
	-9.59567 -3.20263
	-9.77812 -2.98955
	-9.95101 -2.76465
	-10.1104 -2.53116
	-10.2536 -2.29664
	-10.389 -2.04947
	-10.5084 -1.79677
	-10.6161 -1.53992
	-10.7109 -1.27117
	-10.7898 -1.00256
	-10.8545 -0.732855
	-10.9061 -0.456633
	-10.9423 -0.178296
	-10.9645 0.10087
	-10.9715 0.381092
	-10.9645 0.660222
	-10.9423 0.939296
	-10.9061 1.21763
	-10.8547 1.49301
	-10.7898 1.76475
	-10.7106 2.03316
	-10.6161 2.30092
	-10.5084 2.55777
	-10.3898 2.80887
	-10.2536 3.05883
	-10.1093 3.29377
	-9.95101 3.52565
	-9.77812 3.75055
	-9.59567 3.96363
	-9.40398 4.16498
	-9.20263 4.35667
	-8.98955 4.53912
	-8.76465 4.71201
	-8.53116 4.8714
	-8.29664 5.01457
	-8.04947 5.15002
	-7.79677 5.26943
	-7.53992 5.37714
	-7.27117 5.47191
	-7.00256 5.55083
	-6.73286 5.6155
	-6.45663 5.66712
	-6.1783 5.7033
	-5.90283 5.72523
	-5.61889 5.73366
	-5.33606 5.72522
	-5.0607 5.7033
	-4.78237 5.66712
	-4.50699 5.61566
	-4.23525 5.55083
	-3.96684 5.47156
	-3.69908 5.37714
	-3.44223 5.26943
	-3.19113 5.15078
	-2.94117 5.01456
	-2.70623 4.8703
	-2.47435 4.71201
	-2.24945 4.53912
	-2.03637 4.35667
	-1.83502 4.16498
	-1.64333 3.96363
	-1.46088 3.75055
	-1.28799 3.52565
	-1.1297 3.29377
	-0.98544 3.05883
	-0.849224 2.80887
	-0.730574 2.55777
	-0.622863 2.30092
	-0.528443 2.03316
	-0.449172 1.76475
	-0.384339 1.49301
	-0.332881 1.21763
	-0.296697 0.939297
	-0.274778 0.663942
	-0.266335 0.381111

	-0.128 -4.992
	-0.128 -4.791
	-0.128 -4.591
	-0.128 -4.39
	-0.128 -4.189
	-0.128 -3.989
	-0.128 -3.788
	-0.128 -3.587
	-0.128 -3.387
	-0.128 -3.19379
	-0.315986 -3.46917
	-0.528784 -3.74598
	-0.752391 -4.00714
	-0.986236 -4.25276
	-1.23186 -4.48661
	-1.49302 -4.71022
	-1.76983 -4.92301
	-2.03056 -5.101
	-1.842 -5.101
	-1.641 -5.101
	-1.441 -5.101
	-1.24 -5.101
	-1.039 -5.101
	-0.839 -5.101
	-0.638 -5.101
	-0.437 -5.101
	-0.237 -5.101
	-0.128 -5.101
	-0.128 -4.992

	-0.128 4.037
	-0.128 4.238
	-0.128 4.439
	-0.128 4.639
	-0.128 4.84
	-0.128 5.04
	-0.128 5.241
	-0.128 5.442
	-0.128 5.642
	-0.128 5.843
	-0.128 5.862
	-0.327 5.862
	-0.528 5.862
	-0.728 5.862
	-0.929 5.862
	-1.129 5.862
	-1.33 5.862
	-1.531 5.862
	-1.731 5.862
	-1.932 5.862
	-2.03056 5.862
	-1.76983 5.68401
	-1.49302 5.47122
	-1.23186 5.24761
	-0.986236 5.01376
	-0.752391 4.76814
	-0.528784 4.50698
	-0.315986 4.23017
	-0.128 3.95479
	-0.128 4.037

	-9.356 5.862
	-9.557 5.862
	-9.757 5.862
	-9.958 5.862
	-10.159 5.862
	-10.359 5.862
	-10.56 5.862
	-10.76 5.862
	-10.961 5.862
	-11.07 5.862
	-11.07 5.753
	-11.07 5.552
	-11.07 5.352
	-11.07 5.151
	-11.07 4.95
	-11.07 4.75
	-11.07 4.549
	-11.07 4.348
	-11.07 4.148
	-11.07 4.01485
	-10.923 4.23017
	-10.7102 4.50698
	-10.4866 4.76814
	-10.2528 5.01377
	-10.0071 5.24761
	-9.74598 5.47122
	-9.46917 5.68401
	-9.20844 5.862
	-9.356 5.862

	-11.07 -3.276
	-11.07 -3.477
	-11.07 -3.677
	-11.07 -3.878
	-11.07 -4.079
	-11.07 -4.279
	-11.07 -4.48
	-11.07 -4.681
	-11.07 -4.881
	-11.07 -5.082
	-11.07 -5.101
	-10.871 -5.101
	-10.67 -5.101
	-10.47 -5.101
	-10.269 -5.101
	-10.068 -5.101
	-9.868 -5.101
	-9.667 -5.101
	-9.466 -5.101
	-9.266 -5.101
	-9.20844 -5.101
	-9.46917 -4.92301
	-9.74598 -4.71022
	-10.0071 -4.48661
	-10.2528 -4.25277
	-10.4866 -4.00714
	-10.7102 -3.74598
	-10.923 -3.46918
	-11.07 -3.25385
	-11.07 -3.276

-26
	1.072 -6.196
	1.072 -5.995
	1.072 -5.794
	1.072 -5.594
	1.072 -5.393
	1.072 -5.192
	1.072 -4.992
	1.072 -4.791
	1.072 -4.591
	1.072 -4.39
	1.072 -4.189
	1.072 -3.989
	1.072 -3.788
	1.072 -3.587
	1.072 -3.387
	1.072 -3.186
	1.072 -2.985
	1.072 -2.785
	1.072 -2.584
	1.072 -2.383
	1.072 -2.183
	1.072 -1.982
	1.072 -1.781
	1.072 -1.581
	1.072 -1.38
	1.072 -1.18
	1.072 -0.979
	1.072 -0.778
	1.072 -0.578
	1.072 -0.377
	1.072 -0.176
	1.072 0.024
	1.072 0.225
	1.072 0.426
	1.072 0.626
	1.072 0.827
	1.072 1.028
	1.072 1.228
	1.072 1.429
	1.072 1.629
	1.072 1.83
	1.072 2.031
	1.072 2.231
	1.072 2.432
	1.072 2.633
	1.072 2.833
	1.072 3.034
	1.072 3.235
	1.072 3.435
	1.072 3.636
	1.072 3.837
	1.072 4.037
	1.072 4.238
	1.072 4.439
	1.072 4.639
	1.072 4.84
	1.072 5.04
	1.072 5.241
	1.072 5.442
	1.072 5.642
	1.072 5.843
	1.072 6.044
	1.072 6.244
	1.072 6.445
	1.072 6.646
	1.072 6.846
	1.072 7.047
	1.072 7.062
	0.877 7.062
	0.676 7.062
	0.476 7.062
	0.275 7.062
	0.074 7.062
	-0.126 7.062
	-0.327 7.062
	-0.528 7.062
	-0.728 7.062
	-0.929 7.062
	-1.129 7.062
	-1.33 7.062
	-1.531 7.062
	-1.731 7.062
	-1.932 7.062
	-2.133 7.062
	-2.333 7.062
	-2.534 7.062
	-2.735 7.062
	-2.935 7.062
	-3.136 7.062
	-3.337 7.062
	-3.537 7.062
	-3.738 7.062
	-3.939 7.062
	-4.139 7.062
	-4.34 7.062
	-4.54 7.062
	-4.741 7.062
	-4.942 7.062
	-5.142 7.062
	-5.343 7.062
	-5.544 7.062
	-5.744 7.062
	-5.945 7.062
	-6.146 7.062
	-6.346 7.062
	-6.547 7.062
	-6.748 7.062
	-6.948 7.062
	-7.149 7.062
	-7.349 7.062
	-7.55 7.062
	-7.751 7.062
	-7.951 7.062
	-8.152 7.062
	-8.353 7.062
	-8.553 7.062
	-8.754 7.062
	-8.955 7.062
	-9.155 7.062
	-9.356 7.062
	-9.557 7.062
	-9.757 7.062
	-9.958 7.062
	-10.159 7.062
	-10.359 7.062
	-10.56 7.062
	-10.76 7.062
	-10.961 7.062
	-11.162 7.062
	-11.362 7.062
	-11.563 7.062
	-11.764 7.062
	-11.964 7.062
	-12.165 7.062
	-12.27 7.062
	-12.27 6.957
	-12.27 6.756
	-12.27 6.556
	-12.27 6.355
	-12.27 6.154
	-12.27 5.954
	-12.27 5.753
	-12.27 5.552
	-12.27 5.352
	-12.27 5.151
	-12.27 4.95
	-12.27 4.75
	-12.27 4.549
	-12.27 4.348
	-12.27 4.148
	-12.27 3.947
	-12.27 3.747
	-12.27 3.546
	-12.27 3.345
	-12.27 3.145
	-12.27 2.944
	-12.27 2.743
	-12.27 2.543
	-12.27 2.342
	-12.27 2.141
	-12.27 1.941
	-12.27 1.74
	-12.27 1.539
	-12.27 1.339
	-12.27 1.138
	-12.27 0.937
	-12.27 0.737
	-12.27 0.536
	-12.27 0.336
	-12.27 0.135
	-12.27 -0.066
	-12.27 -0.266
	-12.27 -0.467
	-12.27 -0.668
	-12.27 -0.868
	-12.27 -1.069
	-12.27 -1.27
	-12.27 -1.47
	-12.27 -1.671
	-12.27 -1.872
	-12.27 -2.072
	-12.27 -2.273
	-12.27 -2.474
	-12.27 -2.674
	-12.27 -2.875
	-12.27 -3.075
	-12.27 -3.276
	-12.27 -3.477
	-12.27 -3.677
	-12.27 -3.878
	-12.27 -4.079
	-12.27 -4.279
	-12.27 -4.48
	-12.27 -4.681
	-12.27 -4.881
	-12.27 -5.082
	-12.27 -5.283
	-12.27 -5.483
	-12.27 -5.684
	-12.27 -5.884
	-12.27 -6.085
	-12.27 -6.286
	-12.27 -6.301
	-12.075 -6.301
	-11.874 -6.301
	-11.674 -6.301
	-11.473 -6.301
	-11.272 -6.301
	-11.072 -6.301
	-10.871 -6.301
	-10.67 -6.301
	-10.47 -6.301
	-10.269 -6.301
	-10.068 -6.301
	-9.868 -6.301
	-9.667 -6.301
	-9.466 -6.301
	-9.266 -6.301
	-9.065 -6.301
	-8.865 -6.301
	-8.664 -6.301
	-8.463 -6.301
	-8.263 -6.301
	-8.062 -6.301
	-7.861 -6.301
	-7.661 -6.301
	-7.46 -6.301
	-7.259 -6.301
	-7.059 -6.301
	-6.858 -6.301
	-6.657 -6.301
	-6.457 -6.301
	-6.256 -6.301
	-6.056 -6.301
	-5.855 -6.301
	-5.654 -6.301
	-5.454 -6.301
	-5.253 -6.301
	-5.052 -6.301
	-4.852 -6.301
	-4.651 -6.301
	-4.45 -6.301
	-4.25 -6.301
	-4.049 -6.301
	-3.848 -6.301
	-3.648 -6.301
	-3.447 -6.301
	-3.246 -6.301
	-3.046 -6.301
	-2.845 -6.301
	-2.645 -6.301
	-2.444 -6.301
	-2.243 -6.301
	-2.043 -6.301
	-1.842 -6.301
	-1.641 -6.301
	-1.441 -6.301
	-1.24 -6.301
	-1.039 -6.301
	-0.839 -6.301
	-0.638 -6.301
	-0.437 -6.301
	-0.237 -6.301
	-0.036 -6.301
	0.164 -6.301
	0.365 -6.301
	0.566 -6.301
	0.766 -6.301
	0.967 -6.301
	1.072 -6.301
	1.072 -6.196

	-0.339342 0.38111
	-0.347743 0.0968629
	-0.369872 -0.1839
	-0.407861 -0.466707
	-0.461375 -0.746951
	-0.529669 -1.02152
	-0.611126 -1.28936
	-0.707911 -1.55727
	-0.819823 -1.81887
	-0.943665 -2.07212
	-1.08393 -2.32289
	-1.23485 -2.55966
	-1.39621 -2.7886
	-1.57453 -3.01361
	-1.76347 -3.22635
	-1.96222 -3.4279
	-2.17344 -3.61954
	-2.39157 -3.79738
	-2.62198 -3.96597
	-2.85746 -4.11834
	-3.0999 -4.25965
	-3.35613 -4.38988
	-3.61628 -4.50458
	-3.88282 -4.60558
	-4.14942 -4.68984
	-4.42356 -4.76257
	-4.70433 -4.81901
	-4.98292 -4.86059
	-5.26616 -4.88723
	-5.54684 -4.89829
	-5.8313 -4.89549
	-6.11443 -4.87587
	-6.3982 -4.84215
	-6.67842 -4.79146
	-6.94999 -4.72837
	-7.22248 -4.65011
	-7.49307 -4.55569
	-7.75355 -4.44843
	-8.01103 -4.32669
	-8.2602 -4.1909
	-8.49978 -4.04411
	-8.73263 -3.88376
	-8.96052 -3.70825
	-9.1728 -3.52371
	-9.37672 -3.32951
	-9.57165 -3.12045
	-9.75329 -2.90415
	-9.92454 -2.67674
	-10.0838 -2.43852
	-10.2265 -2.19755
	-10.3587 -1.94708
	-10.4763 -1.68948
	-10.5807 -1.42621
	-10.6706 -1.15669
	-10.7461 -0.88265
	-10.806 -0.60686
	-10.8523 -0.324613
	-10.8818 -0.0425909
	-10.897 0.238387
	-10.897 0.522613
	-10.8818 0.803591
	-10.8523 1.08561
	-10.806 1.36786
	-10.7461 1.64365
	-10.6706 1.91769
	-10.5807 2.18721
	-10.4763 2.45048
	-10.3587 2.70808
	-10.2265 2.95855
	-10.0838 3.19952
	-9.92454 3.43774
	-9.75329 3.66515
	-9.57165 3.88145
	-9.37672 4.09051
	-9.1728 4.28471
	-8.96052 4.46925
	-8.73263 4.64476
	-8.49978 4.80511
	-8.2602 4.9519
	-8.01103 5.08769
	-7.75355 5.20943
	-7.49307 5.31669
	-7.22583 5.40994
	-6.94999 5.49057
	-6.67488 5.5531
	-6.3982 5.60315
	-6.11443 5.63687
	-5.8313 5.65649
	-5.54684 5.65929
	-5.26616 5.64823
	-4.98292 5.62159
	-4.70432 5.58001
	-4.42707 5.52428
	-4.14942 5.45203
	-3.87952 5.36533
	-3.61628 5.26558
	-3.35613 5.15088
	-3.10276 5.0221
	-2.85747 4.88053
	-2.61947 4.72513
	-2.39157 4.55838
	-2.17344 4.38054
	-1.96222 4.1889
	-1.76347 3.98735
	-1.57453 3.77461
	-1.39621 3.5496
	-1.23485 3.32066
	-1.08393 3.08389
	-0.943665 2.83312
	-0.819823 2.57987
	-0.707911 2.31827
	-0.611126 2.05036
	-0.529669 1.78252
	-0.461375 1.50795
	-0.407861 1.22771
	-0.369872 0.9449
	-0.347752 0.664246
	-0.339342 0.38111

	-0.128 -4.992
	-0.128 -4.791
	-0.128 -4.591
	-0.128 -4.39
	-0.128 -4.189
	-0.128 -3.989
	-0.128 -3.788
	-0.128 -3.587
	-0.128 -3.387
	-0.128 -3.186
	-0.128 -3.05573
	-0.237936 -3.22819
	-0.434778 -3.50747
	-0.654946 -3.78531
	-0.887043 -4.04663
	-1.13119 -4.29422
	-1.3906 -4.52957
	-1.65763 -4.74728
	-1.94116 -4.95474
	-2.1672 -5.101
	-2.043 -5.101
	-1.842 -5.101
	-1.641 -5.101
	-1.441 -5.101
	-1.24 -5.101
	-1.039 -5.101
	-0.839 -5.101
	-0.638 -5.101
	-0.437 -5.101
	-0.237 -5.101
	-0.128 -5.101
	-0.128 -4.992

	-0.128 3.837
	-0.128 4.037
	-0.128 4.238
	-0.128 4.439
	-0.128 4.639
	-0.128 4.84
	-0.128 5.04
	-0.128 5.241
	-0.128 5.442
	-0.128 5.642
	-0.128 5.843
	-0.128 5.862
	-0.327 5.862
	-0.528 5.862
	-0.728 5.862
	-0.929 5.862
	-1.129 5.862
	-1.33 5.862
	-1.531 5.862
	-1.731 5.862
	-1.932 5.862
	-2.133 5.862
	-2.1657 5.862
	-1.93665 5.71244
	-1.65763 5.50828
	-1.3906 5.29057
	-1.13119 5.05522
	-0.887043 4.80763
	-0.654946 4.54631
	-0.434778 4.26847
	-0.237936 3.98919
	-0.128 3.81673
	-0.128 3.837

	-9.155 5.862
	-9.356 5.862
	-9.557 5.862
	-9.757 5.862
	-9.958 5.862
	-10.159 5.862
	-10.359 5.862
	-10.56 5.862
	-10.76 5.862
	-10.961 5.862
	-11.07 5.862
	-11.07 5.753
	-11.07 5.552
	-11.07 5.352
	-11.07 5.151
	-11.07 4.95
	-11.07 4.75
	-11.07 4.549
	-11.07 4.348
	-11.07 4.148
	-11.07 3.947
	-11.07 3.88354
	-10.9034 4.13273
	-10.6927 4.41247
	-10.4706 4.67701
	-10.2301 4.93491
	-9.98065 5.17248
	-9.72093 5.39825
	-9.43954 5.61497
	-9.15401 5.81159
	-9.07174 5.862
	-9.155 5.862

	-11.07 -3.276
	-11.07 -3.477
	-11.07 -3.677
	-11.07 -3.878
	-11.07 -4.079
	-11.07 -4.279
	-11.07 -4.48
	-11.07 -4.681
	-11.07 -4.881
	-11.07 -5.082
	-11.07 -5.101
	-10.871 -5.101
	-10.67 -5.101
	-10.47 -5.101
	-10.269 -5.101
	-10.068 -5.101
	-9.868 -5.101
	-9.667 -5.101
	-9.466 -5.101
	-9.266 -5.101
	-9.07174 -5.101
	-9.15401 -5.05059
	-9.43954 -4.85397
	-9.72093 -4.63725
	-9.98065 -4.41148
	-10.2301 -4.17391
	-10.4706 -3.91602
	-10.6927 -3.65147
	-10.9034 -3.37173
	-11.07 -3.12254
	-11.07 -3.276

-25.5
	1.072 -6.196
	1.072 -5.995
	1.072 -5.794
	1.072 -5.594
	1.072 -5.393
	1.072 -5.192
	1.072 -4.992
	1.072 -4.791
	1.072 -4.591
	1.072 -4.39
	1.072 -4.189
	1.072 -3.989
	1.072 -3.788
	1.072 -3.587
	1.072 -3.387
	1.072 -3.186
	1.072 -2.985
	1.072 -2.785
	1.072 -2.584
	1.072 -2.383
	1.072 -2.183
	1.072 -1.982
	1.072 -1.781
	1.072 -1.581
	1.072 -1.38
	1.072 -1.18
	1.072 -0.979
	1.072 -0.778
	1.072 -0.578
	1.072 -0.377
	1.072 -0.176
	1.072 0.024
	1.072 0.225
	1.072 0.426
	1.072 0.626
	1.072 0.827
	1.072 1.028
	1.072 1.228
	1.072 1.429
	1.072 1.629
	1.072 1.83
	1.072 2.031
	1.072 2.231
	1.072 2.432
	1.072 2.633
	1.072 2.833
	1.072 3.034
	1.072 3.235
	1.072 3.435
	1.072 3.636
	1.072 3.837
	1.072 4.037
	1.072 4.238
	1.072 4.439
	1.072 4.639
	1.072 4.84
	1.072 5.04
	1.072 5.241
	1.072 5.442
	1.072 5.642
	1.072 5.843
	1.072 6.044
	1.072 6.244
	1.072 6.445
	1.072 6.646
	1.072 6.846
	1.072 7.047
	1.072 7.062
	0.877 7.062
	0.676 7.062
	0.476 7.062
	0.275 7.062
	0.074 7.062
	-0.126 7.062
	-0.327 7.062
	-0.528 7.062
	-0.728 7.062
	-0.929 7.062
	-1.129 7.062
	-1.33 7.062
	-1.531 7.062
	-1.731 7.062
	-1.932 7.062
	-2.133 7.062
	-2.333 7.062
	-2.534 7.062
	-2.735 7.062
	-2.935 7.062
	-3.136 7.062
	-3.337 7.062
	-3.537 7.062
	-3.738 7.062
	-3.939 7.062
	-4.139 7.062
	-4.34 7.062
	-4.54 7.062
	-4.741 7.062
	-4.942 7.062
	-5.142 7.062
	-5.343 7.062
	-5.544 7.062
	-5.744 7.062
	-5.945 7.062
	-6.146 7.062
	-6.346 7.062
	-6.547 7.062
	-6.748 7.062
	-6.948 7.062
	-7.149 7.062
	-7.349 7.062
	-7.55 7.062
	-7.751 7.062
	-7.951 7.062
	-8.152 7.062
	-8.353 7.062
	-8.553 7.062
	-8.754 7.062
	-8.955 7.062
	-9.155 7.062
	-9.356 7.062
	-9.557 7.062
	-9.757 7.062
	-9.958 7.062
	-10.159 7.062
	-10.359 7.062
	-10.56 7.062
	-10.76 7.062
	-10.961 7.062
	-11.162 7.062
	-11.362 7.062
	-11.563 7.062
	-11.764 7.062
	-11.964 7.062
	-12.165 7.062
	-12.27 7.062
	-12.27 6.957
	-12.27 6.756
	-12.27 6.556
	-12.27 6.355
	-12.27 6.154
	-12.27 5.954
	-12.27 5.753
	-12.27 5.552
	-12.27 5.352
	-12.27 5.151
	-12.27 4.95
	-12.27 4.75
	-12.27 4.549
	-12.27 4.348
	-12.27 4.148
	-12.27 3.947
	-12.27 3.747
	-12.27 3.546
	-12.27 3.345
	-12.27 3.145
	-12.27 2.944
	-12.27 2.743
	-12.27 2.543
	-12.27 2.342
	-12.27 2.141
	-12.27 1.941
	-12.27 1.74
	-12.27 1.539
	-12.27 1.339
	-12.27 1.138
	-12.27 0.937
	-12.27 0.737
	-12.27 0.536
	-12.27 0.336
	-12.27 0.135
	-12.27 -0.066
	-12.27 -0.266
	-12.27 -0.467
	-12.27 -0.668
	-12.27 -0.868
	-12.27 -1.069
	-12.27 -1.27
	-12.27 -1.47
	-12.27 -1.671
	-12.27 -1.872
	-12.27 -2.072
	-12.27 -2.273
	-12.27 -2.474
	-12.27 -2.674
	-12.27 -2.875
	-12.27 -3.075
	-12.27 -3.276
	-12.27 -3.477
	-12.27 -3.677
	-12.27 -3.878
	-12.27 -4.079
	-12.27 -4.279
	-12.27 -4.48
	-12.27 -4.681
	-12.27 -4.881
	-12.27 -5.082
	-12.27 -5.283
	-12.27 -5.483
	-12.27 -5.684
	-12.27 -5.884
	-12.27 -6.085
	-12.27 -6.286
	-12.27 -6.301
	-12.075 -6.301
	-11.874 -6.301
	-11.674 -6.301
	-11.473 -6.301
	-11.272 -6.301
	-11.072 -6.301
	-10.871 -6.301
	-10.67 -6.301
	-10.47 -6.301
	-10.269 -6.301
	-10.068 -6.301
	-9.868 -6.301
	-9.667 -6.301
	-9.466 -6.301
	-9.266 -6.301
	-9.065 -6.301
	-8.865 -6.301
	-8.664 -6.301
	-8.463 -6.301
	-8.263 -6.301
	-8.062 -6.301
	-7.861 -6.301
	-7.661 -6.301
	-7.46 -6.301
	-7.259 -6.301
	-7.059 -6.301
	-6.858 -6.301
	-6.657 -6.301
	-6.457 -6.301
	-6.256 -6.301
	-6.056 -6.301
	-5.855 -6.301
	-5.654 -6.301
	-5.454 -6.301
	-5.253 -6.301
	-5.052 -6.301
	-4.852 -6.301
	-4.651 -6.301
	-4.45 -6.301
	-4.25 -6.301
	-4.049 -6.301
	-3.848 -6.301
	-3.648 -6.301
	-3.447 -6.301
	-3.246 -6.301
	-3.046 -6.301
	-2.845 -6.301
	-2.645 -6.301
	-2.444 -6.301
	-2.243 -6.301
	-2.043 -6.301
	-1.842 -6.301
	-1.641 -6.301
	-1.441 -6.301
	-1.24 -6.301
	-1.039 -6.301
	-0.839 -6.301
	-0.638 -6.301
	-0.437 -6.301
	-0.237 -6.301
	-0.036 -6.301
	0.164 -6.301
	0.365 -6.301
	0.566 -6.301
	0.766 -6.301
	0.967 -6.301
	1.072 -6.301
	1.072 -6.196

	-0.412543 0.381091
	-0.419551 0.0965647
	-0.443753 -0.19101
	-0.482645 -0.468811
	-0.535543 -0.745831
	-0.604788 -1.02281
	-0.689755 -1.29754
	-0.789169 -1.56357
	-0.901397 -1.8231
	-1.02897 -2.07685
	-1.16917 -2.32359
	-1.32441 -2.56351
	-1.49173 -2.79411
	-1.6713 -3.01436
	-1.86192 -3.2246
	-2.06562 -3.42548
	-2.27856 -3.61319
	-2.49973 -3.78846
	-2.73426 -3.95476
	-2.97705 -4.10581
	-3.22079 -4.24076
	-3.47725 -4.36617
	-3.74234 -4.47674
	-4.01066 -4.57227
	-4.28573 -4.65309
	-4.5614 -4.71746
	-4.8394 -4.7675
	-5.12147 -4.80258
	-5.40496 -4.82223
	-5.69227 -4.8265
	-5.97568 -4.81387
	-6.25563 -4.78754
	-6.53753 -4.74525
	-6.81666 -4.68745
	-7.0934 -4.61403
	-7.36431 -4.5256
	-7.62906 -4.42334
	-7.88712 -4.30694
	-8.14092 -4.17581
	-8.38488 -4.03139
	-8.62328 -3.8734
	-8.85278 -3.70056
	-9.06812 -3.51996
	-9.27368 -3.32828
	-9.47123 -3.12373
	-9.65988 -2.90507
	-9.83242 -2.67922
	-9.9929 -2.44618
	-10.1418 -2.20084
	-10.2751 -1.95117
	-10.3947 -1.69508
	-10.5015 -1.43113
	-10.5929 -1.16254
	-10.6711 -0.885104
	-10.7318 -0.605447
	-10.777 -0.33149
	-10.8094 -0.0491553
	-10.825 0.23819
	-10.825 0.52281
	-10.8094 0.810155
	-10.777 1.09249
	-10.7318 1.36645
	-10.6711 1.6461
	-10.5929 1.92354
	-10.5015 2.19213
	-10.3947 2.45608
	-10.2751 2.71217
	-10.1418 2.96184
	-9.9929 3.20718
	-9.83243 3.44022
	-9.65987 3.66607
	-9.47123 3.88473
	-9.27556 4.08734
	-9.06811 4.28217
	-8.8505 4.46328
	-8.62328 4.6344
	-8.38488 4.79239
	-8.14092 4.93681
	-7.88712 5.06794
	-7.62906 5.18434
	-7.36431 5.2866
	-7.0934 5.37503
	-6.81666 5.44845
	-6.53753 5.50625
	-6.25927 5.54799
	-5.97567 5.57607
	-5.68856 5.58744
	-5.40496 5.58323
	-5.12147 5.56358
	-4.84301 5.52895
	-4.56138 5.47966
	-4.28227 5.41307
	-4.01066 5.33327
	-3.74234 5.23774
	-3.48033 5.12845
	-3.22371 5.00437
	-2.97431 4.86629
	-2.7317 4.71395
	-2.5021 4.55114
	-2.27856 4.37541
	-2.06365 4.18453
	-1.86192 3.9856
	-1.6713 3.77536
	-1.49311 3.55681
	-1.32441 3.32573
	-1.16917 3.08439
	-1.0298 2.8405
	-0.900736 2.58379
	-0.788654 2.3232
	-0.690139 2.05957
	-0.604787 1.78502
	-0.535375 1.50595
	-0.482645 1.22981
	-0.443753 0.95201
	-0.419559 0.664526
	-0.412543 0.381091

	-0.128 -4.992
	-0.128 -4.791
	-0.128 -4.591
	-0.128 -4.39
	-0.128 -4.189
	-0.128 -3.989
	-0.128 -3.788
	-0.128 -3.587
	-0.128 -3.387
	-0.128 -3.186
	-0.128 -2.985
	-0.128 -2.92024
	-0.142898 -2.94646
	-0.334335 -3.24232
	-0.540322 -3.5262
	-0.761138 -3.79705
	-0.995456 -4.05549
	-1.24692 -4.30346
	-1.5086 -4.53415
	-1.77951 -4.74883
	-2.06966 -4.95458
	-2.30503 -5.101
	-2.243 -5.101
	-2.043 -5.101
	-1.842 -5.101
	-1.641 -5.101
	-1.441 -5.101
	-1.24 -5.101
	-1.039 -5.101
	-0.839 -5.101
	-0.638 -5.101
	-0.437 -5.101
	-0.237 -5.101
	-0.128 -5.101
	-0.128 -4.992

	-0.128 3.837
	-0.128 4.037
	-0.128 4.238
	-0.128 4.439
	-0.128 4.639
	-0.128 4.84
	-0.128 5.04
	-0.128 5.241
	-0.128 5.442
	-0.128 5.642
	-0.128 5.843
	-0.128 5.862
	-0.327 5.862
	-0.528 5.862
	-0.728 5.862
	-0.929 5.862
	-1.129 5.862
	-1.33 5.862
	-1.531 5.862
	-1.731 5.862
	-1.932 5.862
	-2.133 5.862
	-2.30345 5.862
	-2.06505 5.71231
	-1.78378 5.51286
	-1.50861 5.29653
	-1.24337 5.06096
	-0.995456 4.81649
	-0.761139 4.55805
	-0.542807 4.29025
	-0.334342 4.00471
	-0.142907 3.70711
	-0.128 3.68102
	-0.128 3.837

	-8.955 5.862
	-9.155 5.862
	-9.356 5.862
	-9.557 5.862
	-9.757 5.862
	-9.958 5.862
	-10.159 5.862
	-10.359 5.862
	-10.56 5.862
	-10.76 5.862
	-10.961 5.862
	-11.07 5.862
	-11.07 5.753
	-11.07 5.552
	-11.07 5.352
	-11.07 5.151
	-11.07 4.95
	-11.07 4.75
	-11.07 4.549
	-11.07 4.348
	-11.07 4.148
	-11.07 3.947
	-11.07 3.747
	-11.07 3.74534
	-11.0008 3.85932
	-10.804 4.14519
	-10.5918 4.42293
	-10.3578 4.69412
	-10.1184 4.94201
	-9.8634 5.18151
	-9.59571 5.4043
	-9.31631 5.61471
	-9.02238 5.80951
	-8.9337 5.862
	-8.955 5.862

	-11.07 -3.075
	-11.07 -3.276
	-11.07 -3.477
	-11.07 -3.677
	-11.07 -3.878
	-11.07 -4.079
	-11.07 -4.279
	-11.07 -4.48
	-11.07 -4.681
	-11.07 -4.881
	-11.07 -5.082
	-11.07 -5.101
	-10.871 -5.101
	-10.67 -5.101
	-10.47 -5.101
	-10.269 -5.101
	-10.068 -5.101
	-9.868 -5.101
	-9.667 -5.101
	-9.466 -5.101
	-9.266 -5.101
	-9.065 -5.101
	-8.9337 -5.101
	-9.02238 -5.04851
	-9.31631 -4.85371
	-9.59981 -4.64021
	-9.86342 -4.41912
	-10.115 -4.18451
	-10.3578 -3.93312
	-10.5918 -3.66193
	-10.804 -3.38419
	-11.0008 -3.09832
	-11.07 -2.98434
	-11.07 -3.075

-25
	1.072 -6.196
	1.072 -5.995
	1.072 -5.794
	1.072 -5.594
	1.072 -5.393
	1.072 -5.192
	1.072 -4.992
	1.072 -4.791
	1.072 -4.591
	1.072 -4.39
	1.072 -4.189
	1.072 -3.989
	1.072 -3.788
	1.072 -3.587
	1.072 -3.387
	1.072 -3.186
	1.072 -2.985
	1.072 -2.785
	1.072 -2.584
	1.072 -2.383
	1.072 -2.183
	1.072 -1.982
	1.072 -1.781
	1.072 -1.581
	1.072 -1.38
	1.072 -1.18
	1.072 -0.979
	1.072 -0.778
	1.072 -0.578
	1.072 -0.377
	1.072 -0.176
	1.072 0.024
	1.072 0.225
	1.072 0.426
	1.072 0.626
	1.072 0.827
	1.072 1.028
	1.072 1.228
	1.072 1.429
	1.072 1.629
	1.072 1.83
	1.072 2.031
	1.072 2.231
	1.072 2.432
	1.072 2.633
	1.072 2.833
	1.072 3.034
	1.072 3.235
	1.072 3.435
	1.072 3.636
	1.072 3.837
	1.072 4.037
	1.072 4.238
	1.072 4.439
	1.072 4.639
	1.072 4.84
	1.072 5.04
	1.072 5.241
	1.072 5.442
	1.072 5.642
	1.072 5.843
	1.072 6.044
	1.072 6.244
	1.072 6.445
	1.072 6.646
	1.072 6.846
	1.072 7.047
	1.072 7.062
	0.877 7.062
	0.676 7.062
	0.476 7.062
	0.275 7.062
	0.074 7.062
	-0.126 7.062
	-0.327 7.062
	-0.528 7.062
	-0.728 7.062
	-0.929 7.062
	-1.129 7.062
	-1.33 7.062
	-1.531 7.062
	-1.731 7.062
	-1.932 7.062
	-2.133 7.062
	-2.333 7.062
	-2.534 7.062
	-2.735 7.062
	-2.935 7.062
	-3.136 7.062
	-3.337 7.062
	-3.537 7.062
	-3.738 7.062
	-3.939 7.062
	-4.139 7.062
	-4.34 7.062
	-4.54 7.062
	-4.741 7.062
	-4.942 7.062
	-5.142 7.062
	-5.343 7.062
	-5.544 7.062
	-5.744 7.062
	-5.945 7.062
	-6.146 7.062
	-6.346 7.062
	-6.547 7.062
	-6.748 7.062
	-6.948 7.062
	-7.149 7.062
	-7.349 7.062
	-7.55 7.062
	-7.751 7.062
	-7.951 7.062
	-8.152 7.062
	-8.353 7.062
	-8.553 7.062
	-8.754 7.062
	-8.955 7.062
	-9.155 7.062
	-9.356 7.062
	-9.557 7.062
	-9.757 7.062
	-9.958 7.062
	-10.159 7.062
	-10.359 7.062
	-10.56 7.062
	-10.76 7.062
	-10.961 7.062
	-11.162 7.062
	-11.362 7.062
	-11.563 7.062
	-11.764 7.062
	-11.964 7.062
	-12.165 7.062
	-12.27 7.062
	-12.27 6.957
	-12.27 6.756
	-12.27 6.556
	-12.27 6.355
	-12.27 6.154
	-12.27 5.954
	-12.27 5.753
	-12.27 5.552
	-12.27 5.352
	-12.27 5.151
	-12.27 4.95
	-12.27 4.75
	-12.27 4.549
	-12.27 4.348
	-12.27 4.148
	-12.27 3.947
	-12.27 3.747
	-12.27 3.546
	-12.27 3.345
	-12.27 3.145
	-12.27 2.944
	-12.27 2.743
	-12.27 2.543
	-12.27 2.342
	-12.27 2.141
	-12.27 1.941
	-12.27 1.74
	-12.27 1.539
	-12.27 1.339
	-12.27 1.138
	-12.27 0.937
	-12.27 0.737
	-12.27 0.536
	-12.27 0.336
	-12.27 0.135
	-12.27 -0.066
	-12.27 -0.266
	-12.27 -0.467
	-12.27 -0.668
	-12.27 -0.868
	-12.27 -1.069
	-12.27 -1.27
	-12.27 -1.47
	-12.27 -1.671
	-12.27 -1.872
	-12.27 -2.072
	-12.27 -2.273
	-12.27 -2.474
	-12.27 -2.674
	-12.27 -2.875
	-12.27 -3.075
	-12.27 -3.276
	-12.27 -3.477
	-12.27 -3.677
	-12.27 -3.878
	-12.27 -4.079
	-12.27 -4.279
	-12.27 -4.48
	-12.27 -4.681
	-12.27 -4.881
	-12.27 -5.082
	-12.27 -5.283
	-12.27 -5.483
	-12.27 -5.684
	-12.27 -5.884
	-12.27 -6.085
	-12.27 -6.286
	-12.27 -6.301
	-12.075 -6.301
	-11.874 -6.301
	-11.674 -6.301
	-11.473 -6.301
	-11.272 -6.301
	-11.072 -6.301
	-10.871 -6.301
	-10.67 -6.301
	-10.47 -6.301
	-10.269 -6.301
	-10.068 -6.301
	-9.868 -6.301
	-9.667 -6.301
	-9.466 -6.301
	-9.266 -6.301
	-9.065 -6.301
	-8.865 -6.301
	-8.664 -6.301
	-8.463 -6.301
	-8.263 -6.301
	-8.062 -6.301
	-7.861 -6.301
	-7.661 -6.301
	-7.46 -6.301
	-7.259 -6.301
	-7.059 -6.301
	-6.858 -6.301
	-6.657 -6.301
	-6.457 -6.301
	-6.256 -6.301
	-6.056 -6.301
	-5.855 -6.301
	-5.654 -6.301
	-5.454 -6.301
	-5.253 -6.301
	-5.052 -6.301
	-4.852 -6.301
	-4.651 -6.301
	-4.45 -6.301
	-4.25 -6.301
	-4.049 -6.301
	-3.848 -6.301
	-3.648 -6.301
	-3.447 -6.301
	-3.246 -6.301
	-3.046 -6.301
	-2.845 -6.301
	-2.645 -6.301
	-2.444 -6.301
	-2.243 -6.301
	-2.043 -6.301
	-1.842 -6.301
	-1.641 -6.301
	-1.441 -6.301
	-1.24 -6.301
	-1.039 -6.301
	-0.839 -6.301
	-0.638 -6.301
	-0.437 -6.301
	-0.237 -6.301
	-0.036 -6.301
	0.164 -6.301
	0.365 -6.301
	0.566 -6.301
	0.766 -6.301
	0.967 -6.301
	1.072 -6.301
	1.072 -6.196

	-0.48554 0.381
	-0.492559 0.0974736
	-0.516752 -0.190009
	-0.556248 -0.47212
	-0.611294 -0.751584
	-0.682275 -1.02983
	-0.768166 -1.30017
	-0.868079 -1.56614
	-0.984476 -1.82874
	-1.11505 -2.08422
	-1.25827 -2.32854
	-1.41512 -2.56733
	-1.58683 -2.79723
	-1.7681 -3.01503
	-1.96354 -3.22463
	-2.17032 -3.42292
	-2.38717 -3.60859
	-2.61321 -3.78128
	-2.84906 -3.94228
	-3.09197 -4.0883
	-3.34476 -4.22322
	-3.60742 -4.34313
	-3.86977 -4.44639
	-4.14318 -4.53753
	-4.41915 -4.61112
	-4.69452 -4.66983
	-4.97672 -4.71357
	-5.26297 -4.74206
	-5.55044 -4.75344
	-5.8343 -4.74923
	-6.11679 -4.72955
	-6.39925 -4.69442
	-6.6842 -4.64287
	-6.96148 -4.57496
	-7.23323 -4.49372
	-7.50297 -4.39576
	-7.76293 -4.28475
	-8.02007 -4.15831
	-8.26988 -4.01638
	-8.50745 -3.86405
	-8.73844 -3.69785
	-8.96123 -3.51764
	-9.1736 -3.32508
	-9.37471 -3.12114
	-9.56332 -2.907
	-9.73902 -2.68351
	-9.90237 -2.45117
	-10.0535 -2.20818
	-10.1912 -1.95702
	-10.3138 -1.69901
	-10.4226 -1.43496
	-10.5166 -1.16288
	-10.5937 -0.890834
	-10.6574 -0.611977
	-10.704 -0.331092
	-10.7364 -0.0481553
	-10.752 0.23919
	-10.752 0.523013
	-10.7363 0.809357
	-10.704 1.09209
	-10.6574 1.37298
	-10.5939 1.65085
	-10.5169 1.92392
	-10.4221 2.1983
	-10.3132 2.46129
	-10.1912 2.71802
	-10.0535 2.96918
	-9.90237 3.21217
	-9.73902 3.44451
	-9.56332 3.668
	-9.37471 3.88214
	-9.1736 4.08608
	-8.96123 4.27864
	-8.73844 4.45885
	-8.50745 4.62505
	-8.26988 4.77738
	-8.02007 4.91931
	-7.766 5.04424
	-7.50298 5.15798
	-7.22988 5.25572
	-6.96148 5.33596
	-6.6842 5.40387
	-6.39925 5.45542
	-6.11679 5.49055
	-5.8343 5.51023
	-5.55044 5.51444
	-5.26297 5.50306
	-4.97672 5.47457
	-4.69452 5.43083
	-4.41915 5.37212
	-4.14318 5.29853
	-3.86977 5.20739
	-3.60742 5.10413
	-3.34476 4.98422
	-3.09197 4.8493
	-2.84906 4.70328
	-2.61565 4.54394
	-2.38716 4.3708
	-2.16829 4.18197
	-1.96354 3.98563
	-1.7681 3.77603
	-1.58683 3.55823
	-1.41634 3.32997
	-1.25828 3.09074
	-1.1142 2.84355
	-0.985163 2.59109
	-0.86861 2.32955
	-0.767771 2.06112
	-0.681998 1.78974
	-0.611294 1.51258
	-0.556248 1.23312
	-0.516796 0.951318
	-0.492566 0.664838
	-0.48554 0.381

	-0.128 -4.992
	-0.128 -4.791
	-0.128 -4.591
	-0.128 -4.39
	-0.128 -4.189
	-0.128 -3.989
	-0.128 -3.788
	-0.128 -3.587
	-0.128 -3.387
	-0.128 -3.186
	-0.128 -2.985
	-0.128 -2.785
	-0.128 -2.77328
	-0.238493 -2.96177
	-0.432007 -3.2564
	-0.644287 -3.54061
	-0.867376 -3.80866
	-1.10877 -4.06754
	-1.36418 -4.31246
	-1.6321 -4.54186
	-1.91018 -4.7543
	-2.20111 -4.9529
	-2.44747 -5.101
	-2.444 -5.101
	-2.243 -5.101
	-2.043 -5.101
	-1.842 -5.101
	-1.641 -5.101
	-1.441 -5.101
	-1.24 -5.101
	-1.039 -5.101
	-0.839 -5.101
	-0.638 -5.101
	-0.437 -5.101
	-0.237 -5.101
	-0.128 -5.101
	-0.128 -4.992

	-0.128 3.636
	-0.128 3.837
	-0.128 4.037
	-0.128 4.238
	-0.128 4.439
	-0.128 4.639
	-0.128 4.84
	-0.128 5.04
	-0.128 5.241
	-0.128 5.442
	-0.128 5.642
	-0.128 5.843
	-0.128 5.862
	-0.327 5.862
	-0.528 5.862
	-0.728 5.862
	-0.929 5.862
	-1.129 5.862
	-1.33 5.862
	-1.531 5.862
	-1.731 5.862
	-1.932 5.862
	-2.133 5.862
	-2.333 5.862
	-2.44747 5.862
	-2.20111 5.7139
	-1.91457 5.5183
	-1.63209 5.30425
	-1.36052 5.06995
	-1.10877 4.82854
	-0.867376 4.56966
	-0.644287 4.30161
	-0.434212 4.02035
	-0.238496 3.72413
	-0.128 3.53456
	-0.128 3.636

	-8.955 5.862
	-9.155 5.862
	-9.356 5.862
	-9.557 5.862
	-9.757 5.862
	-9.958 5.862
	-10.159 5.862
	-10.359 5.862
	-10.56 5.862
	-10.76 5.862
	-10.961 5.862
	-11.07 5.862
	-11.07 5.753
	-11.07 5.552
	-11.07 5.352
	-11.07 5.151
	-11.07 4.95
	-11.07 4.75
	-11.07 4.549
	-11.07 4.348
	-11.07 4.148
	-11.07 3.947
	-11.07 3.747
	-11.07 3.60699
	-10.9035 3.8747
	-10.7022 4.16093
	-10.486 4.436
	-10.2529 4.70065
	-10.0045 4.95254
	-9.74221 5.19034
	-9.4668 5.41313
	-9.18222 5.61789
	-8.89058 5.80488
	-8.79004 5.862
	-8.955 5.862

	-11.07 -2.875
	-11.07 -3.075
	-11.07 -3.276
	-11.07 -3.477
	-11.07 -3.677
	-11.07 -3.878
	-11.07 -4.079
	-11.07 -4.279
	-11.07 -4.48
	-11.07 -4.681
	-11.07 -4.881
	-11.07 -5.082
	-11.07 -5.101
	-10.871 -5.101
	-10.67 -5.101
	-10.47 -5.101
	-10.269 -5.101
	-10.068 -5.101
	-9.868 -5.101
	-9.667 -5.101
	-9.466 -5.101
	-9.266 -5.101
	-9.065 -5.101
	-8.865 -5.101
	-8.79004 -5.101
	-8.89058 -5.04388
	-9.18222 -4.85689
	-9.4668 -4.65213
	-9.74221 -4.42934
	-10.0045 -4.19154
	-10.2529 -3.93965
	-10.486 -3.675
	-10.7022 -3.39993
	-10.9035 -3.1137
	-11.07 -2.84599
	-11.07 -2.875

-24.5
	1.072 -6.196
	1.072 -5.995
	1.072 -5.794
	1.072 -5.594
	1.072 -5.393
	1.072 -5.192
	1.072 -4.992
	1.072 -4.791
	1.072 -4.591
	1.072 -4.39
	1.072 -4.189
	1.072 -3.989
	1.072 -3.788
	1.072 -3.587
	1.072 -3.387
	1.072 -3.186
	1.072 -2.985
	1.072 -2.785
	1.072 -2.584
	1.072 -2.383
	1.072 -2.183
	1.072 -1.982
	1.072 -1.781
	1.072 -1.581
	1.072 -1.38
	1.072 -1.18
	1.072 -0.979
	1.072 -0.778
	1.072 -0.578
	1.072 -0.377
	1.072 -0.176
	1.072 0.024
	1.072 0.225
	1.072 0.426
	1.072 0.626
	1.072 0.827
	1.072 1.028
	1.072 1.228
	1.072 1.429
	1.072 1.629
	1.072 1.83
	1.072 2.031
	1.072 2.231
	1.072 2.432
	1.072 2.633
	1.072 2.833
	1.072 3.034
	1.072 3.235
	1.072 3.435
	1.072 3.636
	1.072 3.837
	1.072 4.037
	1.072 4.238
	1.072 4.439
	1.072 4.639
	1.072 4.84
	1.072 5.04
	1.072 5.241
	1.072 5.442
	1.072 5.642
	1.072 5.843
	1.072 6.044
	1.072 6.244
	1.072 6.445
	1.072 6.646
	1.072 6.846
	1.072 7.047
	1.072 7.062
	0.877 7.062
	0.676 7.062
	0.476 7.062
	0.275 7.062
	0.074 7.062
	-0.126 7.062
	-0.327 7.062
	-0.528 7.062
	-0.728 7.062
	-0.929 7.062
	-1.129 7.062
	-1.33 7.062
	-1.531 7.062
	-1.731 7.062
	-1.932 7.062
	-2.133 7.062
	-2.333 7.062
	-2.534 7.062
	-2.735 7.062
	-2.935 7.062
	-3.136 7.062
	-3.337 7.062
	-3.537 7.062
	-3.738 7.062
	-3.939 7.062
	-4.139 7.062
	-4.34 7.062
	-4.54 7.062
	-4.741 7.062
	-4.942 7.062
	-5.142 7.062
	-5.343 7.062
	-5.544 7.062
	-5.744 7.062
	-5.945 7.062
	-6.146 7.062
	-6.346 7.062
	-6.547 7.062
	-6.748 7.062
	-6.948 7.062
	-7.149 7.062
	-7.349 7.062
	-7.55 7.062
	-7.751 7.062
	-7.951 7.062
	-8.152 7.062
	-8.353 7.062
	-8.553 7.062
	-8.754 7.062
	-8.955 7.062
	-9.155 7.062
	-9.356 7.062
	-9.557 7.062
	-9.757 7.062
	-9.958 7.062
	-10.159 7.062
	-10.359 7.062
	-10.56 7.062
	-10.76 7.062
	-10.961 7.062
	-11.162 7.062
	-11.362 7.062
	-11.563 7.062
	-11.764 7.062
	-11.964 7.062
	-12.165 7.062
	-12.27 7.062
	-12.27 6.957
	-12.27 6.756
	-12.27 6.556
	-12.27 6.355
	-12.27 6.154
	-12.27 5.954
	-12.27 5.753
	-12.27 5.552
	-12.27 5.352
	-12.27 5.151
	-12.27 4.95
	-12.27 4.75
	-12.27 4.549
	-12.27 4.348
	-12.27 4.148
	-12.27 3.947
	-12.27 3.747
	-12.27 3.546
	-12.27 3.345
	-12.27 3.145
	-12.27 2.944
	-12.27 2.743
	-12.27 2.543
	-12.27 2.342
	-12.27 2.141
	-12.27 1.941
	-12.27 1.74
	-12.27 1.539
	-12.27 1.339
	-12.27 1.138
	-12.27 0.937
	-12.27 0.737
	-12.27 0.536
	-12.27 0.336
	-12.27 0.135
	-12.27 -0.066
	-12.27 -0.266
	-12.27 -0.467
	-12.27 -0.668
	-12.27 -0.868
	-12.27 -1.069
	-12.27 -1.27
	-12.27 -1.47
	-12.27 -1.671
	-12.27 -1.872
	-12.27 -2.072
	-12.27 -2.273
	-12.27 -2.474
	-12.27 -2.674
	-12.27 -2.875
	-12.27 -3.075
	-12.27 -3.276
	-12.27 -3.477
	-12.27 -3.677
	-12.27 -3.878
	-12.27 -4.079
	-12.27 -4.279
	-12.27 -4.48
	-12.27 -4.681
	-12.27 -4.881
	-12.27 -5.082
	-12.27 -5.283
	-12.27 -5.483
	-12.27 -5.684
	-12.27 -5.884
	-12.27 -6.085
	-12.27 -6.286
	-12.27 -6.301
	-12.075 -6.301
	-11.874 -6.301
	-11.674 -6.301
	-11.473 -6.301
	-11.272 -6.301
	-11.072 -6.301
	-10.871 -6.301
	-10.67 -6.301
	-10.47 -6.301
	-10.269 -6.301
	-10.068 -6.301
	-9.868 -6.301
	-9.667 -6.301
	-9.466 -6.301
	-9.266 -6.301
	-9.065 -6.301
	-8.865 -6.301
	-8.664 -6.301
	-8.463 -6.301
	-8.263 -6.301
	-8.062 -6.301
	-7.861 -6.301
	-7.661 -6.301
	-7.46 -6.301
	-7.259 -6.301
	-7.059 -6.301
	-6.858 -6.301
	-6.657 -6.301
	-6.457 -6.301
	-6.256 -6.301
	-6.056 -6.301
	-5.855 -6.301
	-5.654 -6.301
	-5.454 -6.301
	-5.253 -6.301
	-5.052 -6.301
	-4.852 -6.301
	-4.651 -6.301
	-4.45 -6.301
	-4.25 -6.301
	-4.049 -6.301
	-3.848 -6.301
	-3.648 -6.301
	-3.447 -6.301
	-3.246 -6.301
	-3.046 -6.301
	-2.845 -6.301
	-2.645 -6.301
	-2.444 -6.301
	-2.243 -6.301
	-2.043 -6.301
	-1.842 -6.301
	-1.641 -6.301
	-1.441 -6.301
	-1.24 -6.301
	-1.039 -6.301
	-0.839 -6.301
	-0.638 -6.301
	-0.437 -6.301
	-0.237 -6.301
	-0.036 -6.301
	0.164 -6.301
	0.365 -6.301
	0.566 -6.301
	0.766 -6.301
	0.967 -6.301
	1.072 -6.301
	1.072 -6.196

	-0.557348 0.381109
	-0.565851 0.091991
	-0.589973 -0.194623
	-0.631683 -0.485161
	-0.689447 -0.765523
	-0.761567 -1.04411
	-0.852056 -1.32132
	-0.957413 -1.59183
	-1.07819 -1.85469
	-1.2125 -2.10917
	-1.36036 -2.3542
	-1.52374 -2.59497
	-1.70367 -2.82672
	-1.88972 -3.04075
	-2.08881 -3.2469
	-2.30402 -3.4449
	-2.52946 -3.62896
	-2.76211 -3.79777
	-3.00621 -3.95479
	-3.25772 -4.09609
	-3.51513 -4.22338
	-3.78427 -4.33708
	-4.05449 -4.43278
	-4.3301 -4.51476
	-4.61692 -4.58139
	-4.89929 -4.62916
	-5.1858 -4.6632
	-5.47739 -4.679
	-5.76161 -4.679
	-6.0532 -4.6632
	-6.33971 -4.62916
	-6.62208 -4.58139
	-6.9089 -4.51476
	-7.18569 -4.43243
	-7.45352 -4.33708
	-7.72259 -4.22401
	-7.9829 -4.09529
	-8.23158 -3.95479
	-8.47528 -3.79894
	-8.70954 -3.62896
	-8.93692 -3.44331
	-9.14899 -3.2469
	-9.34754 -3.04275
	-9.53533 -2.82672
	-9.71526 -2.59497
	-9.87864 -2.3542
	-10.0265 -2.10917
	-10.1608 -1.85469
	-10.2816 -1.59183
	-10.3882 -1.31804
	-10.4762 -1.04409
	-10.5498 -0.765514
	-10.6068 -0.481573
	-10.6475 -0.198273
	-10.673 0.0883038
	-10.6817 0.381109
	-10.673 0.672478
	-10.6475 0.960473
	-10.6067 1.24309
	-10.5498 1.52651
	-10.4762 1.80509
	-10.3882 2.07904
	-10.2816 2.35283
	-10.1608 2.61569
	-10.0265 2.87017
	-9.87864 3.1152
	-9.71526 3.35597
	-9.53682 3.58581
	-9.34754 3.80497
	-9.1471 4.00965
	-8.93692 4.20431
	-8.70954 4.38996
	-8.47528 4.55994
	-8.23158 4.71579
	-7.9829 4.85629
	-7.72259 4.98501
	-7.45352 5.09808
	-7.1857 5.19343
	-6.9089 5.27576
	-6.62562 5.34157
	-6.33969 5.39136
	-6.04954 5.4244
	-5.76161 5.44
	-5.47739 5.44
	-5.18946 5.4244
	-4.89931 5.39136
	-4.61338 5.34157
	-4.3301 5.27576
	-4.05449 5.19378
	-3.78427 5.09808
	-3.51513 4.98438
	-3.25772 4.85709
	-3.00621 4.71579
	-2.76211 4.55877
	-2.52946 4.38996
	-2.30402 4.2059
	-2.0907 4.00964
	-1.88972 3.80296
	-1.70218 3.58581
	-1.52374 3.35597
	-1.36036 3.1152
	-1.2125 2.87017
	-1.07819 2.61569
	-0.957413 2.35283
	-0.852056 2.08232
	-0.761567 1.80511
	-0.689447 1.52652
	-0.631789 1.24668
	-0.589973 0.95684
	-0.565851 0.668808
	-0.557348 0.381109

	-0.128 -4.992
	-0.128 -4.791
	-0.128 -4.591
	-0.128 -4.39
	-0.128 -4.189
	-0.128 -3.989
	-0.128 -3.788
	-0.128 -3.587
	-0.128 -3.387
	-0.128 -3.186
	-0.128 -2.985
	-0.128 -2.785
	-0.128 -2.62526
	-0.167296 -2.69971
	-0.349442 -3.00156
	-0.552332 -3.30055
	-0.776201 -3.5889
	-1.0047 -3.85175
	-1.25025 -4.10601
	-1.51764 -4.35201
	-1.79703 -4.58012
	-2.0846 -4.78879
	-2.38717 -4.98342
	-2.59646 -5.101
	-2.444 -5.101
	-2.243 -5.101
	-2.043 -5.101
	-1.842 -5.101
	-1.641 -5.101
	-1.441 -5.101
	-1.24 -5.101
	-1.039 -5.101
	-0.839 -5.101
	-0.638 -5.101
	-0.437 -5.101
	-0.237 -5.101
	-0.128 -5.101
	-0.128 -4.992

	-0.128 3.435
	-0.128 3.636
	-0.128 3.837
	-0.128 4.037
	-0.128 4.238
	-0.128 4.439
	-0.128 4.639
	-0.128 4.84
	-0.128 5.04
	-0.128 5.241
	-0.128 5.442
	-0.128 5.642
	-0.128 5.843
	-0.128 5.862
	-0.327 5.862
	-0.528 5.862
	-0.728 5.862
	-0.929 5.862
	-1.129 5.862
	-1.33 5.862
	-1.531 5.862
	-1.731 5.862
	-1.932 5.862
	-2.133 5.862
	-2.333 5.862
	-2.534 5.862
	-2.59646 5.862
	-2.38717 5.74442
	-2.0846 5.54978
	-1.79703 5.34112
	-1.51764 5.11301
	-1.25367 4.87016
	-1.0047 4.61413
	-0.773529 4.34645
	-0.552332 4.06155
	-0.349442 3.76256
	-0.167296 3.46071
	-0.128 3.38626
	-0.128 3.435

	-8.754 5.862
	-8.955 5.862
	-9.155 5.862
	-9.356 5.862
	-9.557 5.862
	-9.757 5.862
	-9.958 5.862
	-10.159 5.862
	-10.359 5.862
	-10.56 5.862
	-10.76 5.862
	-10.961 5.862
	-11.07 5.862
	-11.07 5.753
	-11.07 5.552
	-11.07 5.352
	-11.07 5.151
	-11.07 4.95
	-11.07 4.75
	-11.07 4.549
	-11.07 4.348
	-11.07 4.148
	-11.07 3.947
	-11.07 3.747
	-11.07 3.546
	-11.07 3.46354
	-10.8896 3.76256
	-10.6867 4.06155
	-10.4655 4.34646
	-10.2312 4.61774
	-9.98397 4.87017
	-9.72485 5.11016
	-9.44197 5.34112
	-9.1515 5.55189
	-8.85045 5.74442
	-8.64233 5.862
	-8.754 5.862

	-11.07 -2.875
	-11.07 -3.075
	-11.07 -3.276
	-11.07 -3.477
	-11.07 -3.677
	-11.07 -3.878
	-11.07 -4.079
	-11.07 -4.279
	-11.07 -4.48
	-11.07 -4.681
	-11.07 -4.881
	-11.07 -5.082
	-11.07 -5.101
	-10.871 -5.101
	-10.67 -5.101
	-10.47 -5.101
	-10.269 -5.101
	-10.068 -5.101
	-9.868 -5.101
	-9.667 -5.101
	-9.466 -5.101
	-9.266 -5.101
	-9.065 -5.101
	-8.865 -5.101
	-8.664 -5.101
	-8.64233 -5.101
	-8.85045 -4.98342
	-9.1515 -4.79089
	-9.44197 -4.58012
	-9.72485 -4.34916
	-9.98738 -4.10601
	-10.2312 -3.85535
	-10.4628 -3.5889
	-10.6867 -3.30055
	-10.8896 -3.00156
	-11.07 -2.70254
	-11.07 -2.875

-24
	1.072 -6.196
	1.072 -5.995
	1.072 -5.794
	1.072 -5.594
	1.072 -5.393
	1.072 -5.192
	1.072 -4.992
	1.072 -4.791
	1.072 -4.591
	1.072 -4.39
	1.072 -4.189
	1.072 -3.989
	1.072 -3.788
	1.072 -3.587
	1.072 -3.387
	1.072 -3.186
	1.072 -2.985
	1.072 -2.785
	1.072 -2.584
	1.072 -2.383
	1.072 -2.183
	1.072 -1.982
	1.072 -1.781
	1.072 -1.581
	1.072 -1.38
	1.072 -1.18
	1.072 -0.979
	1.072 -0.778
	1.072 -0.578
	1.072 -0.377
	1.072 -0.176
	1.072 0.024
	1.072 0.225
	1.072 0.426
	1.072 0.626
	1.072 0.827
	1.072 1.028
	1.072 1.228
	1.072 1.429
	1.072 1.629
	1.072 1.83
	1.072 2.031
	1.072 2.231
	1.072 2.432
	1.072 2.633
	1.072 2.833
	1.072 3.034
	1.072 3.235
	1.072 3.435
	1.072 3.636
	1.072 3.837
	1.072 4.037
	1.072 4.238
	1.072 4.439
	1.072 4.639
	1.072 4.84
	1.072 5.04
	1.072 5.241
	1.072 5.442
	1.072 5.642
	1.072 5.843
	1.072 6.044
	1.072 6.244
	1.072 6.445
	1.072 6.646
	1.072 6.846
	1.072 7.047
	1.072 7.062
	0.877 7.062
	0.676 7.062
	0.476 7.062
	0.275 7.062
	0.074 7.062
	-0.126 7.062
	-0.327 7.062
	-0.528 7.062
	-0.728 7.062
	-0.929 7.062
	-1.129 7.062
	-1.33 7.062
	-1.531 7.062
	-1.731 7.062
	-1.932 7.062
	-2.133 7.062
	-2.333 7.062
	-2.534 7.062
	-2.735 7.062
	-2.935 7.062
	-3.136 7.062
	-3.337 7.062
	-3.537 7.062
	-3.738 7.062
	-3.939 7.062
	-4.139 7.062
	-4.34 7.062
	-4.54 7.062
	-4.741 7.062
	-4.942 7.062
	-5.142 7.062
	-5.343 7.062
	-5.544 7.062
	-5.744 7.062
	-5.945 7.062
	-6.146 7.062
	-6.346 7.062
	-6.547 7.062
	-6.748 7.062
	-6.948 7.062
	-7.149 7.062
	-7.349 7.062
	-7.55 7.062
	-7.751 7.062
	-7.951 7.062
	-8.152 7.062
	-8.353 7.062
	-8.553 7.062
	-8.754 7.062
	-8.955 7.062
	-9.155 7.062
	-9.356 7.062
	-9.557 7.062
	-9.757 7.062
	-9.958 7.062
	-10.159 7.062
	-10.359 7.062
	-10.56 7.062
	-10.76 7.062
	-10.961 7.062
	-11.162 7.062
	-11.362 7.062
	-11.563 7.062
	-11.764 7.062
	-11.964 7.062
	-12.165 7.062
	-12.27 7.062
	-12.27 6.957
	-12.27 6.756
	-12.27 6.556
	-12.27 6.355
	-12.27 6.154
	-12.27 5.954
	-12.27 5.753
	-12.27 5.552
	-12.27 5.352
	-12.27 5.151
	-12.27 4.95
	-12.27 4.75
	-12.27 4.549
	-12.27 4.348
	-12.27 4.148
	-12.27 3.947
	-12.27 3.747
	-12.27 3.546
	-12.27 3.345
	-12.27 3.145
	-12.27 2.944
	-12.27 2.743
	-12.27 2.543
	-12.27 2.342
	-12.27 2.141
	-12.27 1.941
	-12.27 1.74
	-12.27 1.539
	-12.27 1.339
	-12.27 1.138
	-12.27 0.937
	-12.27 0.737
	-12.27 0.536
	-12.27 0.336
	-12.27 0.135
	-12.27 -0.066
	-12.27 -0.266
	-12.27 -0.467
	-12.27 -0.668
	-12.27 -0.868
	-12.27 -1.069
	-12.27 -1.27
	-12.27 -1.47
	-12.27 -1.671
	-12.27 -1.872
	-12.27 -2.072
	-12.27 -2.273
	-12.27 -2.474
	-12.27 -2.674
	-12.27 -2.875
	-12.27 -3.075
	-12.27 -3.276
	-12.27 -3.477
	-12.27 -3.677
	-12.27 -3.878
	-12.27 -4.079
	-12.27 -4.279
	-12.27 -4.48
	-12.27 -4.681
	-12.27 -4.881
	-12.27 -5.082
	-12.27 -5.283
	-12.27 -5.483
	-12.27 -5.684
	-12.27 -5.884
	-12.27 -6.085
	-12.27 -6.286
	-12.27 -6.301
	-12.075 -6.301
	-11.874 -6.301
	-11.674 -6.301
	-11.473 -6.301
	-11.272 -6.301
	-11.072 -6.301
	-10.871 -6.301
	-10.67 -6.301
	-10.47 -6.301
	-10.269 -6.301
	-10.068 -6.301
	-9.868 -6.301
	-9.667 -6.301
	-9.466 -6.301
	-9.266 -6.301
	-9.065 -6.301
	-8.865 -6.301
	-8.664 -6.301
	-8.463 -6.301
	-8.263 -6.301
	-8.062 -6.301
	-7.861 -6.301
	-7.661 -6.301
	-7.46 -6.301
	-7.259 -6.301
	-7.059 -6.301
	-6.858 -6.301
	-6.657 -6.301
	-6.457 -6.301
	-6.256 -6.301
	-6.056 -6.301
	-5.855 -6.301
	-5.654 -6.301
	-5.454 -6.301
	-5.253 -6.301
	-5.052 -6.301
	-4.852 -6.301
	-4.651 -6.301
	-4.45 -6.301
	-4.25 -6.301
	-4.049 -6.301
	-3.848 -6.301
	-3.648 -6.301
	-3.447 -6.301
	-3.246 -6.301
	-3.046 -6.301
	-2.845 -6.301
	-2.645 -6.301
	-2.444 -6.301
	-2.243 -6.301
	-2.043 -6.301
	-1.842 -6.301
	-1.641 -6.301
	-1.441 -6.301
	-1.24 -6.301
	-1.039 -6.301
	-0.839 -6.301
	-0.638 -6.301
	-0.437 -6.301
	-0.237 -6.301
	-0.036 -6.301
	0.164 -6.301
	0.365 -6.301
	0.566 -6.301
	0.766 -6.301
	0.967 -6.301
	1.072 -6.301
	1.072 -6.196

	-0.630342 0.38111
	-0.638861 0.0928827
	-0.663323 -0.197789
	-0.706527 -0.487256
	-0.764357 -0.767941
	-0.838867 -1.04879
	-0.931264 -1.32742
	-1.0388 -1.59697
	-1.16059 -1.85755
	-1.29889 -2.11541
	-1.45139 -2.36056
	-1.61602 -2.59757
	-1.79905 -2.82854
	-1.98995 -3.04206
	-2.19377 -3.24731
	-2.41239 -3.44147
	-2.63978 -3.62167
	-2.87724 -3.78761
	-3.1253 -3.94104
	-3.38145 -4.07841
	-3.64203 -4.2002
	-3.91484 -4.30904
	-4.19021 -4.39892
	-4.46756 -4.47392
	-4.7548 -4.5331
	-5.04 -4.57446
	-5.32841 -4.60003
	-5.61889 -4.60866
	-5.9108 -4.60003
	-6.1978 -4.57446
	-6.48368 -4.53321
	-6.77144 -4.47392
	-7.04879 -4.39892
	-7.32416 -4.30904
	-7.59697 -4.2002
	-7.85755 -4.07841
	-8.11542 -3.94011
	-8.36056 -3.78761
	-8.59756 -3.62299
	-8.82854 -3.43995
	-9.04401 -3.24731
	-9.2473 -3.04401
	-9.43994 -2.82854
	-9.62298 -2.59757
	-9.78761 -2.36056
	-9.94011 -2.11542
	-10.0784 -1.85755
	-10.2002 -1.59697
	-10.309 -1.32416
	-10.3989 -1.04879
	-10.4739 -0.77144
	-10.5332 -0.483675
	-10.5745 -0.197796
	-10.6 0.0891955
	-10.6087 0.38111
	-10.6 0.671587
	-10.5745 0.960001
	-10.5331 1.24519
	-10.4739 1.53244
	-10.3989 1.80979
	-10.309 2.08516
	-10.2002 2.35796
	-10.0784 2.61855
	-9.94104 2.8747
	-9.78761 3.12276
	-9.62167 3.36022
	-9.44147 3.58762
	-9.24731 3.80623
	-9.04206 4.01005
	-8.82854 4.20095
	-8.59757 4.38398
	-8.36056 4.54861
	-8.11541 4.70111
	-7.85755 4.83941
	-7.59697 4.9612
	-7.32742 5.06874
	-7.04879 5.16113
	-6.76794 5.23564
	-6.48726 5.29347
	-6.19779 5.33668
	-5.90712 5.36114
	-5.61889 5.36966
	-5.33208 5.36114
	-5.03997 5.33668
	-4.75121 5.29336
	-4.47106 5.23564
	-4.19021 5.16113
	-3.91158 5.06874
	-3.64203 4.9612
	-3.38145 4.83941
	-3.1253 4.70204
	-2.87724 4.54861
	-2.63978 4.38267
	-2.41239 4.20247
	-2.19573 4.01005
	-1.98995 3.80427
	-1.79753 3.58761
	-1.61733 3.36022
	-1.45139 3.12276
	-1.29796 2.8747
	-1.16059 2.61855
	-1.0388 2.35797
	-0.931264 2.08842
	-0.838867 1.80979
	-0.764357 1.52894
	-0.706638 1.24879
	-0.663323 0.96003
	-0.638861 0.667918
	-0.630342 0.38111

	-0.128 -4.992
	-0.128 -4.791
	-0.128 -4.591
	-0.128 -4.39
	-0.128 -4.189
	-0.128 -3.989
	-0.128 -3.788
	-0.128 -3.587
	-0.128 -3.387
	-0.128 -3.186
	-0.128 -2.985
	-0.128 -2.785
	-0.128 -2.584
	-0.128 -2.47118
	-0.259594 -2.71655
	-0.4485 -3.02021
	-0.652028 -3.31322
	-0.880697 -3.60178
	-1.11631 -3.86532
	-1.36879 -4.11956
	-1.6407 -4.36105
	-1.9228 -4.58461
	-2.21743 -4.7905
	-2.52554 -4.98106
	-2.74918 -5.101
	-2.645 -5.101
	-2.444 -5.101
	-2.243 -5.101
	-2.043 -5.101
	-1.842 -5.101
	-1.641 -5.101
	-1.441 -5.101
	-1.24 -5.101
	-1.039 -5.101
	-0.839 -5.101
	-0.638 -5.101
	-0.437 -5.101
	-0.237 -5.101
	-0.128 -5.101
	-0.128 -4.992

	-0.128 3.235
	-0.128 3.435
	-0.128 3.636
	-0.128 3.837
	-0.128 4.037
	-0.128 4.238
	-0.128 4.439
	-0.128 4.639
	-0.128 4.84
	-0.128 5.04
	-0.128 5.241
	-0.128 5.442
	-0.128 5.642
	-0.128 5.843
	-0.128 5.862
	-0.327 5.862
	-0.528 5.862
	-0.728 5.862
	-0.929 5.862
	-1.129 5.862
	-1.33 5.862
	-1.531 5.862
	-1.731 5.862
	-1.932 5.862
	-2.133 5.862
	-2.333 5.862
	-2.534 5.862
	-2.735 5.862
	-2.74918 5.862
	-2.52555 5.74206
	-2.21743 5.5515
	-1.9228 5.34561
	-1.6407 5.12205
	-1.37231 4.88368
	-1.11632 4.62769
	-0.877945 4.3593
	-0.654392 4.0772
	-0.448501 3.78257
	-0.257935 3.47445
	-0.128 3.23218
	-0.128 3.235

	-8.553 5.862
	-8.754 5.862
	-8.955 5.862
	-9.155 5.862
	-9.356 5.862
	-9.557 5.862
	-9.757 5.862
	-9.958 5.862
	-10.159 5.862
	-10.359 5.862
	-10.56 5.862
	-10.76 5.862
	-10.961 5.862
	-11.07 5.862
	-11.07 5.753
	-11.07 5.552
	-11.07 5.352
	-11.07 5.151
	-11.07 4.95
	-11.07 4.75
	-11.07 4.549
	-11.07 4.348
	-11.07 4.148
	-11.07 3.947
	-11.07 3.747
	-11.07 3.546
	-11.07 3.345
	-11.07 3.30863
	-10.9811 3.47446
	-10.7905 3.78256
	-10.5846 4.0772
	-10.3611 4.35931
	-10.1196 4.63122
	-9.86532 4.88369
	-9.60178 5.1193
	-9.31322 5.34797
	-9.02021 5.5515
	-8.71655 5.74041
	-8.48982 5.862
	-8.553 5.862

	-11.07 -2.674
	-11.07 -2.875
	-11.07 -3.075
	-11.07 -3.276
	-11.07 -3.477
	-11.07 -3.677
	-11.07 -3.878
	-11.07 -4.079
	-11.07 -4.279
	-11.07 -4.48
	-11.07 -4.681
	-11.07 -4.881
	-11.07 -5.082
	-11.07 -5.101
	-10.871 -5.101
	-10.67 -5.101
	-10.47 -5.101
	-10.269 -5.101
	-10.068 -5.101
	-9.868 -5.101
	-9.667 -5.101
	-9.466 -5.101
	-9.266 -5.101
	-9.065 -5.101
	-8.865 -5.101
	-8.664 -5.101
	-8.48982 -5.101
	-8.71655 -4.9794
	-9.02021 -4.7905
	-9.31322 -4.58697
	-9.60178 -4.3583
	-9.86883 -4.11955
	-10.1195 -3.86883
	-10.3583 -3.60178
	-10.587 -3.31322
	-10.7905 -3.02021
	-10.9794 -2.71655
	-11.07 -2.54763
	-11.07 -2.674

