-2
	-12.27 6.957
	-12.27 6.756
	-12.27 6.556
	-12.27 6.355
	-12.27 6.154
	-12.27 5.954
	-12.27 5.753
	-12.27 5.552
	-12.27 5.352
	-12.27 5.151
	-12.27 4.95
	-12.27 4.75
	-12.27 4.549
	-12.27 4.348
	-12.27 4.148
	-12.27 3.947
	-12.27 3.747
	-12.27 3.546
	-12.27 3.345
	-12.27 3.145
	-12.27 2.944
	-12.27 2.743
	-12.27 2.543
	-12.27 2.342
	-12.27 2.141
	-12.27 1.941
	-12.27 1.74
	-12.27 1.539
	-12.27 1.339
	-12.27 1.138
	-12.27 0.937
	-12.27 0.737
	-12.27 0.536
	-12.27 0.336
	-12.27 0.135
	-12.27 -0.066
	-12.27 -0.266
	-12.27 -0.467
	-12.27 -0.668
	-12.27 -0.868
	-12.27 -1.069
	-12.27 -1.27
	-12.27 -1.47
	-12.27 -1.671
	-12.27 -1.872
	-12.27 -2.072
	-12.27 -2.273
	-12.27 -2.474
	-12.27 -2.674
	-12.27 -2.875
	-12.27 -3.075
	-12.27 -3.276
	-12.27 -3.477
	-12.27 -3.677
	-12.27 -3.878
	-12.27 -4.079
	-12.27 -4.279
	-12.27 -4.48
	-12.27 -4.681
	-12.27 -4.881
	-12.27 -5.082
	-12.27 -5.283
	-12.27 -5.483
	-12.27 -5.684
	-12.27 -5.884
	-12.27 -6.085
	-12.27 -6.286
	-12.27 -6.301
	-12.075 -6.301
	-11.874 -6.301
	-11.674 -6.301
	-11.473 -6.301
	-11.272 -6.301
	-11.072 -6.301
	-10.871 -6.301
	-10.67 -6.301
	-10.47 -6.301
	-10.269 -6.301
	-10.068 -6.301
	-9.868 -6.301
	-9.667 -6.301
	-9.466 -6.301
	-9.266 -6.301
	-9.065 -6.301
	-8.865 -6.301
	-8.664 -6.301
	-8.463 -6.301
	-8.263 -6.301
	-8.062 -6.301
	-7.861 -6.301
	-7.661 -6.301
	-7.46 -6.301
	-7.259 -6.301
	-7.059 -6.301
	-6.858 -6.301
	-6.657 -6.301
	-6.457 -6.301
	-6.256 -6.301
	-6.056 -6.301
	-5.855 -6.301
	-5.654 -6.301
	-5.454 -6.301
	-5.253 -6.301
	-5.052 -6.301
	-4.852 -6.301
	-4.651 -6.301
	-4.45 -6.301
	-4.25 -6.301
	-4.049 -6.301
	-3.848 -6.301
	-3.648 -6.301
	-3.447 -6.301
	-3.246 -6.301
	-3.046 -6.301
	-2.845 -6.301
	-2.645 -6.301
	-2.444 -6.301
	-2.243 -6.301
	-2.043 -6.301
	-1.842 -6.301
	-1.641 -6.301
	-1.441 -6.301
	-1.24 -6.301
	-1.039 -6.301
	-0.839 -6.301
	-0.638 -6.301
	-0.437 -6.301
	-0.237 -6.301
	-0.036 -6.301
	0.164 -6.301
	0.365 -6.301
	0.566 -6.301
	0.766 -6.301
	0.967 -6.301
	1.072 -6.301
	1.072 -6.196
	1.072 -5.995
	1.072 -5.794
	1.072 -5.594
	1.072 -5.393
	1.072 -5.192
	1.072 -4.992
	1.072 -4.791
	1.072 -4.591
	1.072 -4.39
	1.072 -4.189
	1.072 -3.989
	1.072 -3.788
	1.072 -3.587
	1.072 -3.387
	1.072 -3.186
	1.072 -2.985
	1.072 -2.785
	1.072 -2.584
	1.072 -2.383
	1.072 -2.183
	1.072 -1.982
	1.072 -1.781
	1.072 -1.581
	1.072 -1.38
	1.072 -1.18
	1.072 -0.979
	1.072 -0.778
	1.072 -0.578
	1.072 -0.377
	1.072 -0.176
	1.072 0.024
	1.072 0.225
	1.072 0.426
	1.072 0.626
	1.072 0.827
	1.072 1.028
	1.072 1.228
	1.072 1.429
	1.072 1.629
	1.072 1.83
	1.072 2.031
	1.072 2.231
	1.072 2.432
	1.072 2.633
	1.072 2.833
	1.072 3.034
	1.072 3.235
	1.072 3.435
	1.072 3.636
	1.072 3.837
	1.072 4.037
	1.072 4.238
	1.072 4.439
	1.072 4.639
	1.072 4.84
	1.072 5.04
	1.072 5.241
	1.072 5.442
	1.072 5.642
	1.072 5.843
	1.072 6.044
	1.072 6.244
	1.072 6.445
	1.072 6.646
	1.072 6.846
	1.072 7.047
	1.072 7.062
	0.877 7.062
	0.676 7.062
	0.476 7.062
	0.275 7.062
	0.074 7.062
	-0.126 7.062
	-0.327 7.062
	-0.528 7.062
	-0.728 7.062
	-0.929 7.062
	-1.129 7.062
	-1.33 7.062
	-1.531 7.062
	-1.731 7.062
	-1.932 7.062
	-2.133 7.062
	-2.333 7.062
	-2.534 7.062
	-2.735 7.062
	-2.935 7.062
	-3.136 7.062
	-3.337 7.062
	-3.537 7.062
	-3.738 7.062
	-3.939 7.062
	-4.139 7.062
	-4.34 7.062
	-4.54 7.062
	-4.741 7.062
	-4.942 7.062
	-5.142 7.062
	-5.343 7.062
	-5.544 7.062
	-5.744 7.062
	-5.945 7.062
	-6.146 7.062
	-6.346 7.062
	-6.547 7.062
	-6.748 7.062
	-6.948 7.062
	-7.149 7.062
	-7.349 7.062
	-7.55 7.062
	-7.751 7.062
	-7.951 7.062
	-8.152 7.062
	-8.353 7.062
	-8.553 7.062
	-8.754 7.062
	-8.955 7.062
	-9.155 7.062
	-9.356 7.062
	-9.557 7.062
	-9.757 7.062
	-9.958 7.062
	-10.159 7.062
	-10.359 7.062
	-10.56 7.062
	-10.76 7.062
	-10.961 7.062
	-11.162 7.062
	-11.362 7.062
	-11.563 7.062
	-11.764 7.062
	-11.964 7.062
	-12.165 7.062
	-12.27 7.062
	-12.27 6.957

	-3.70575 0.382395
	-4.26473 -0.972301
	-5.61761 -1.53325
	-6.9737 -0.973698
	-7.53325 0.382395
	-6.9723 1.73527
	-5.61761 2.29425
	-4.26612 1.73388
	-3.70575 0.382395

	-9.87 4.549
	-9.87 4.348
	-9.87 4.148
	-9.87 3.947
	-9.87 3.747
	-9.87 3.546
	-9.87 3.345
	-9.87 3.145
	-9.87 2.944
	-9.87 2.743
	-9.87 2.543
	-9.87 2.342
	-9.87 2.141
	-9.87 1.941
	-9.87 1.74
	-9.87 1.539
	-9.87 1.339
	-9.87 1.138
	-9.87 1.01278
	-8.80798 3.57411
	-6.17146 4.662
	-6.346 4.662
	-6.547 4.662
	-6.748 4.662
	-6.948 4.662
	-7.149 4.662
	-7.349 4.662
	-7.55 4.662
	-7.751 4.662
	-7.951 4.662
	-8.152 4.662
	-8.353 4.662
	-8.553 4.662
	-8.754 4.662
	-8.955 4.662
	-9.155 4.662
	-9.356 4.662
	-9.557 4.662
	-9.757 4.662
	-9.87 4.662
	-9.87 4.549

	-9.87 -0.266
	-9.87 -0.467
	-9.87 -0.668
	-9.87 -0.868
	-9.87 -1.069
	-9.87 -1.27
	-9.87 -1.47
	-9.87 -1.671
	-9.87 -1.872
	-9.87 -2.072
	-9.87 -2.273
	-9.87 -2.474
	-9.87 -2.674
	-9.87 -2.875
	-9.87 -3.075
	-9.87 -3.276
	-9.87 -3.477
	-9.87 -3.677
	-9.87 -3.878
	-9.87 -3.901
	-9.868 -3.901
	-9.667 -3.901
	-9.466 -3.901
	-9.266 -3.901
	-9.065 -3.901
	-8.865 -3.901
	-8.664 -3.901
	-8.463 -3.901
	-8.263 -3.901
	-8.062 -3.901
	-7.861 -3.901
	-7.661 -3.901
	-7.46 -3.901
	-7.259 -3.901
	-7.059 -3.901
	-6.858 -3.901
	-6.657 -3.901
	-6.457 -3.901
	-6.256 -3.901
	-6.17146 -3.901
	-8.81162 -2.81162
	-9.87 -0.24659
	-9.87 -0.266

	-5.052 -3.901
	-4.852 -3.901
	-4.651 -3.901
	-4.45 -3.901
	-4.25 -3.901
	-4.049 -3.901
	-3.848 -3.901
	-3.648 -3.901
	-3.447 -3.901
	-3.246 -3.901
	-3.046 -3.901
	-2.845 -3.901
	-2.645 -3.901
	-2.444 -3.901
	-2.243 -3.901
	-2.043 -3.901
	-1.842 -3.901
	-1.641 -3.901
	-1.441 -3.901
	-1.328 -3.901
	-1.328 -3.788
	-1.328 -3.587
	-1.328 -3.387
	-1.328 -3.186
	-1.328 -2.985
	-1.328 -2.785
	-1.328 -2.584
	-1.328 -2.383
	-1.328 -2.183
	-1.328 -1.982
	-1.328 -1.781
	-1.328 -1.581
	-1.328 -1.38
	-1.328 -1.18
	-1.328 -0.979
	-1.328 -0.778
	-1.328 -0.578
	-1.328 -0.377
	-1.328 -0.176
	-1.328 -0.147226
	-2.42589 -2.80798
	-5.06198 -3.901
	-5.052 -3.901

	-1.328 1.028
	-1.328 1.228
	-1.328 1.429
	-1.328 1.629
	-1.328 1.83
	-1.328 2.031
	-1.328 2.231
	-1.328 2.432
	-1.328 2.633
	-1.328 2.833
	-1.328 3.034
	-1.328 3.235
	-1.328 3.435
	-1.328 3.636
	-1.328 3.837
	-1.328 4.037
	-1.328 4.238
	-1.328 4.439
	-1.328 4.639
	-1.328 4.662
	-1.33 4.662
	-1.531 4.662
	-1.731 4.662
	-1.932 4.662
	-2.133 4.662
	-2.333 4.662
	-2.534 4.662
	-2.735 4.662
	-2.935 4.662
	-3.136 4.662
	-3.337 4.662
	-3.537 4.662
	-3.738 4.662
	-3.939 4.662
	-4.139 4.662
	-4.34 4.662
	-4.54 4.662
	-4.741 4.662
	-4.942 4.662
	-5.06198 4.662
	-2.42951 3.57049
	-1.328 0.913898
	-1.328 1.028

-1.5
	-12.27 6.957
	-12.27 6.756
	-12.27 6.556
	-12.27 6.355
	-12.27 6.154
	-12.27 5.954
	-12.27 5.753
	-12.27 5.552
	-12.27 5.352
	-12.27 5.151
	-12.27 4.95
	-12.27 4.75
	-12.27 4.549
	-12.27 4.348
	-12.27 4.148
	-12.27 3.947
	-12.27 3.747
	-12.27 3.546
	-12.27 3.345
	-12.27 3.145
	-12.27 2.944
	-12.27 2.743
	-12.27 2.543
	-12.27 2.342
	-12.27 2.141
	-12.27 1.941
	-12.27 1.74
	-12.27 1.539
	-12.27 1.339
	-12.27 1.138
	-12.27 0.937
	-12.27 0.737
	-12.27 0.536
	-12.27 0.336
	-12.27 0.135
	-12.27 -0.066
	-12.27 -0.266
	-12.27 -0.467
	-12.27 -0.668
	-12.27 -0.868
	-12.27 -1.069
	-12.27 -1.27
	-12.27 -1.47
	-12.27 -1.671
	-12.27 -1.872
	-12.27 -2.072
	-12.27 -2.273
	-12.27 -2.474
	-12.27 -2.674
	-12.27 -2.875
	-12.27 -3.075
	-12.27 -3.276
	-12.27 -3.477
	-12.27 -3.677
	-12.27 -3.878
	-12.27 -4.079
	-12.27 -4.279
	-12.27 -4.48
	-12.27 -4.681
	-12.27 -4.881
	-12.27 -5.082
	-12.27 -5.283
	-12.27 -5.483
	-12.27 -5.684
	-12.27 -5.884
	-12.27 -6.085
	-12.27 -6.286
	-12.27 -6.301
	-12.075 -6.301
	-11.874 -6.301
	-11.674 -6.301
	-11.473 -6.301
	-11.272 -6.301
	-11.072 -6.301
	-10.871 -6.301
	-10.67 -6.301
	-10.47 -6.301
	-10.269 -6.301
	-10.068 -6.301
	-9.868 -6.301
	-9.667 -6.301
	-9.466 -6.301
	-9.266 -6.301
	-9.065 -6.301
	-8.865 -6.301
	-8.664 -6.301
	-8.463 -6.301
	-8.263 -6.301
	-8.062 -6.301
	-7.861 -6.301
	-7.661 -6.301
	-7.46 -6.301
	-7.259 -6.301
	-7.059 -6.301
	-6.858 -6.301
	-6.657 -6.301
	-6.457 -6.301
	-6.256 -6.301
	-6.056 -6.301
	-5.855 -6.301
	-5.654 -6.301
	-5.454 -6.301
	-5.253 -6.301
	-5.052 -6.301
	-4.852 -6.301
	-4.651 -6.301
	-4.45 -6.301
	-4.25 -6.301
	-4.049 -6.301
	-3.848 -6.301
	-3.648 -6.301
	-3.447 -6.301
	-3.246 -6.301
	-3.046 -6.301
	-2.845 -6.301
	-2.645 -6.301
	-2.444 -6.301
	-2.243 -6.301
	-2.043 -6.301
	-1.842 -6.301
	-1.641 -6.301
	-1.441 -6.301
	-1.24 -6.301
	-1.039 -6.301
	-0.839 -6.301
	-0.638 -6.301
	-0.437 -6.301
	-0.237 -6.301
	-0.036 -6.301
	0.164 -6.301
	0.365 -6.301
	0.566 -6.301
	0.766 -6.301
	0.967 -6.301
	1.072 -6.301
	1.072 -6.196
	1.072 -5.995
	1.072 -5.794
	1.072 -5.594
	1.072 -5.393
	1.072 -5.192
	1.072 -4.992
	1.072 -4.791
	1.072 -4.591
	1.072 -4.39
	1.072 -4.189
	1.072 -3.989
	1.072 -3.788
	1.072 -3.587
	1.072 -3.387
	1.072 -3.186
	1.072 -2.985
	1.072 -2.785
	1.072 -2.584
	1.072 -2.383
	1.072 -2.183
	1.072 -1.982
	1.072 -1.781
	1.072 -1.581
	1.072 -1.38
	1.072 -1.18
	1.072 -0.979
	1.072 -0.778
	1.072 -0.578
	1.072 -0.377
	1.072 -0.176
	1.072 0.024
	1.072 0.225
	1.072 0.426
	1.072 0.626
	1.072 0.827
	1.072 1.028
	1.072 1.228
	1.072 1.429
	1.072 1.629
	1.072 1.83
	1.072 2.031
	1.072 2.231
	1.072 2.432
	1.072 2.633
	1.072 2.833
	1.072 3.034
	1.072 3.235
	1.072 3.435
	1.072 3.636
	1.072 3.837
	1.072 4.037
	1.072 4.238
	1.072 4.439
	1.072 4.639
	1.072 4.84
	1.072 5.04
	1.072 5.241
	1.072 5.442
	1.072 5.642
	1.072 5.843
	1.072 6.044
	1.072 6.244
	1.072 6.445
	1.072 6.646
	1.072 6.846
	1.072 7.047
	1.072 7.062
	0.877 7.062
	0.676 7.062
	0.476 7.062
	0.275 7.062
	0.074 7.062
	-0.126 7.062
	-0.327 7.062
	-0.528 7.062
	-0.728 7.062
	-0.929 7.062
	-1.129 7.062
	-1.33 7.062
	-1.531 7.062
	-1.731 7.062
	-1.932 7.062
	-2.133 7.062
	-2.333 7.062
	-2.534 7.062
	-2.735 7.062
	-2.935 7.062
	-3.136 7.062
	-3.337 7.062
	-3.537 7.062
	-3.738 7.062
	-3.939 7.062
	-4.139 7.062
	-4.34 7.062
	-4.54 7.062
	-4.741 7.062
	-4.942 7.062
	-5.142 7.062
	-5.343 7.062
	-5.544 7.062
	-5.744 7.062
	-5.945 7.062
	-6.146 7.062
	-6.346 7.062
	-6.547 7.062
	-6.748 7.062
	-6.948 7.062
	-7.149 7.062
	-7.349 7.062
	-7.55 7.062
	-7.751 7.062
	-7.951 7.062
	-8.152 7.062
	-8.353 7.062
	-8.553 7.062
	-8.754 7.062
	-8.955 7.062
	-9.155 7.062
	-9.356 7.062
	-9.557 7.062
	-9.757 7.062
	-9.958 7.062
	-10.159 7.062
	-10.359 7.062
	-10.56 7.062
	-10.76 7.062
	-10.961 7.062
	-11.162 7.062
	-11.362 7.062
	-11.563 7.062
	-11.764 7.062
	-11.964 7.062
	-12.165 7.062
	-12.27 7.062
	-12.27 6.957

	-3.54587 0.383127
	-4.97794 -1.58953
	-7.296 -0.839006
	-7.296 1.60001
	-4.98043 2.34972
	-3.54587 0.383127

	-9.87 4.549
	-9.87 4.348
	-9.87 4.148
	-9.87 3.947
	-9.87 3.747
	-9.87 3.546
	-9.87 3.345
	-9.87 3.145
	-9.87 2.944
	-9.87 2.743
	-9.87 2.543
	-9.87 2.342
	-9.87 2.141
	-9.87 1.941
	-9.87 1.74
	-9.87 1.539
	-9.87 1.339
	-9.87 1.138
	-9.87 0.937
	-9.87 0.737
	-9.87 0.536
	-9.87 0.336
	-9.87 0.135
	-9.87 -0.066
	-9.87 -0.266
	-9.87 -0.467
	-9.87 -0.668
	-9.87 -0.868
	-9.87 -1.069
	-9.87 -1.27
	-9.87 -1.47
	-9.87 -1.671
	-9.87 -1.872
	-9.87 -2.072
	-9.87 -2.273
	-9.87 -2.474
	-9.87 -2.674
	-9.87 -2.875
	-9.87 -3.075
	-9.87 -3.276
	-9.87 -3.477
	-9.87 -3.677
	-9.87 -3.878
	-9.87 -3.901
	-9.868 -3.901
	-9.667 -3.901
	-9.466 -3.901
	-9.266 -3.901
	-9.065 -3.901
	-8.865 -3.901
	-8.664 -3.901
	-8.463 -3.901
	-8.263 -3.901
	-8.062 -3.901
	-7.861 -3.901
	-7.661 -3.901
	-7.46 -3.901
	-7.259 -3.901
	-7.059 -3.901
	-6.858 -3.901
	-6.657 -3.901
	-6.457 -3.901
	-6.256 -3.901
	-6.056 -3.901
	-5.855 -3.901
	-5.654 -3.901
	-5.6302 -3.901
	-9.696 -2.58461
	-9.696 3.34561
	-5.6302 4.662
	-5.744 4.662
	-5.945 4.662
	-6.146 4.662
	-6.346 4.662
	-6.547 4.662
	-6.748 4.662
	-6.948 4.662
	-7.149 4.662
	-7.349 4.662
	-7.55 4.662
	-7.751 4.662
	-7.951 4.662
	-8.152 4.662
	-8.353 4.662
	-8.553 4.662
	-8.754 4.662
	-8.955 4.662
	-9.155 4.662
	-9.356 4.662
	-9.557 4.662
	-9.757 4.662
	-9.87 4.662
	-9.87 4.549

	-3.648 -3.901
	-3.447 -3.901
	-3.246 -3.901
	-3.046 -3.901
	-2.845 -3.901
	-2.645 -3.901
	-2.444 -3.901
	-2.243 -3.901
	-2.043 -3.901
	-1.842 -3.901
	-1.641 -3.901
	-1.441 -3.901
	-1.328 -3.901
	-1.328 -3.788
	-1.328 -3.587
	-1.328 -3.387
	-1.328 -3.186
	-1.328 -2.985
	-1.328 -2.785
	-1.328 -2.584
	-1.328 -2.383
	-1.328 -2.183
	-1.328 -1.982
	-1.328 -1.781
	-1.328 -1.581
	-1.328 -1.38
	-1.328 -1.18
	-1.328 -0.979
	-1.328 -0.778
	-1.328 -0.647062
	-3.69023 -3.901
	-3.648 -3.901

	-1.328 1.429
	-1.328 1.629
	-1.328 1.83
	-1.328 2.031
	-1.328 2.231
	-1.328 2.432
	-1.328 2.633
	-1.328 2.833
	-1.328 3.034
	-1.328 3.235
	-1.328 3.435
	-1.328 3.636
	-1.328 3.837
	-1.328 4.037
	-1.328 4.238
	-1.328 4.439
	-1.328 4.639
	-1.328 4.662
	-1.33 4.662
	-1.531 4.662
	-1.731 4.662
	-1.932 4.662
	-2.133 4.662
	-2.333 4.662
	-2.534 4.662
	-2.735 4.662
	-2.935 4.662
	-3.136 4.662
	-3.337 4.662
	-3.537 4.662
	-3.69647 4.662
	-1.328 1.41515
	-1.328 1.429

-1
	-12.27 6.957
	-12.27 6.756
	-12.27 6.556
	-12.27 6.355
	-12.27 6.154
	-12.27 5.954
	-12.27 5.753
	-12.27 5.552
	-12.27 5.352
	-12.27 5.151
	-12.27 4.95
	-12.27 4.75
	-12.27 4.549
	-12.27 4.348
	-12.27 4.148
	-12.27 3.947
	-12.27 3.747
	-12.27 3.546
	-12.27 3.345
	-12.27 3.145
	-12.27 2.944
	-12.27 2.743
	-12.27 2.543
	-12.27 2.342
	-12.27 2.141
	-12.27 1.941
	-12.27 1.74
	-12.27 1.539
	-12.27 1.339
	-12.27 1.138
	-12.27 0.937
	-12.27 0.737
	-12.27 0.536
	-12.27 0.336
	-12.27 0.135
	-12.27 -0.066
	-12.27 -0.266
	-12.27 -0.467
	-12.27 -0.668
	-12.27 -0.868
	-12.27 -1.069
	-12.27 -1.27
	-12.27 -1.47
	-12.27 -1.671
	-12.27 -1.872
	-12.27 -2.072
	-12.27 -2.273
	-12.27 -2.474
	-12.27 -2.674
	-12.27 -2.875
	-12.27 -3.075
	-12.27 -3.276
	-12.27 -3.477
	-12.27 -3.677
	-12.27 -3.878
	-12.27 -4.079
	-12.27 -4.279
	-12.27 -4.48
	-12.27 -4.681
	-12.27 -4.881
	-12.27 -5.082
	-12.27 -5.283
	-12.27 -5.483
	-12.27 -5.684
	-12.27 -5.884
	-12.27 -6.085
	-12.27 -6.286
	-12.27 -6.301
	-12.075 -6.301
	-11.874 -6.301
	-11.674 -6.301
	-11.473 -6.301
	-11.272 -6.301
	-11.072 -6.301
	-10.871 -6.301
	-10.67 -6.301
	-10.47 -6.301
	-10.269 -6.301
	-10.068 -6.301
	-9.868 -6.301
	-9.667 -6.301
	-9.466 -6.301
	-9.266 -6.301
	-9.065 -6.301
	-8.865 -6.301
	-8.664 -6.301
	-8.463 -6.301
	-8.263 -6.301
	-8.062 -6.301
	-7.861 -6.301
	-7.661 -6.301
	-7.46 -6.301
	-7.259 -6.301
	-7.059 -6.301
	-6.858 -6.301
	-6.657 -6.301
	-6.457 -6.301
	-6.256 -6.301
	-6.056 -6.301
	-5.855 -6.301
	-5.654 -6.301
	-5.454 -6.301
	-5.253 -6.301
	-5.052 -6.301
	-4.852 -6.301
	-4.651 -6.301
	-4.45 -6.301
	-4.25 -6.301
	-4.049 -6.301
	-3.848 -6.301
	-3.648 -6.301
	-3.447 -6.301
	-3.246 -6.301
	-3.046 -6.301
	-2.845 -6.301
	-2.645 -6.301
	-2.444 -6.301
	-2.243 -6.301
	-2.043 -6.301
	-1.842 -6.301
	-1.641 -6.301
	-1.441 -6.301
	-1.24 -6.301
	-1.039 -6.301
	-0.839 -6.301
	-0.638 -6.301
	-0.437 -6.301
	-0.237 -6.301
	-0.036 -6.301
	0.164 -6.301
	0.365 -6.301
	0.566 -6.301
	0.766 -6.301
	0.967 -6.301
	1.072 -6.301
	1.072 -6.196
	1.072 -5.995
	1.072 -5.794
	1.072 -5.594
	1.072 -5.393
	1.072 -5.192
	1.072 -4.992
	1.072 -4.791
	1.072 -4.591
	1.072 -4.39
	1.072 -4.189
	1.072 -3.989
	1.072 -3.788
	1.072 -3.587
	1.072 -3.387
	1.072 -3.186
	1.072 -2.985
	1.072 -2.785
	1.072 -2.584
	1.072 -2.383
	1.072 -2.183
	1.072 -1.982
	1.072 -1.781
	1.072 -1.581
	1.072 -1.38
	1.072 -1.18
	1.072 -0.979
	1.072 -0.778
	1.072 -0.578
	1.072 -0.377
	1.072 -0.176
	1.072 0.024
	1.072 0.225
	1.072 0.426
	1.072 0.626
	1.072 0.827
	1.072 1.028
	1.072 1.228
	1.072 1.429
	1.072 1.629
	1.072 1.83
	1.072 2.031
	1.072 2.231
	1.072 2.432
	1.072 2.633
	1.072 2.833
	1.072 3.034
	1.072 3.235
	1.072 3.435
	1.072 3.636
	1.072 3.837
	1.072 4.037
	1.072 4.238
	1.072 4.439
	1.072 4.639
	1.072 4.84
	1.072 5.04
	1.072 5.241
	1.072 5.442
	1.072 5.642
	1.072 5.843
	1.072 6.044
	1.072 6.244
	1.072 6.445
	1.072 6.646
	1.072 6.846
	1.072 7.047
	1.072 7.062
	0.877 7.062
	0.676 7.062
	0.476 7.062
	0.275 7.062
	0.074 7.062
	-0.126 7.062
	-0.327 7.062
	-0.528 7.062
	-0.728 7.062
	-0.929 7.062
	-1.129 7.062
	-1.33 7.062
	-1.531 7.062
	-1.731 7.062
	-1.932 7.062
	-2.133 7.062
	-2.333 7.062
	-2.534 7.062
	-2.735 7.062
	-2.935 7.062
	-3.136 7.062
	-3.337 7.062
	-3.537 7.062
	-3.738 7.062
	-3.939 7.062
	-4.139 7.062
	-4.34 7.062
	-4.54 7.062
	-4.741 7.062
	-4.942 7.062
	-5.142 7.062
	-5.343 7.062
	-5.544 7.062
	-5.744 7.062
	-5.945 7.062
	-6.146 7.062
	-6.346 7.062
	-6.547 7.062
	-6.748 7.062
	-6.948 7.062
	-7.149 7.062
	-7.349 7.062
	-7.55 7.062
	-7.751 7.062
	-7.951 7.062
	-8.152 7.062
	-8.353 7.062
	-8.553 7.062
	-8.754 7.062
	-8.955 7.062
	-9.155 7.062
	-9.356 7.062
	-9.557 7.062
	-9.757 7.062
	-9.958 7.062
	-10.159 7.062
	-10.359 7.062
	-10.56 7.062
	-10.76 7.062
	-10.961 7.062
	-11.162 7.062
	-11.362 7.062
	-11.563 7.062
	-11.764 7.062
	-11.964 7.062
	-12.165 7.062
	-12.27 7.062
	-12.27 6.957

	-2.4675 0.386179
	-7.192 -2.3445
	-7.192 3.09518
	-2.4675 0.386179

	-9.87 4.549
	-9.87 4.348
	-9.87 4.148
	-9.87 3.947
	-9.87 3.747
	-9.87 3.546
	-9.87 3.345
	-9.87 3.145
	-9.87 2.944
	-9.87 2.743
	-9.87 2.543
	-9.87 2.342
	-9.87 2.141
	-9.87 1.941
	-9.87 1.74
	-9.87 1.539
	-9.87 1.339
	-9.87 1.138
	-9.87 0.937
	-9.87 0.737
	-9.87 0.536
	-9.87 0.336
	-9.87 0.135
	-9.87 -0.066
	-9.87 -0.266
	-9.87 -0.467
	-9.87 -0.668
	-9.87 -0.868
	-9.87 -1.069
	-9.87 -1.27
	-9.87 -1.47
	-9.87 -1.671
	-9.87 -1.872
	-9.87 -2.072
	-9.87 -2.273
	-9.87 -2.474
	-9.87 -2.674
	-9.87 -2.875
	-9.87 -3.075
	-9.87 -3.276
	-9.87 -3.477
	-9.87 -3.677
	-9.87 -3.878
	-9.87 -3.901
	-9.868 -3.901
	-9.667 -3.901
	-9.592 -3.901
	-9.592 4.662
	-9.757 4.662
	-9.87 4.662
	-9.87 4.549

	-5.052 -3.901
	-4.852 -3.901
	-4.651 -3.901
	-4.45 -3.901
	-4.25 -3.901
	-4.049 -3.901
	-3.848 -3.901
	-3.648 -3.901
	-3.447 -3.901
	-3.246 -3.901
	-3.046 -3.901
	-2.845 -3.901
	-2.645 -3.901
	-2.444 -3.901
	-2.243 -3.901
	-2.043 -3.901
	-1.842 -3.901
	-1.641 -3.901
	-1.441 -3.901
	-1.328 -3.901
	-1.328 -3.788
	-1.328 -3.587
	-1.328 -3.387
	-1.328 -3.186
	-1.328 -2.985
	-1.328 -2.785
	-1.328 -2.584
	-1.328 -2.383
	-1.328 -2.183
	-1.328 -1.982
	-1.328 -1.781
	-1.328 -1.72725
	-5.08893 -3.901
	-5.052 -3.901

	-1.328 2.633
	-1.328 2.833
	-1.328 3.034
	-1.328 3.235
	-1.328 3.435
	-1.328 3.636
	-1.328 3.837
	-1.328 4.037
	-1.328 4.238
	-1.328 4.439
	-1.328 4.639
	-1.328 4.662
	-1.33 4.662
	-1.531 4.662
	-1.731 4.662
	-1.932 4.662
	-2.133 4.662
	-2.333 4.662
	-2.534 4.662
	-2.735 4.662
	-2.935 4.662
	-3.136 4.662
	-3.337 4.662
	-3.537 4.662
	-3.738 4.662
	-3.939 4.662
	-4.139 4.662
	-4.34 4.662
	-4.54 4.662
	-4.741 4.662
	-4.942 4.662
	-5.09967 4.662
	-1.328 2.49934
	-1.328 2.633

-0.5
	-12.27 6.957
	-12.27 6.756
	-12.27 6.556
	-12.27 6.355
	-12.27 6.154
	-12.27 5.954
	-12.27 5.753
	-12.27 5.552
	-12.27 5.352
	-12.27 5.151
	-12.27 4.95
	-12.27 4.75
	-12.27 4.549
	-12.27 4.348
	-12.27 4.148
	-12.27 3.947
	-12.27 3.747
	-12.27 3.546
	-12.27 3.345
	-12.27 3.145
	-12.27 2.944
	-12.27 2.743
	-12.27 2.543
	-12.27 2.342
	-12.27 2.141
	-12.27 1.941
	-12.27 1.74
	-12.27 1.539
	-12.27 1.339
	-12.27 1.138
	-12.27 0.937
	-12.27 0.737
	-12.27 0.536
	-12.27 0.336
	-12.27 0.135
	-12.27 -0.066
	-12.27 -0.266
	-12.27 -0.467
	-12.27 -0.668
	-12.27 -0.868
	-12.27 -1.069
	-12.27 -1.27
	-12.27 -1.47
	-12.27 -1.671
	-12.27 -1.872
	-12.27 -2.072
	-12.27 -2.273
	-12.27 -2.474
	-12.27 -2.674
	-12.27 -2.875
	-12.27 -3.075
	-12.27 -3.276
	-12.27 -3.477
	-12.27 -3.677
	-12.27 -3.878
	-12.27 -4.079
	-12.27 -4.279
	-12.27 -4.48
	-12.27 -4.681
	-12.27 -4.881
	-12.27 -5.082
	-12.27 -5.283
	-12.27 -5.483
	-12.27 -5.684
	-12.27 -5.884
	-12.27 -6.085
	-12.27 -6.286
	-12.27 -6.301
	-12.075 -6.301
	-11.874 -6.301
	-11.674 -6.301
	-11.473 -6.301
	-11.272 -6.301
	-11.072 -6.301
	-10.871 -6.301
	-10.67 -6.301
	-10.47 -6.301
	-10.269 -6.301
	-10.068 -6.301
	-9.868 -6.301
	-9.667 -6.301
	-9.466 -6.301
	-9.266 -6.301
	-9.065 -6.301
	-8.865 -6.301
	-8.664 -6.301
	-8.463 -6.301
	-8.263 -6.301
	-8.062 -6.301
	-7.861 -6.301
	-7.661 -6.301
	-7.46 -6.301
	-7.259 -6.301
	-7.059 -6.301
	-6.858 -6.301
	-6.657 -6.301
	-6.457 -6.301
	-6.256 -6.301
	-6.056 -6.301
	-5.855 -6.301
	-5.654 -6.301
	-5.454 -6.301
	-5.253 -6.301
	-5.052 -6.301
	-4.852 -6.301
	-4.651 -6.301
	-4.45 -6.301
	-4.25 -6.301
	-4.049 -6.301
	-3.848 -6.301
	-3.648 -6.301
	-3.447 -6.301
	-3.246 -6.301
	-3.046 -6.301
	-2.845 -6.301
	-2.645 -6.301
	-2.444 -6.301
	-2.243 -6.301
	-2.043 -6.301
	-1.842 -6.301
	-1.641 -6.301
	-1.441 -6.301
	-1.24 -6.301
	-1.039 -6.301
	-0.839 -6.301
	-0.638 -6.301
	-0.437 -6.301
	-0.237 -6.301
	-0.036 -6.301
	0.164 -6.301
	0.365 -6.301
	0.566 -6.301
	0.766 -6.301
	0.967 -6.301
	1.072 -6.301
	1.072 -6.196
	1.072 -5.995
	1.072 -5.794
	1.072 -5.594
	1.072 -5.393
	1.072 -5.192
	1.072 -4.992
	1.072 -4.791
	1.072 -4.591
	1.072 -4.39
	1.072 -4.189
	1.072 -3.989
	1.072 -3.788
	1.072 -3.587
	1.072 -3.387
	1.072 -3.186
	1.072 -2.985
	1.072 -2.785
	1.072 -2.584
	1.072 -2.383
	1.072 -2.183
	1.072 -1.982
	1.072 -1.781
	1.072 -1.581
	1.072 -1.38
	1.072 -1.18
	1.072 -0.979
	1.072 -0.778
	1.072 -0.578
	1.072 -0.377
	1.072 -0.176
	1.072 0.024
	1.072 0.225
	1.072 0.426
	1.072 0.626
	1.072 0.827
	1.072 1.028
	1.072 1.228
	1.072 1.429
	1.072 1.629
	1.072 1.83
	1.072 2.031
	1.072 2.231
	1.072 2.432
	1.072 2.633
	1.072 2.833
	1.072 3.034
	1.072 3.235
	1.072 3.435
	1.072 3.636
	1.072 3.837
	1.072 4.037
	1.072 4.238
	1.072 4.439
	1.072 4.639
	1.072 4.84
	1.072 5.04
	1.072 5.241
	1.072 5.442
	1.072 5.642
	1.072 5.843
	1.072 6.044
	1.072 6.244
	1.072 6.445
	1.072 6.646
	1.072 6.846
	1.072 7.047
	1.072 7.062
	0.877 7.062
	0.676 7.062
	0.476 7.062
	0.275 7.062
	0.074 7.062
	-0.126 7.062
	-0.327 7.062
	-0.528 7.062
	-0.728 7.062
	-0.929 7.062
	-1.129 7.062
	-1.33 7.062
	-1.531 7.062
	-1.731 7.062
	-1.932 7.062
	-2.133 7.062
	-2.333 7.062
	-2.534 7.062
	-2.735 7.062
	-2.935 7.062
	-3.136 7.062
	-3.337 7.062
	-3.537 7.062
	-3.738 7.062
	-3.939 7.062
	-4.139 7.062
	-4.34 7.062
	-4.54 7.062
	-4.741 7.062
	-4.942 7.062
	-5.142 7.062
	-5.343 7.062
	-5.544 7.062
	-5.744 7.062
	-5.945 7.062
	-6.146 7.062
	-6.346 7.062
	-6.547 7.062
	-6.748 7.062
	-6.948 7.062
	-7.149 7.062
	-7.349 7.062
	-7.55 7.062
	-7.751 7.062
	-7.951 7.062
	-8.152 7.062
	-8.353 7.062
	-8.553 7.062
	-8.754 7.062
	-8.955 7.062
	-9.155 7.062
	-9.356 7.062
	-9.557 7.062
	-9.757 7.062
	-9.958 7.062
	-10.159 7.062
	-10.359 7.062
	-10.56 7.062
	-10.76 7.062
	-10.961 7.062
	-11.162 7.062
	-11.362 7.062
	-11.563 7.062
	-11.764 7.062
	-11.964 7.062
	-12.165 7.062
	-12.27 7.062
	-12.27 6.957

	-9.87 4.549
	-9.87 4.348
	-9.87 4.148
	-9.87 3.947
	-9.87 3.747
	-9.87 3.546
	-9.87 3.345
	-9.87 3.145
	-9.87 2.944
	-9.87 2.743
	-9.87 2.543
	-9.87 2.342
	-9.87 2.141
	-9.87 1.941
	-9.87 1.74
	-9.87 1.539
	-9.87 1.339
	-9.87 1.138
	-9.87 0.937
	-9.87 0.737
	-9.87 0.536
	-9.87 0.336
	-9.87 0.135
	-9.87 -0.066
	-9.87 -0.266
	-9.87 -0.467
	-9.87 -0.668
	-9.87 -0.868
	-9.87 -1.069
	-9.87 -1.27
	-9.87 -1.47
	-9.87 -1.671
	-9.87 -1.872
	-9.87 -2.072
	-9.87 -2.273
	-9.87 -2.474
	-9.87 -2.674
	-9.87 -2.875
	-9.87 -3.075
	-9.87 -3.276
	-9.87 -3.477
	-9.87 -3.677
	-9.87 -3.878
	-9.87 -3.901
	-9.868 -3.901
	-9.667 -3.901
	-9.466 -3.901
	-9.266 -3.901
	-9.065 -3.901
	-8.865 -3.901
	-8.664 -3.901
	-8.463 -3.901
	-8.263 -3.901
	-8.062 -3.901
	-7.861 -3.901
	-7.661 -3.901
	-7.46 -3.901
	-7.259 -3.901
	-7.059 -3.901
	-6.858 -3.901
	-6.657 -3.901
	-6.457 -3.901
	-6.256 -3.901
	-6.056 -3.901
	-5.855 -3.901
	-5.654 -3.901
	-5.454 -3.901
	-5.253 -3.901
	-5.052 -3.901
	-4.852 -3.901
	-4.651 -3.901
	-4.45 -3.901
	-4.25 -3.901
	-4.049 -3.901
	-3.848 -3.901
	-3.648 -3.901
	-3.447 -3.901
	-3.246 -3.901
	-3.046 -3.901
	-2.845 -3.901
	-2.645 -3.901
	-2.444 -3.901
	-2.243 -3.901
	-2.043 -3.901
	-1.842 -3.901
	-1.641 -3.901
	-1.441 -3.901
	-1.328 -3.901
	-1.328 -3.788
	-1.328 -3.587
	-1.328 -3.387
	-1.328 -3.186
	-1.328 -2.985
	-1.328 -2.785
	-1.328 -2.584
	-1.328 -2.383
	-1.328 -2.183
	-1.328 -1.982
	-1.328 -1.781
	-1.328 -1.581
	-1.328 -1.38
	-1.328 -1.18
	-1.328 -0.979
	-1.328 -0.778
	-1.328 -0.578
	-1.328 -0.377
	-1.328 -0.176
	-1.328 0.024
	-1.328 0.225
	-1.328 0.426
	-1.328 0.626
	-1.328 0.827
	-1.328 1.028
	-1.328 1.228
	-1.328 1.429
	-1.328 1.629
	-1.328 1.83
	-1.328 2.031
	-1.328 2.231
	-1.328 2.432
	-1.328 2.633
	-1.328 2.833
	-1.328 3.034
	-1.328 3.235
	-1.328 3.435
	-1.328 3.636
	-1.328 3.837
	-1.328 4.037
	-1.328 4.238
	-1.328 4.439
	-1.328 4.639
	-1.328 4.662
	-1.33 4.662
	-1.531 4.662
	-1.731 4.662
	-1.932 4.662
	-2.133 4.662
	-2.333 4.662
	-2.534 4.662
	-2.735 4.662
	-2.935 4.662
	-3.136 4.662
	-3.337 4.662
	-3.537 4.662
	-3.738 4.662
	-3.939 4.662
	-4.139 4.662
	-4.34 4.662
	-4.54 4.662
	-4.741 4.662
	-4.942 4.662
	-5.142 4.662
	-5.343 4.662
	-5.544 4.662
	-5.744 4.662
	-5.945 4.662
	-6.146 4.662
	-6.346 4.662
	-6.547 4.662
	-6.748 4.662
	-6.948 4.662
	-7.149 4.662
	-7.349 4.662
	-7.55 4.662
	-7.751 4.662
	-7.951 4.662
	-8.152 4.662
	-8.353 4.662
	-8.553 4.662
	-8.754 4.662
	-8.955 4.662
	-9.155 4.662
	-9.356 4.662
	-9.557 4.662
	-9.757 4.662
	-9.87 4.662
	-9.87 4.549

	-7.47 2.141
	-7.47 1.941
	-7.47 1.74
	-7.47 1.539
	-7.47 1.339
	-7.47 1.138
	-7.47 0.937
	-7.47 0.737
	-7.47 0.536
	-7.47 0.336
	-7.47 0.135
	-7.47 -0.066
	-7.47 -0.266
	-7.47 -0.467
	-7.47 -0.668
	-7.47 -0.868
	-7.47 -1.069
	-7.47 -1.27
	-7.47 -1.47
	-7.47 -1.501
	-7.46 -1.501
	-7.259 -1.501
	-7.059 -1.501
	-6.858 -1.501
	-6.657 -1.501
	-6.457 -1.501
	-6.256 -1.501
	-6.056 -1.501
	-5.855 -1.501
	-5.654 -1.501
	-5.454 -1.501
	-5.253 -1.501
	-5.052 -1.501
	-4.852 -1.501
	-4.651 -1.501
	-4.45 -1.501
	-4.25 -1.501
	-4.049 -1.501
	-3.848 -1.501
	-3.728 -1.501
	-3.728 -1.38
	-3.728 -1.18
	-3.728 -0.979
	-3.728 -0.778
	-3.728 -0.578
	-3.728 -0.377
	-3.728 -0.176
	-3.728 0.024
	-3.728 0.225
	-3.728 0.426
	-3.728 0.626
	-3.728 0.827
	-3.728 1.028
	-3.728 1.228
	-3.728 1.429
	-3.728 1.629
	-3.728 1.83
	-3.728 2.031
	-3.728 2.231
	-3.728 2.262
	-3.738 2.262
	-3.939 2.262
	-4.139 2.262
	-4.34 2.262
	-4.54 2.262
	-4.741 2.262
	-4.942 2.262
	-5.142 2.262
	-5.343 2.262
	-5.544 2.262
	-5.744 2.262
	-5.945 2.262
	-6.146 2.262
	-6.346 2.262
	-6.547 2.262
	-6.748 2.262
	-6.948 2.262
	-7.149 2.262
	-7.349 2.262
	-7.47 2.262
	-7.47 2.141

	-6.27 0.937
	-6.27 0.737
	-6.27 0.536
	-6.27 0.336
	-6.27 0.135
	-6.27 -0.066
	-6.27 -0.266
	-6.27 -0.301
	-6.256 -0.301
	-6.056 -0.301
	-5.855 -0.301
	-5.654 -0.301
	-5.454 -0.301
	-5.253 -0.301
	-5.052 -0.301
	-4.928 -0.301
	-4.928 -0.176
	-4.928 0.024
	-4.928 0.225
	-4.928 0.426
	-4.928 0.626
	-4.928 0.827
	-4.928 1.028
	-4.928 1.062
	-4.942 1.062
	-5.142 1.062
	-5.343 1.062
	-5.544 1.062
	-5.744 1.062
	-5.945 1.062
	-6.146 1.062
	-6.27 1.062
	-6.27 0.937

