-31.5
	1.072 -6.196
	1.072 -5.995
	1.072 -5.794
	1.072 -5.594
	1.072 -5.393
	1.072 -5.192
	1.072 -4.992
	1.072 -4.791
	1.072 -4.591
	1.072 -4.39
	1.072 -4.189
	1.072 -3.989
	1.072 -3.788
	1.072 -3.587
	1.072 -3.387
	1.072 -3.186
	1.072 -2.985
	1.072 -2.785
	1.072 -2.584
	1.072 -2.383
	1.072 -2.183
	1.072 -1.982
	1.072 -1.781
	1.072 -1.581
	1.072 -1.38
	1.072 -1.18
	1.072 -0.979
	1.072 -0.778
	1.072 -0.578
	1.072 -0.377
	1.072 -0.176
	1.072 0.024
	1.072 0.225
	1.072 0.426
	1.072 0.626
	1.072 0.827
	1.072 1.028
	1.072 1.228
	1.072 1.429
	1.072 1.629
	1.072 1.83
	1.072 2.031
	1.072 2.231
	1.072 2.432
	1.072 2.633
	1.072 2.833
	1.072 3.034
	1.072 3.235
	1.072 3.435
	1.072 3.636
	1.072 3.837
	1.072 4.037
	1.072 4.238
	1.072 4.439
	1.072 4.639
	1.072 4.84
	1.072 5.04
	1.072 5.241
	1.072 5.442
	1.072 5.642
	1.072 5.843
	1.072 6.044
	1.072 6.244
	1.072 6.445
	1.072 6.646
	1.072 6.846
	1.072 7.047
	1.072 7.062
	0.877 7.062
	0.676 7.062
	0.476 7.062
	0.275 7.062
	0.074 7.062
	-0.126 7.062
	-0.327 7.062
	-0.528 7.062
	-0.728 7.062
	-0.929 7.062
	-1.129 7.062
	-1.33 7.062
	-1.531 7.062
	-1.731 7.062
	-1.932 7.062
	-2.133 7.062
	-2.333 7.062
	-2.534 7.062
	-2.735 7.062
	-2.935 7.062
	-3.136 7.062
	-3.337 7.062
	-3.537 7.062
	-3.738 7.062
	-3.939 7.062
	-4.139 7.062
	-4.34 7.062
	-4.54 7.062
	-4.741 7.062
	-4.942 7.062
	-5.142 7.062
	-5.343 7.062
	-5.544 7.062
	-5.744 7.062
	-5.945 7.062
	-6.146 7.062
	-6.346 7.062
	-6.547 7.062
	-6.748 7.062
	-6.948 7.062
	-7.149 7.062
	-7.349 7.062
	-7.55 7.062
	-7.751 7.062
	-7.951 7.062
	-8.152 7.062
	-8.353 7.062
	-8.553 7.062
	-8.754 7.062
	-8.955 7.062
	-9.155 7.062
	-9.356 7.062
	-9.557 7.062
	-9.757 7.062
	-9.958 7.062
	-10.159 7.062
	-10.359 7.062
	-10.56 7.062
	-10.76 7.062
	-10.961 7.062
	-11.162 7.062
	-11.362 7.062
	-11.563 7.062
	-11.764 7.062
	-11.964 7.062
	-12.165 7.062
	-12.27 7.062
	-12.27 6.957
	-12.27 6.756
	-12.27 6.556
	-12.27 6.355
	-12.27 6.154
	-12.27 5.954
	-12.27 5.753
	-12.27 5.552
	-12.27 5.352
	-12.27 5.151
	-12.27 4.95
	-12.27 4.75
	-12.27 4.549
	-12.27 4.348
	-12.27 4.148
	-12.27 3.947
	-12.27 3.747
	-12.27 3.546
	-12.27 3.345
	-12.27 3.145
	-12.27 2.944
	-12.27 2.743
	-12.27 2.543
	-12.27 2.342
	-12.27 2.141
	-12.27 1.941
	-12.27 1.74
	-12.27 1.539
	-12.27 1.339
	-12.27 1.138
	-12.27 0.937
	-12.27 0.737
	-12.27 0.536
	-12.27 0.336
	-12.27 0.135
	-12.27 -0.066
	-12.27 -0.266
	-12.27 -0.467
	-12.27 -0.668
	-12.27 -0.868
	-12.27 -1.069
	-12.27 -1.27
	-12.27 -1.47
	-12.27 -1.671
	-12.27 -1.872
	-12.27 -2.072
	-12.27 -2.273
	-12.27 -2.474
	-12.27 -2.674
	-12.27 -2.875
	-12.27 -3.075
	-12.27 -3.276
	-12.27 -3.477
	-12.27 -3.677
	-12.27 -3.878
	-12.27 -4.079
	-12.27 -4.279
	-12.27 -4.48
	-12.27 -4.681
	-12.27 -4.881
	-12.27 -5.082
	-12.27 -5.283
	-12.27 -5.483
	-12.27 -5.684
	-12.27 -5.884
	-12.27 -6.085
	-12.27 -6.286
	-12.27 -6.301
	-12.075 -6.301
	-11.874 -6.301
	-11.674 -6.301
	-11.473 -6.301
	-11.272 -6.301
	-11.072 -6.301
	-10.871 -6.301
	-10.67 -6.301
	-10.47 -6.301
	-10.269 -6.301
	-10.068 -6.301
	-9.868 -6.301
	-9.667 -6.301
	-9.466 -6.301
	-9.266 -6.301
	-9.065 -6.301
	-8.865 -6.301
	-8.664 -6.301
	-8.463 -6.301
	-8.263 -6.301
	-8.062 -6.301
	-7.861 -6.301
	-7.661 -6.301
	-7.46 -6.301
	-7.259 -6.301
	-7.059 -6.301
	-6.858 -6.301
	-6.657 -6.301
	-6.457 -6.301
	-6.256 -6.301
	-6.056 -6.301
	-5.855 -6.301
	-5.654 -6.301
	-5.454 -6.301
	-5.253 -6.301
	-5.052 -6.301
	-4.852 -6.301
	-4.651 -6.301
	-4.45 -6.301
	-4.25 -6.301
	-4.049 -6.301
	-3.848 -6.301
	-3.648 -6.301
	-3.447 -6.301
	-3.246 -6.301
	-3.046 -6.301
	-2.845 -6.301
	-2.645 -6.301
	-2.444 -6.301
	-2.243 -6.301
	-2.043 -6.301
	-1.842 -6.301
	-1.641 -6.301
	-1.441 -6.301
	-1.24 -6.301
	-1.039 -6.301
	-0.839 -6.301
	-0.638 -6.301
	-0.437 -6.301
	-0.237 -6.301
	-0.036 -6.301
	0.164 -6.301
	0.365 -6.301
	0.566 -6.301
	0.766 -6.301
	0.967 -6.301
	1.072 -6.301
	1.072 -6.196

	0.459293 0.381073
	0.453977 0.111328
	0.435345 -0.157511
	0.406504 -0.421017
	0.365177 -0.688976
	0.311695 -0.95371
	0.246187 -1.21708
	0.169426 -1.47383
	0.0828258 -1.72576
	-0.0160751 -1.97702
	-0.125618 -2.22118
	-0.245089 -2.46145
	-0.378903 -2.70069
	-0.520068 -2.92761
	-0.669876 -3.14839
	-0.830286 -3.36315
	-0.999993 -3.5713
	-1.18047 -3.77317
	-1.37014 -3.96685
	-1.56599 -4.14947
	-1.76795 -4.32257
	-1.9811 -4.49014
	-2.20236 -4.64704
	-2.42578 -4.79161
	-2.65662 -4.92747
	-2.89406 -5.05348
	-3.1399 -5.17036
	-3.38975 -5.27458
	-3.63912 -5.36645
	-3.89468 -5.44855
	-4.15292 -5.51873
	-4.41769 -5.57891
	-4.68314 -5.6256
	-4.9475 -5.66111
	-5.216 -5.68503
	-5.4846 -5.697
	-5.7544 -5.697
	-6.023 -5.68503
	-6.2915 -5.66111
	-6.55586 -5.6256
	-6.82131 -5.57891
	-7.08608 -5.51873
	-7.34432 -5.44855
	-7.59988 -5.36645
	-7.84925 -5.27458
	-8.0991 -5.17036
	-8.34494 -5.05348
	-8.58238 -4.92747
	-8.81322 -4.7916
	-9.03664 -4.64704
	-9.2579 -4.49015
	-9.47105 -4.32257
	-9.67301 -4.14947
	-9.86886 -3.96685
	-10.0585 -3.77317
	-10.239 -3.5713
	-10.4087 -3.36315
	-10.5691 -3.14839
	-10.7189 -2.92761
	-10.8618 -2.69795
	-10.9927 -2.46146
	-11.112 -2.22421
	-11.2229 -1.97702
	-11.3218 -1.72576
	-11.4084 -1.47383
	-11.4852 -1.21708
	-11.5507 -0.953709
	-11.6042 -0.688976
	-11.6455 -0.421019
	-11.6743 -0.157512
	-11.693 0.111329
	-11.6983 0.381073
	-11.693 0.649744
	-11.6744 0.918111
	-11.6455 1.18318
	-11.6041 1.45053
	-11.5507 1.71471
	-11.4852 1.97808
	-11.4084 2.23483
	-11.3218 2.48676
	-11.2229 2.73802
	-11.112 2.98521
	-10.9927 3.22246
	-10.8618 3.45895
	-10.7189 3.68861
	-10.5691 3.90939
	-10.4087 4.12415
	-10.239 4.3323
	-10.0585 4.53417
	-9.86886 4.72785
	-9.67301 4.91047
	-9.47105 5.08357
	-9.2579 5.25114
	-9.03917 5.40624
	-8.81322 5.55378
	-8.57956 5.68997
	-8.34494 5.81448
	-8.0991 5.93136
	-7.84925 6.03558
	-7.59988 6.12745
	-7.34432 6.20955
	-7.08609 6.27973
	-6.82131 6.33991
	-6.55586 6.3866
	-6.2915 6.42211
	-6.023 6.44603
	-5.7544 6.458
	-5.4846 6.458
	-5.216 6.44603
	-4.9475 6.42211
	-4.68314 6.3866
	-4.41769 6.33991
	-4.15291 6.27973
	-3.89468 6.20955
	-3.63912 6.12745
	-3.38975 6.03558
	-3.1399 5.93136
	-2.89406 5.81448
	-2.65944 5.68997
	-2.42578 5.55378
	-2.19983 5.40624
	-1.9811 5.25114
	-1.76795 5.08357
	-1.56599 4.91047
	-1.37014 4.72785
	-1.18047 4.53417
	-0.999992 4.3323
	-0.830286 4.12415
	-0.669877 3.90939
	-0.520068 3.68861
	-0.378903 3.46169
	-0.245089 3.22245
	-0.125618 2.98218
	-0.0160751 2.73802
	0.0828258 2.48676
	0.169426 2.23483
	0.246187 1.97808
	0.311695 1.71471
	0.365065 1.45053
	0.406504 1.18318
	0.435373 0.91811
	0.453972 0.649745
	0.459293 0.381073

	-0.128 -4.992
	-0.128 -4.791
	-0.128 -4.591
	-0.128 -4.3964
	-0.304038 -4.5933
	-0.531854 -4.82593
	-0.76599 -5.04424
	-0.832205 -5.101
	-0.638 -5.101
	-0.437 -5.101
	-0.237 -5.101
	-0.128 -5.101
	-0.128 -4.992

	-0.128 5.241
	-0.128 5.442
	-0.128 5.642
	-0.128 5.843
	-0.128 5.862
	-0.327 5.862
	-0.528 5.862
	-0.728 5.862
	-0.832205 5.862
	-0.765991 5.80525
	-0.531854 5.58693
	-0.304038 5.3543
	-0.128 5.1574
	-0.128 5.241

	-10.56 5.862
	-10.76 5.862
	-10.961 5.862
	-11.07 5.862
	-11.07 5.753
	-11.07 5.552
	-11.07 5.352
	-11.07 5.20326
	-10.935 5.3543
	-10.7071 5.58693
	-10.473 5.80525
	-10.4068 5.862
	-10.56 5.862

	-11.07 -4.48
	-11.07 -4.681
	-11.07 -4.881
	-11.07 -5.082
	-11.07 -5.101
	-10.871 -5.101
	-10.67 -5.101
	-10.47 -5.101
	-10.4068 -5.101
	-10.473 -5.04424
	-10.7071 -4.82593
	-10.935 -4.5933
	-11.07 -4.44226
	-11.07 -4.48

-31
	1.072 -6.196
	1.072 -5.995
	1.072 -5.794
	1.072 -5.594
	1.072 -5.393
	1.072 -5.192
	1.072 -4.992
	1.072 -4.791
	1.072 -4.591
	1.072 -4.39
	1.072 -4.189
	1.072 -3.989
	1.072 -3.788
	1.072 -3.587
	1.072 -3.387
	1.072 -3.186
	1.072 -2.985
	1.072 -2.785
	1.072 -2.584
	1.072 -2.383
	1.072 -2.183
	1.072 -1.982
	1.072 -1.781
	1.072 -1.581
	1.072 -1.38
	1.072 -1.18
	1.072 -0.979
	1.072 -0.778
	1.072 -0.578
	1.072 -0.377
	1.072 -0.176
	1.072 0.024
	1.072 0.225
	1.072 0.426
	1.072 0.626
	1.072 0.827
	1.072 1.028
	1.072 1.228
	1.072 1.429
	1.072 1.629
	1.072 1.83
	1.072 2.031
	1.072 2.231
	1.072 2.432
	1.072 2.633
	1.072 2.833
	1.072 3.034
	1.072 3.235
	1.072 3.435
	1.072 3.636
	1.072 3.837
	1.072 4.037
	1.072 4.238
	1.072 4.439
	1.072 4.639
	1.072 4.84
	1.072 5.04
	1.072 5.241
	1.072 5.442
	1.072 5.642
	1.072 5.843
	1.072 6.044
	1.072 6.244
	1.072 6.445
	1.072 6.646
	1.072 6.846
	1.072 7.047
	1.072 7.062
	0.877 7.062
	0.676 7.062
	0.476 7.062
	0.275 7.062
	0.074 7.062
	-0.126 7.062
	-0.327 7.062
	-0.528 7.062
	-0.728 7.062
	-0.929 7.062
	-1.129 7.062
	-1.33 7.062
	-1.531 7.062
	-1.731 7.062
	-1.932 7.062
	-2.133 7.062
	-2.333 7.062
	-2.534 7.062
	-2.735 7.062
	-2.935 7.062
	-3.136 7.062
	-3.337 7.062
	-3.537 7.062
	-3.738 7.062
	-3.939 7.062
	-4.139 7.062
	-4.34 7.062
	-4.54 7.062
	-4.741 7.062
	-4.942 7.062
	-5.142 7.062
	-5.343 7.062
	-5.544 7.062
	-5.744 7.062
	-5.945 7.062
	-6.146 7.062
	-6.346 7.062
	-6.547 7.062
	-6.748 7.062
	-6.948 7.062
	-7.149 7.062
	-7.349 7.062
	-7.55 7.062
	-7.751 7.062
	-7.951 7.062
	-8.152 7.062
	-8.353 7.062
	-8.553 7.062
	-8.754 7.062
	-8.955 7.062
	-9.155 7.062
	-9.356 7.062
	-9.557 7.062
	-9.757 7.062
	-9.958 7.062
	-10.159 7.062
	-10.359 7.062
	-10.56 7.062
	-10.76 7.062
	-10.961 7.062
	-11.162 7.062
	-11.362 7.062
	-11.563 7.062
	-11.764 7.062
	-11.964 7.062
	-12.165 7.062
	-12.27 7.062
	-12.27 6.957
	-12.27 6.756
	-12.27 6.556
	-12.27 6.355
	-12.27 6.154
	-12.27 5.954
	-12.27 5.753
	-12.27 5.552
	-12.27 5.352
	-12.27 5.151
	-12.27 4.95
	-12.27 4.75
	-12.27 4.549
	-12.27 4.348
	-12.27 4.148
	-12.27 3.947
	-12.27 3.747
	-12.27 3.546
	-12.27 3.345
	-12.27 3.145
	-12.27 2.944
	-12.27 2.743
	-12.27 2.543
	-12.27 2.342
	-12.27 2.141
	-12.27 1.941
	-12.27 1.74
	-12.27 1.539
	-12.27 1.339
	-12.27 1.138
	-12.27 0.937
	-12.27 0.737
	-12.27 0.536
	-12.27 0.336
	-12.27 0.135
	-12.27 -0.066
	-12.27 -0.266
	-12.27 -0.467
	-12.27 -0.668
	-12.27 -0.868
	-12.27 -1.069
	-12.27 -1.27
	-12.27 -1.47
	-12.27 -1.671
	-12.27 -1.872
	-12.27 -2.072
	-12.27 -2.273
	-12.27 -2.474
	-12.27 -2.674
	-12.27 -2.875
	-12.27 -3.075
	-12.27 -3.276
	-12.27 -3.477
	-12.27 -3.677
	-12.27 -3.878
	-12.27 -4.079
	-12.27 -4.279
	-12.27 -4.48
	-12.27 -4.681
	-12.27 -4.881
	-12.27 -5.082
	-12.27 -5.283
	-12.27 -5.483
	-12.27 -5.684
	-12.27 -5.884
	-12.27 -6.085
	-12.27 -6.286
	-12.27 -6.301
	-12.075 -6.301
	-11.874 -6.301
	-11.674 -6.301
	-11.473 -6.301
	-11.272 -6.301
	-11.072 -6.301
	-10.871 -6.301
	-10.67 -6.301
	-10.47 -6.301
	-10.269 -6.301
	-10.068 -6.301
	-9.868 -6.301
	-9.667 -6.301
	-9.466 -6.301
	-9.266 -6.301
	-9.065 -6.301
	-8.865 -6.301
	-8.664 -6.301
	-8.463 -6.301
	-8.263 -6.301
	-8.062 -6.301
	-7.861 -6.301
	-7.661 -6.301
	-7.46 -6.301
	-7.259 -6.301
	-7.059 -6.301
	-6.858 -6.301
	-6.657 -6.301
	-6.457 -6.301
	-6.256 -6.301
	-6.056 -6.301
	-5.855 -6.301
	-5.654 -6.301
	-5.454 -6.301
	-5.253 -6.301
	-5.052 -6.301
	-4.852 -6.301
	-4.651 -6.301
	-4.45 -6.301
	-4.25 -6.301
	-4.049 -6.301
	-3.848 -6.301
	-3.648 -6.301
	-3.447 -6.301
	-3.246 -6.301
	-3.046 -6.301
	-2.845 -6.301
	-2.645 -6.301
	-2.444 -6.301
	-2.243 -6.301
	-2.043 -6.301
	-1.842 -6.301
	-1.641 -6.301
	-1.441 -6.301
	-1.24 -6.301
	-1.039 -6.301
	-0.839 -6.301
	-0.638 -6.301
	-0.437 -6.301
	-0.237 -6.301
	-0.036 -6.301
	0.164 -6.301
	0.365 -6.301
	0.566 -6.301
	0.766 -6.301
	0.967 -6.301
	1.072 -6.301
	1.072 -6.196

	0.387457 0.381091
	0.380716 0.107385
	0.362317 -0.156767
	0.333044 -0.424218
	0.29034 -0.691118
	0.236805 -0.956117
	0.169899 -1.21839
	0.093077 -1.47534
	0.00350215 -1.7307
	-0.0963061 -1.97955
	-0.20718 -2.22374
	-0.3288 -2.46431
	-0.464092 -2.70242
	-0.607807 -2.92997
	-0.759174 -3.14846
	-0.922874 -3.3645
	-1.09692 -3.57201
	-1.27716 -3.76948
	-1.46835 -3.96067
	-1.66892 -4.14385
	-1.87451 -4.31496
	-2.08811 -4.47815
	-2.30903 -4.63119
	-2.53931 -4.77663
	-2.77469 -4.90903
	-3.01088 -5.02975
	-3.25828 -5.1427
	-3.5096 -5.24296
	-3.76366 -5.33208
	-4.02406 -5.40993
	-4.28288 -5.47464
	-4.54429 -5.52877
	-4.81478 -5.57204
	-5.08223 -5.60132
	-5.35 -5.61997
	-5.61893 -5.62529
	-5.88893 -5.61997
	-6.15677 -5.60132
	-6.42422 -5.57204
	-6.69471 -5.52877
	-6.95612 -5.47464
	-7.21494 -5.40993
	-7.47534 -5.33208
	-7.7307 -5.2425
	-7.97956 -5.14269
	-8.22676 -5.03045
	-8.46431 -4.90903
	-8.69969 -4.77663
	-8.92997 -4.63119
	-9.15089 -4.47814
	-9.36449 -4.31496
	-9.57201 -4.14225
	-9.77142 -3.9589
	-9.9589 -3.77142
	-10.1423 -3.57201
	-10.315 -3.36449
	-10.4781 -3.15089
	-10.6312 -2.92997
	-10.7766 -2.69969
	-10.909 -2.46431
	-11.0305 -2.22676
	-11.1427 -1.97956
	-11.2425 -1.7307
	-11.3321 -1.47534
	-11.4099 -1.21494
	-11.4746 -0.956118
	-11.5288 -0.69471
	-11.572 -0.424218
	-11.6013 -0.156768
	-11.62 0.111072
	-11.6253 0.381073
	-11.62 0.650001
	-11.6013 0.917768
	-11.572 1.18522
	-11.5288 1.45571
	-11.4746 1.71712
	-11.4099 1.97594
	-11.3321 2.23634
	-11.243 2.4904
	-11.1427 2.74172
	-11.0298 2.98912
	-10.909 3.22531
	-10.7766 3.46069
	-10.6312 3.69097
	-10.4781 3.91189
	-10.315 4.12549
	-10.1439 4.33108
	-9.96067 4.53165
	-9.76948 4.72284
	-9.57201 4.90308
	-9.3645 5.07713
	-9.14846 5.24083
	-8.92997 5.39219
	-8.70242 5.53591
	-8.46431 5.6712
	-8.22374 5.79282
	-7.97955 5.90369
	-7.7307 6.0035
	-7.47534 6.09308
	-7.21839 6.1699
	-6.95612 6.2368
	-6.69112 6.29034
	-6.42422 6.33304
	-6.15677 6.36232
	-5.89262 6.38072
	-5.61891 6.38746
	-5.34629 6.38071
	-5.08223 6.36232
	-4.81478 6.33304
	-4.54788 6.29034
	-4.28288 6.2368
	-4.02061 6.1699
	-3.76366 6.09308
	-3.5096 6.00396
	-3.25828 5.9037
	-3.01389 5.79213
	-2.77469 5.6712
	-2.53658 5.53591
	-2.30903 5.39219
	-2.09054 5.24083
	-1.8745 5.07713
	-1.66891 4.90469
	-1.47028 4.7246
	-1.2754 4.52972
	-1.09531 4.33109
	-0.922874 4.1255
	-0.759174 3.90946
	-0.607807 3.69097
	-0.464092 3.46342
	-0.3288 3.22531
	-0.207872 2.98611
	-0.096304 2.74172
	0.0039589 2.4904
	0.093077 2.23634
	0.169899 1.97939
	0.236805 1.71712
	0.29034 1.45212
	0.333044 1.18522
	0.362317 0.917767
	0.380709 0.653706
	0.387457 0.381091

	-0.128 -4.992
	-0.128 -4.791
	-0.128 -4.591
	-0.128 -4.39
	-0.128 -4.28414
	-0.193648 -4.36241
	-0.409292 -4.59867
	-0.639029 -4.82841
	-0.880048 -5.04854
	-0.943086 -5.101
	-0.839 -5.101
	-0.638 -5.101
	-0.437 -5.101
	-0.237 -5.101
	-0.128 -5.101
	-0.128 -4.992

	-0.128 5.241
	-0.128 5.442
	-0.128 5.642
	-0.128 5.843
	-0.128 5.862
	-0.327 5.862
	-0.528 5.862
	-0.728 5.862
	-0.929 5.862
	-0.942938 5.862
	-0.880032 5.80924
	-0.642512 5.59389
	-0.406111 5.35749
	-0.19076 5.11997
	-0.128 5.04514
	-0.128 5.241

	-10.359 5.862
	-10.56 5.862
	-10.76 5.862
	-10.961 5.862
	-11.07 5.862
	-11.07 5.753
	-11.07 5.552
	-11.07 5.352
	-11.07 5.151
	-11.07 5.09416
	-11.0485 5.11995
	-10.8284 5.36097
	-10.5987 5.59071
	-10.3624 5.80635
	-10.2961 5.862
	-10.359 5.862

	-11.07 -4.48
	-11.07 -4.681
	-11.07 -4.881
	-11.07 -5.082
	-11.07 -5.101
	-10.871 -5.101
	-10.67 -5.101
	-10.47 -5.101
	-10.2959 -5.101
	-10.3624 -5.04566
	-10.6022 -4.82523
	-10.8252 -4.60215
	-11.0457 -4.36241
	-11.07 -4.33316
	-11.07 -4.48

-30.5
	1.072 -6.196
	1.072 -5.995
	1.072 -5.794
	1.072 -5.594
	1.072 -5.393
	1.072 -5.192
	1.072 -4.992
	1.072 -4.791
	1.072 -4.591
	1.072 -4.39
	1.072 -4.189
	1.072 -3.989
	1.072 -3.788
	1.072 -3.587
	1.072 -3.387
	1.072 -3.186
	1.072 -2.985
	1.072 -2.785
	1.072 -2.584
	1.072 -2.383
	1.072 -2.183
	1.072 -1.982
	1.072 -1.781
	1.072 -1.581
	1.072 -1.38
	1.072 -1.18
	1.072 -0.979
	1.072 -0.778
	1.072 -0.578
	1.072 -0.377
	1.072 -0.176
	1.072 0.024
	1.072 0.225
	1.072 0.426
	1.072 0.626
	1.072 0.827
	1.072 1.028
	1.072 1.228
	1.072 1.429
	1.072 1.629
	1.072 1.83
	1.072 2.031
	1.072 2.231
	1.072 2.432
	1.072 2.633
	1.072 2.833
	1.072 3.034
	1.072 3.235
	1.072 3.435
	1.072 3.636
	1.072 3.837
	1.072 4.037
	1.072 4.238
	1.072 4.439
	1.072 4.639
	1.072 4.84
	1.072 5.04
	1.072 5.241
	1.072 5.442
	1.072 5.642
	1.072 5.843
	1.072 6.044
	1.072 6.244
	1.072 6.445
	1.072 6.646
	1.072 6.846
	1.072 7.047
	1.072 7.062
	0.877 7.062
	0.676 7.062
	0.476 7.062
	0.275 7.062
	0.074 7.062
	-0.126 7.062
	-0.327 7.062
	-0.528 7.062
	-0.728 7.062
	-0.929 7.062
	-1.129 7.062
	-1.33 7.062
	-1.531 7.062
	-1.731 7.062
	-1.932 7.062
	-2.133 7.062
	-2.333 7.062
	-2.534 7.062
	-2.735 7.062
	-2.935 7.062
	-3.136 7.062
	-3.337 7.062
	-3.537 7.062
	-3.738 7.062
	-3.939 7.062
	-4.139 7.062
	-4.34 7.062
	-4.54 7.062
	-4.741 7.062
	-4.942 7.062
	-5.142 7.062
	-5.343 7.062
	-5.544 7.062
	-5.744 7.062
	-5.945 7.062
	-6.146 7.062
	-6.346 7.062
	-6.547 7.062
	-6.748 7.062
	-6.948 7.062
	-7.149 7.062
	-7.349 7.062
	-7.55 7.062
	-7.751 7.062
	-7.951 7.062
	-8.152 7.062
	-8.353 7.062
	-8.553 7.062
	-8.754 7.062
	-8.955 7.062
	-9.155 7.062
	-9.356 7.062
	-9.557 7.062
	-9.757 7.062
	-9.958 7.062
	-10.159 7.062
	-10.359 7.062
	-10.56 7.062
	-10.76 7.062
	-10.961 7.062
	-11.162 7.062
	-11.362 7.062
	-11.563 7.062
	-11.764 7.062
	-11.964 7.062
	-12.165 7.062
	-12.27 7.062
	-12.27 6.957
	-12.27 6.756
	-12.27 6.556
	-12.27 6.355
	-12.27 6.154
	-12.27 5.954
	-12.27 5.753
	-12.27 5.552
	-12.27 5.352
	-12.27 5.151
	-12.27 4.95
	-12.27 4.75
	-12.27 4.549
	-12.27 4.348
	-12.27 4.148
	-12.27 3.947
	-12.27 3.747
	-12.27 3.546
	-12.27 3.345
	-12.27 3.145
	-12.27 2.944
	-12.27 2.743
	-12.27 2.543
	-12.27 2.342
	-12.27 2.141
	-12.27 1.941
	-12.27 1.74
	-12.27 1.539
	-12.27 1.339
	-12.27 1.138
	-12.27 0.937
	-12.27 0.737
	-12.27 0.536
	-12.27 0.336
	-12.27 0.135
	-12.27 -0.066
	-12.27 -0.266
	-12.27 -0.467
	-12.27 -0.668
	-12.27 -0.868
	-12.27 -1.069
	-12.27 -1.27
	-12.27 -1.47
	-12.27 -1.671
	-12.27 -1.872
	-12.27 -2.072
	-12.27 -2.273
	-12.27 -2.474
	-12.27 -2.674
	-12.27 -2.875
	-12.27 -3.075
	-12.27 -3.276
	-12.27 -3.477
	-12.27 -3.677
	-12.27 -3.878
	-12.27 -4.079
	-12.27 -4.279
	-12.27 -4.48
	-12.27 -4.681
	-12.27 -4.881
	-12.27 -5.082
	-12.27 -5.283
	-12.27 -5.483
	-12.27 -5.684
	-12.27 -5.884
	-12.27 -6.085
	-12.27 -6.286
	-12.27 -6.301
	-12.075 -6.301
	-11.874 -6.301
	-11.674 -6.301
	-11.473 -6.301
	-11.272 -6.301
	-11.072 -6.301
	-10.871 -6.301
	-10.67 -6.301
	-10.47 -6.301
	-10.269 -6.301
	-10.068 -6.301
	-9.868 -6.301
	-9.667 -6.301
	-9.466 -6.301
	-9.266 -6.301
	-9.065 -6.301
	-8.865 -6.301
	-8.664 -6.301
	-8.463 -6.301
	-8.263 -6.301
	-8.062 -6.301
	-7.861 -6.301
	-7.661 -6.301
	-7.46 -6.301
	-7.259 -6.301
	-7.059 -6.301
	-6.858 -6.301
	-6.657 -6.301
	-6.457 -6.301
	-6.256 -6.301
	-6.056 -6.301
	-5.855 -6.301
	-5.654 -6.301
	-5.454 -6.301
	-5.253 -6.301
	-5.052 -6.301
	-4.852 -6.301
	-4.651 -6.301
	-4.45 -6.301
	-4.25 -6.301
	-4.049 -6.301
	-3.848 -6.301
	-3.648 -6.301
	-3.447 -6.301
	-3.246 -6.301
	-3.046 -6.301
	-2.845 -6.301
	-2.645 -6.301
	-2.444 -6.301
	-2.243 -6.301
	-2.043 -6.301
	-1.842 -6.301
	-1.641 -6.301
	-1.441 -6.301
	-1.24 -6.301
	-1.039 -6.301
	-0.839 -6.301
	-0.638 -6.301
	-0.437 -6.301
	-0.237 -6.301
	-0.036 -6.301
	0.164 -6.301
	0.365 -6.301
	0.566 -6.301
	0.766 -6.301
	0.967 -6.301
	1.072 -6.301
	1.072 -6.196

	0.314462 0.381092
	0.307807 0.112248
	0.290483 -0.156937
	0.259327 -0.427862
	0.216646 -0.693286
	0.161905 -0.957642
	0.0947552 -1.22087
	0.0151597 -1.48124
	-0.0754244 -1.73435
	-0.177165 -1.98468
	-0.291598 -2.23105
	-0.413757 -2.46617
	-0.547617 -2.70043
	-0.696158 -2.9321
	-0.85146 -3.15111
	-1.01488 -3.36237
	-1.19225 -3.57088
	-1.377 -3.76767
	-1.56787 -3.95457
	-1.77184 -4.13693
	-1.98248 -4.30731
	-2.19588 -4.46539
	-2.42006 -4.61708
	-2.65306 -4.75849
	-2.89121 -4.88901
	-3.13201 -5.00608
	-3.37786 -5.11372
	-3.63281 -5.21085
	-3.89065 -5.29589
	-4.14933 -5.36753
	-4.40837 -5.42832
	-4.67842 -5.47853
	-4.94868 -5.51502
	-5.21298 -5.53869
	-5.48189 -5.552
	-5.75711 -5.552
	-6.02602 -5.53869
	-6.29032 -5.51502
	-6.56126 -5.47844
	-6.82946 -5.42832
	-7.08982 -5.36753
	-7.34717 -5.2959
	-7.6051 -5.21126
	-7.86114 -5.11372
	-8.107 -5.00608
	-8.34779 -4.88901
	-8.58594 -4.75849
	-8.81894 -4.61708
	-9.04312 -4.46539
	-9.25652 -4.30731
	-9.46908 -4.13537
	-9.66997 -3.95457
	-9.86022 -3.76957
	-10.0487 -3.56881
	-10.223 -3.36237
	-10.3858 -3.15351
	-10.5447 -2.92954
	-10.6902 -2.70043
	-10.8238 -2.46903
	-10.9474 -2.23105
	-11.0618 -1.98468
	-11.1636 -1.73435
	-11.2554 -1.47789
	-11.3336 -1.21742
	-11.3999 -0.957644
	-11.4546 -0.693286
	-11.4973 -0.427863
	-11.5281 -0.160614
	-11.5467 0.108551
	-11.5535 0.381092
	-11.5467 0.652542
	-11.5281 0.921614
	-11.4974 1.18828
	-11.4546 1.45546
	-11.3997 1.71938
	-11.3336 1.97842
	-11.2554 2.23889
	-11.1636 2.49535
	-11.0618 2.74568
	-10.9474 2.99205
	-10.8238 3.23003
	-10.6902 3.46143
	-10.5447 3.69054
	-10.3858 3.91451
	-10.223 4.12337
	-10.0503 4.32787
	-9.86204 4.5298
	-9.66798 4.71851
	-9.46693 4.89811
	-9.25652 5.06831
	-9.04312 5.22639
	-8.81894 5.37808
	-8.58594 5.51949
	-8.35072 5.6484
	-8.107 5.76824
	-7.85796 5.87594
	-7.6051 5.97226
	-7.35058 6.05578
	-7.08983 6.1297
	-6.8259 6.18999
	-6.56126 6.23944
	-6.29399 6.27552
	-6.02603 6.30085
	-5.7534 6.313
	-5.4856 6.313
	-5.21297 6.30085
	-4.94501 6.27552
	-4.67842 6.23953
	-4.41194 6.18999
	-4.14935 6.1297
	-3.88726 6.05578
	-3.63281 5.97185
	-3.38105 5.87594
	-3.132 5.76824
	-2.88828 5.6484
	-2.65306 5.51949
	-2.42006 5.37808
	-2.19588 5.22639
	-1.98248 5.06831
	-1.774 4.89967
	-1.56985 4.71851
	-1.37519 4.5279
	-1.19061 4.32994
	-1.01488 4.12337
	-0.851461 3.91211
	-0.696157 3.6931
	-0.547617 3.46143
	-0.413757 3.22717
	-0.291598 2.99205
	-0.177165 2.74568
	-0.0754244 2.49535
	0.0151597 2.24224
	0.0947552 1.98187
	0.161719 1.71937
	0.216646 1.45546
	0.259394 1.18828
	0.290483 0.917937
	0.307801 0.648845
	0.314462 0.381092

	-0.128 -4.992
	-0.128 -4.791
	-0.128 -4.591
	-0.128 -4.39
	-0.128 -4.189
	-0.128 -4.17181
	-0.297256 -4.37078
	-0.519403 -4.60741
	-0.747774 -4.83103
	-0.994118 -5.05127
	-1.0556 -5.101
	-1.039 -5.101
	-0.839 -5.101
	-0.638 -5.101
	-0.437 -5.101
	-0.237 -5.101
	-0.128 -5.101
	-0.128 -4.992

	-0.128 5.04
	-0.128 5.241
	-0.128 5.442
	-0.128 5.642
	-0.128 5.843
	-0.128 5.862
	-0.327 5.862
	-0.528 5.862
	-0.728 5.862
	-0.929 5.862
	-1.0556 5.862
	-0.997997 5.81541
	-0.751338 5.59652
	-0.516138 5.36622
	-0.294296 5.1283
	-0.128 4.93281
	-0.128 5.04

	-10.359 5.862
	-10.56 5.862
	-10.76 5.862
	-10.961 5.862
	-11.07 5.862
	-11.07 5.753
	-11.07 5.552
	-11.07 5.352
	-11.07 5.151
	-11.07 4.98026
	-10.9482 5.12456
	-10.7197 5.36964
	-10.4864 5.59651
	-10.2445 5.8126
	-10.1834 5.862
	-10.359 5.862

	-11.07 -4.279
	-11.07 -4.48
	-11.07 -4.681
	-11.07 -4.881
	-11.07 -5.082
	-11.07 -5.101
	-10.871 -5.101
	-10.67 -5.101
	-10.47 -5.101
	-10.269 -5.101
	-10.1834 -5.101
	-10.2484 -5.04846
	-10.4899 -4.83103
	-10.7164 -4.61082
	-10.9452 -4.36706
	-11.07 -4.21926
	-11.07 -4.279

-30
	1.072 -6.196
	1.072 -5.995
	1.072 -5.794
	1.072 -5.594
	1.072 -5.393
	1.072 -5.192
	1.072 -4.992
	1.072 -4.791
	1.072 -4.591
	1.072 -4.39
	1.072 -4.189
	1.072 -3.989
	1.072 -3.788
	1.072 -3.587
	1.072 -3.387
	1.072 -3.186
	1.072 -2.985
	1.072 -2.785
	1.072 -2.584
	1.072 -2.383
	1.072 -2.183
	1.072 -1.982
	1.072 -1.781
	1.072 -1.581
	1.072 -1.38
	1.072 -1.18
	1.072 -0.979
	1.072 -0.778
	1.072 -0.578
	1.072 -0.377
	1.072 -0.176
	1.072 0.024
	1.072 0.225
	1.072 0.426
	1.072 0.626
	1.072 0.827
	1.072 1.028
	1.072 1.228
	1.072 1.429
	1.072 1.629
	1.072 1.83
	1.072 2.031
	1.072 2.231
	1.072 2.432
	1.072 2.633
	1.072 2.833
	1.072 3.034
	1.072 3.235
	1.072 3.435
	1.072 3.636
	1.072 3.837
	1.072 4.037
	1.072 4.238
	1.072 4.439
	1.072 4.639
	1.072 4.84
	1.072 5.04
	1.072 5.241
	1.072 5.442
	1.072 5.642
	1.072 5.843
	1.072 6.044
	1.072 6.244
	1.072 6.445
	1.072 6.646
	1.072 6.846
	1.072 7.047
	1.072 7.062
	0.877 7.062
	0.676 7.062
	0.476 7.062
	0.275 7.062
	0.074 7.062
	-0.126 7.062
	-0.327 7.062
	-0.528 7.062
	-0.728 7.062
	-0.929 7.062
	-1.129 7.062
	-1.33 7.062
	-1.531 7.062
	-1.731 7.062
	-1.932 7.062
	-2.133 7.062
	-2.333 7.062
	-2.534 7.062
	-2.735 7.062
	-2.935 7.062
	-3.136 7.062
	-3.337 7.062
	-3.537 7.062
	-3.738 7.062
	-3.939 7.062
	-4.139 7.062
	-4.34 7.062
	-4.54 7.062
	-4.741 7.062
	-4.942 7.062
	-5.142 7.062
	-5.343 7.062
	-5.544 7.062
	-5.744 7.062
	-5.945 7.062
	-6.146 7.062
	-6.346 7.062
	-6.547 7.062
	-6.748 7.062
	-6.948 7.062
	-7.149 7.062
	-7.349 7.062
	-7.55 7.062
	-7.751 7.062
	-7.951 7.062
	-8.152 7.062
	-8.353 7.062
	-8.553 7.062
	-8.754 7.062
	-8.955 7.062
	-9.155 7.062
	-9.356 7.062
	-9.557 7.062
	-9.757 7.062
	-9.958 7.062
	-10.159 7.062
	-10.359 7.062
	-10.56 7.062
	-10.76 7.062
	-10.961 7.062
	-11.162 7.062
	-11.362 7.062
	-11.563 7.062
	-11.764 7.062
	-11.964 7.062
	-12.165 7.062
	-12.27 7.062
	-12.27 6.957
	-12.27 6.756
	-12.27 6.556
	-12.27 6.355
	-12.27 6.154
	-12.27 5.954
	-12.27 5.753
	-12.27 5.552
	-12.27 5.352
	-12.27 5.151
	-12.27 4.95
	-12.27 4.75
	-12.27 4.549
	-12.27 4.348
	-12.27 4.148
	-12.27 3.947
	-12.27 3.747
	-12.27 3.546
	-12.27 3.345
	-12.27 3.145
	-12.27 2.944
	-12.27 2.743
	-12.27 2.543
	-12.27 2.342
	-12.27 2.141
	-12.27 1.941
	-12.27 1.74
	-12.27 1.539
	-12.27 1.339
	-12.27 1.138
	-12.27 0.937
	-12.27 0.737
	-12.27 0.536
	-12.27 0.336
	-12.27 0.135
	-12.27 -0.066
	-12.27 -0.266
	-12.27 -0.467
	-12.27 -0.668
	-12.27 -0.868
	-12.27 -1.069
	-12.27 -1.27
	-12.27 -1.47
	-12.27 -1.671
	-12.27 -1.872
	-12.27 -2.072
	-12.27 -2.273
	-12.27 -2.474
	-12.27 -2.674
	-12.27 -2.875
	-12.27 -3.075
	-12.27 -3.276
	-12.27 -3.477
	-12.27 -3.677
	-12.27 -3.878
	-12.27 -4.079
	-12.27 -4.279
	-12.27 -4.48
	-12.27 -4.681
	-12.27 -4.881
	-12.27 -5.082
	-12.27 -5.283
	-12.27 -5.483
	-12.27 -5.684
	-12.27 -5.884
	-12.27 -6.085
	-12.27 -6.286
	-12.27 -6.301
	-12.075 -6.301
	-11.874 -6.301
	-11.674 -6.301
	-11.473 -6.301
	-11.272 -6.301
	-11.072 -6.301
	-10.871 -6.301
	-10.67 -6.301
	-10.47 -6.301
	-10.269 -6.301
	-10.068 -6.301
	-9.868 -6.301
	-9.667 -6.301
	-9.466 -6.301
	-9.266 -6.301
	-9.065 -6.301
	-8.865 -6.301
	-8.664 -6.301
	-8.463 -6.301
	-8.263 -6.301
	-8.062 -6.301
	-7.861 -6.301
	-7.661 -6.301
	-7.46 -6.301
	-7.259 -6.301
	-7.059 -6.301
	-6.858 -6.301
	-6.657 -6.301
	-6.457 -6.301
	-6.256 -6.301
	-6.056 -6.301
	-5.855 -6.301
	-5.654 -6.301
	-5.454 -6.301
	-5.253 -6.301
	-5.052 -6.301
	-4.852 -6.301
	-4.651 -6.301
	-4.45 -6.301
	-4.25 -6.301
	-4.049 -6.301
	-3.848 -6.301
	-3.648 -6.301
	-3.447 -6.301
	-3.246 -6.301
	-3.046 -6.301
	-2.845 -6.301
	-2.645 -6.301
	-2.444 -6.301
	-2.243 -6.301
	-2.043 -6.301
	-1.842 -6.301
	-1.641 -6.301
	-1.441 -6.301
	-1.24 -6.301
	-1.039 -6.301
	-0.839 -6.301
	-0.638 -6.301
	-0.437 -6.301
	-0.237 -6.301
	-0.036 -6.301
	0.164 -6.301
	0.365 -6.301
	0.566 -6.301
	0.766 -6.301
	0.967 -6.301
	1.072 -6.301
	1.072 -6.196

	0.241293 0.381073
	0.23591 0.107905
	0.215701 -0.165589
	0.185114 -0.432895
	0.140557 -0.704284
	0.08352 -0.973174
	0.0140299 -1.2351
	-0.0663523 -1.495
	-0.160932 -1.75307
	-0.265642 -2.0041
	-0.381774 -2.24838
	-0.508531 -2.48855
	-0.64857 -2.72512
	-0.799044 -2.95352
	-0.959675 -3.1749
	-1.12972 -3.38644
	-1.30865 -3.59075
	-1.50044 -3.78934
	-1.69818 -3.97506
	-1.90278 -4.15157
	-2.11827 -4.31993
	-2.3428 -4.47953
	-2.57245 -4.62591
	-2.80725 -4.76199
	-3.05188 -4.88838
	-3.29915 -5.00127
	-3.54827 -5.10198
	-3.80649 -5.19343
	-4.06992 -5.27219
	-4.334 -5.33787
	-4.60333 -5.39201
	-4.87101 -5.43196
	-5.14293 -5.46157
	-5.41512 -5.4764
	-5.68477 -5.48038
	-5.9618 -5.47083
	-6.23372 -5.44795
	-6.50278 -5.41331
	-6.76876 -5.36653
	-7.03614 -5.30712
	-7.30218 -5.23382
	-7.55848 -5.15015
	-7.81538 -5.05416
	-8.06674 -4.94469
	-8.30927 -4.82674
	-8.5512 -4.6949
	-8.78379 -4.55239
	-9.00709 -4.40219
	-9.22773 -4.23841
	-9.43956 -4.06435
	-9.64106 -3.88287
	-9.83519 -3.69143
	-10.0212 -3.48927
	-10.1952 -3.28176
	-10.3596 -3.06663
	-10.5166 -2.84056
	-10.6604 -2.60943
	-10.7947 -2.37178
	-10.9182 -2.12467
	-11.0277 -1.87764
	-11.1265 -1.62522
	-11.214 -1.36676
	-11.2894 -1.10444
	-11.353 -0.836502
	-11.4023 -0.571298
	-11.4415 -0.299796
	-11.4657 -0.0275092
	-11.479 0.242076
	-11.479 0.518924
	-11.4657 0.788509
	-11.4415 1.0608
	-11.4023 1.3323
	-11.353 1.5975
	-11.2894 1.86544
	-11.214 2.12776
	-11.1265 2.38622
	-11.0277 2.63864
	-10.9182 2.88567
	-10.7947 3.13278
	-10.6604 3.37043
	-10.5166 3.60156
	-10.3596 3.82763
	-10.1967 4.04087
	-10.0212 4.25145
	-9.83341 4.45419
	-9.64106 4.64387
	-9.43956 4.82535
	-9.22773 4.99941
	-9.00709 5.16319
	-8.78379 5.31339
	-8.5512 5.4559
	-8.30927 5.58774
	-8.06674 5.70569
	-7.81538 5.81516
	-7.55849 5.91115
	-7.30218 5.99482
	-7.03614 6.06812
	-6.76876 6.12753
	-6.50278 6.17431
	-6.23372 6.20895
	-5.9618 6.23183
	-5.68847 6.24125
	-5.4151 6.23856
	-5.14291 6.22239
	-4.87101 6.19412
	-4.59975 6.15229
	-4.334 6.09887
	-4.06992 6.03319
	-3.80983 5.95543
	-3.55149 5.86528
	-3.29603 5.76201
	-3.04888 5.64784
	-2.80725 5.52299
	-2.57245 5.38692
	-2.3428 5.24053
	-2.11827 5.08093
	-1.90278 4.91257
	-1.69818 4.73606
	-1.50044 4.55034
	-1.31035 4.35351
	-1.12972 4.14861
	-0.958319 3.93403
	-0.799043 3.71452
	-0.64857 3.48612
	-0.509411 3.25104
	-0.381774 3.01054
	-0.265033 2.76364
	-0.160932 2.51407
	-0.0667298 2.25703
	0.014029 1.99726
	0.083716 1.73325
	0.140557 1.46528
	0.185114 1.1939
	0.215701 0.926589
	0.235905 0.653168
	0.241293 0.381073

	-0.128 -4.992
	-0.128 -4.791
	-0.128 -4.591
	-0.128 -4.39
	-0.128 -4.189
	-0.128 -4.05562
	-0.210289 -4.158
	-0.425177 -4.40336
	-0.65759 -4.64401
	-0.895126 -4.8671
	-1.141 -5.07923
	-1.16887 -5.101
	-1.039 -5.101
	-0.839 -5.101
	-0.638 -5.101
	-0.437 -5.101
	-0.237 -5.101
	-0.128 -5.101
	-0.128 -4.992

	-0.128 4.84
	-0.128 5.04
	-0.128 5.241
	-0.128 5.442
	-0.128 5.642
	-0.128 5.843
	-0.128 5.862
	-0.327 5.862
	-0.528 5.862
	-0.728 5.862
	-0.929 5.862
	-1.129 5.862
	-1.16887 5.862
	-1.141 5.84023
	-0.895126 5.6281
	-0.657589 5.40501
	-0.428228 5.16751
	-0.210291 4.9203
	-0.128 4.81728
	-0.128 4.84

	-10.159 5.862
	-10.359 5.862
	-10.56 5.862
	-10.76 5.862
	-10.961 5.862
	-11.07 5.862
	-11.07 5.753
	-11.07 5.552
	-11.07 5.352
	-11.07 5.151
	-11.07 4.95
	-11.07 4.86733
	-10.9229 5.04381
	-10.6953 5.28954
	-10.4643 5.51737
	-10.2224 5.73524
	-10.0681 5.862
	-10.159 5.862

	-11.07 -4.279
	-11.07 -4.48
	-11.07 -4.681
	-11.07 -4.881
	-11.07 -5.082
	-11.07 -5.101
	-10.871 -5.101
	-10.67 -5.101
	-10.47 -5.101
	-10.269 -5.101
	-10.0681 -5.101
	-10.2224 -4.97424
	-10.4643 -4.75636
	-10.6986 -4.52538
	-10.9229 -4.28149
	-11.07 -4.10614
	-11.07 -4.279

-29.5
	1.072 -6.196
	1.072 -5.995
	1.072 -5.794
	1.072 -5.594
	1.072 -5.393
	1.072 -5.192
	1.072 -4.992
	1.072 -4.791
	1.072 -4.591
	1.072 -4.39
	1.072 -4.189
	1.072 -3.989
	1.072 -3.788
	1.072 -3.587
	1.072 -3.387
	1.072 -3.186
	1.072 -2.985
	1.072 -2.785
	1.072 -2.584
	1.072 -2.383
	1.072 -2.183
	1.072 -1.982
	1.072 -1.781
	1.072 -1.581
	1.072 -1.38
	1.072 -1.18
	1.072 -0.979
	1.072 -0.778
	1.072 -0.578
	1.072 -0.377
	1.072 -0.176
	1.072 0.024
	1.072 0.225
	1.072 0.426
	1.072 0.626
	1.072 0.827
	1.072 1.028
	1.072 1.228
	1.072 1.429
	1.072 1.629
	1.072 1.83
	1.072 2.031
	1.072 2.231
	1.072 2.432
	1.072 2.633
	1.072 2.833
	1.072 3.034
	1.072 3.235
	1.072 3.435
	1.072 3.636
	1.072 3.837
	1.072 4.037
	1.072 4.238
	1.072 4.439
	1.072 4.639
	1.072 4.84
	1.072 5.04
	1.072 5.241
	1.072 5.442
	1.072 5.642
	1.072 5.843
	1.072 6.044
	1.072 6.244
	1.072 6.445
	1.072 6.646
	1.072 6.846
	1.072 7.047
	1.072 7.062
	0.877 7.062
	0.676 7.062
	0.476 7.062
	0.275 7.062
	0.074 7.062
	-0.126 7.062
	-0.327 7.062
	-0.528 7.062
	-0.728 7.062
	-0.929 7.062
	-1.129 7.062
	-1.33 7.062
	-1.531 7.062
	-1.731 7.062
	-1.932 7.062
	-2.133 7.062
	-2.333 7.062
	-2.534 7.062
	-2.735 7.062
	-2.935 7.062
	-3.136 7.062
	-3.337 7.062
	-3.537 7.062
	-3.738 7.062
	-3.939 7.062
	-4.139 7.062
	-4.34 7.062
	-4.54 7.062
	-4.741 7.062
	-4.942 7.062
	-5.142 7.062
	-5.343 7.062
	-5.544 7.062
	-5.744 7.062
	-5.945 7.062
	-6.146 7.062
	-6.346 7.062
	-6.547 7.062
	-6.748 7.062
	-6.948 7.062
	-7.149 7.062
	-7.349 7.062
	-7.55 7.062
	-7.751 7.062
	-7.951 7.062
	-8.152 7.062
	-8.353 7.062
	-8.553 7.062
	-8.754 7.062
	-8.955 7.062
	-9.155 7.062
	-9.356 7.062
	-9.557 7.062
	-9.757 7.062
	-9.958 7.062
	-10.159 7.062
	-10.359 7.062
	-10.56 7.062
	-10.76 7.062
	-10.961 7.062
	-11.162 7.062
	-11.362 7.062
	-11.563 7.062
	-11.764 7.062
	-11.964 7.062
	-12.165 7.062
	-12.27 7.062
	-12.27 6.957
	-12.27 6.756
	-12.27 6.556
	-12.27 6.355
	-12.27 6.154
	-12.27 5.954
	-12.27 5.753
	-12.27 5.552
	-12.27 5.352
	-12.27 5.151
	-12.27 4.95
	-12.27 4.75
	-12.27 4.549
	-12.27 4.348
	-12.27 4.148
	-12.27 3.947
	-12.27 3.747
	-12.27 3.546
	-12.27 3.345
	-12.27 3.145
	-12.27 2.944
	-12.27 2.743
	-12.27 2.543
	-12.27 2.342
	-12.27 2.141
	-12.27 1.941
	-12.27 1.74
	-12.27 1.539
	-12.27 1.339
	-12.27 1.138
	-12.27 0.937
	-12.27 0.737
	-12.27 0.536
	-12.27 0.336
	-12.27 0.135
	-12.27 -0.066
	-12.27 -0.266
	-12.27 -0.467
	-12.27 -0.668
	-12.27 -0.868
	-12.27 -1.069
	-12.27 -1.27
	-12.27 -1.47
	-12.27 -1.671
	-12.27 -1.872
	-12.27 -2.072
	-12.27 -2.273
	-12.27 -2.474
	-12.27 -2.674
	-12.27 -2.875
	-12.27 -3.075
	-12.27 -3.276
	-12.27 -3.477
	-12.27 -3.677
	-12.27 -3.878
	-12.27 -4.079
	-12.27 -4.279
	-12.27 -4.48
	-12.27 -4.681
	-12.27 -4.881
	-12.27 -5.082
	-12.27 -5.283
	-12.27 -5.483
	-12.27 -5.684
	-12.27 -5.884
	-12.27 -6.085
	-12.27 -6.286
	-12.27 -6.301
	-12.075 -6.301
	-11.874 -6.301
	-11.674 -6.301
	-11.473 -6.301
	-11.272 -6.301
	-11.072 -6.301
	-10.871 -6.301
	-10.67 -6.301
	-10.47 -6.301
	-10.269 -6.301
	-10.068 -6.301
	-9.868 -6.301
	-9.667 -6.301
	-9.466 -6.301
	-9.266 -6.301
	-9.065 -6.301
	-8.865 -6.301
	-8.664 -6.301
	-8.463 -6.301
	-8.263 -6.301
	-8.062 -6.301
	-7.861 -6.301
	-7.661 -6.301
	-7.46 -6.301
	-7.259 -6.301
	-7.059 -6.301
	-6.858 -6.301
	-6.657 -6.301
	-6.457 -6.301
	-6.256 -6.301
	-6.056 -6.301
	-5.855 -6.301
	-5.654 -6.301
	-5.454 -6.301
	-5.253 -6.301
	-5.052 -6.301
	-4.852 -6.301
	-4.651 -6.301
	-4.45 -6.301
	-4.25 -6.301
	-4.049 -6.301
	-3.848 -6.301
	-3.648 -6.301
	-3.447 -6.301
	-3.246 -6.301
	-3.046 -6.301
	-2.845 -6.301
	-2.645 -6.301
	-2.444 -6.301
	-2.243 -6.301
	-2.043 -6.301
	-1.842 -6.301
	-1.641 -6.301
	-1.441 -6.301
	-1.24 -6.301
	-1.039 -6.301
	-0.839 -6.301
	-0.638 -6.301
	-0.437 -6.301
	-0.237 -6.301
	-0.036 -6.301
	0.164 -6.301
	0.365 -6.301
	0.566 -6.301
	0.766 -6.301
	0.967 -6.301
	1.072 -6.301
	1.072 -6.196

	0.169457 0.381091
	0.162631 0.103947
	0.14267 -0.16486
	0.111631 -0.436118
	0.0650685 -0.710012
	0.00759098 -0.974677
	-0.0621593 -1.23758
	-0.144332 -1.49757
	-0.239102 -1.7548
	-0.346032 -2.00656
	-0.465667 -2.25535
	-0.596063 -2.49463
	-0.736068 -2.72752
	-0.889807 -2.95609
	-1.05189 -3.17443
	-1.22299 -3.3843
	-1.40695 -3.59007
	-1.60166 -3.78613
	-1.8009 -3.96932
	-2.0105 -4.14513
	-2.22821 -4.3101
	-2.45202 -4.46422
	-2.68605 -4.60981
	-2.92689 -4.74315
	-3.16835 -4.86256
	-3.41868 -4.97351
	-3.6757 -5.07142
	-3.9355 -5.15758
	-4.19963 -5.23072
	-4.46396 -5.2911
	-4.73431 -5.33976
	-5.00434 -5.37487
	-5.2772 -5.39783
	-5.55057 -5.40726
	-5.82271 -5.40456
	-6.09994 -5.38817
	-6.37158 -5.35844
	-6.63781 -5.31718
	-6.90741 -5.26299
	-7.17382 -5.19502
	-7.43403 -5.11589
	-7.69243 -5.02389
	-7.9438 -4.92039
	-8.19144 -4.80536
	-8.43472 -4.67696
	-8.66879 -4.53975
	-8.90002 -4.38877
	-9.12155 -4.22802
	-9.33327 -4.05919
	-9.53969 -3.87841
	-9.73728 -3.68763
	-9.92471 -3.48806
	-10.0996 -3.28405
	-10.2703 -3.06684
	-10.4288 -2.84011
	-10.5736 -2.61285
	-10.7101 -2.37505
	-10.836 -2.12876
	-10.9475 -1.88017
	-11.0473 -1.63014
	-11.1377 -1.36828
	-11.2131 -1.10572
	-11.2773 -0.842424
	-11.3287 -0.573424
	-11.3679 -0.302972
	-11.3939 -0.0266797
	-11.406 0.245601
	-11.406 0.515399
	-11.3939 0.78768
	-11.3679 1.06397
	-11.3287 1.33442
	-11.2773 1.60342
	-11.2131 1.86672
	-11.1377 2.12928
	-11.0477 2.38985
	-10.9475 2.64233
	-10.8353 2.89111
	-10.7101 3.13605
	-10.5736 3.37385
	-10.4288 3.60111
	-10.2716 3.82597
	-10.0996 4.04622
	-9.92306 4.25082
	-9.73728 4.44863
	-9.53969 4.63941
	-9.33327 4.82019
	-9.12155 4.98903
	-8.90002 5.14977
	-8.66879 5.30075
	-8.43472 5.43796
	-8.19144 5.56636
	-7.9438 5.68139
	-7.69243 5.78489
	-7.43403 5.87689
	-7.17382 5.95602
	-6.90741 6.02399
	-6.63781 6.07818
	-6.37158 6.11944
	-6.09994 6.14917
	-5.82272 6.16556
	-5.55057 6.16826
	-5.2772 6.15883
	-5.00434 6.13587
	-4.73431 6.10076
	-4.46396 6.0521
	-4.19963 5.99172
	-3.93888 5.91951
	-3.67569 5.8336
	-3.41869 5.73433
	-3.1714 5.62606
	-2.92398 5.50371
	-2.68331 5.3691
	-2.45462 5.22683
	-2.22821 5.07228
	-2.00824 4.90423
	-1.8009 4.73032
	-1.60166 4.54713
	-1.40695 4.35106
	-1.22299 4.1453
	-1.05329 3.93715
	-0.889808 3.71828
	-0.735006 3.48676
	-0.596063 3.25563
	-0.465667 3.01635
	-0.346032 2.76756
	-0.239102 2.5158
	-0.144332 2.25857
	-0.0621593 1.99858
	0.00759099 1.73568
	0.0650685 1.47101
	0.111631 1.19712
	0.14267 0.92586
	0.162624 0.657144
	0.169457 0.381091

	-0.128 -4.992
	-0.128 -4.791
	-0.128 -4.591
	-0.128 -4.39
	-0.128 -4.189
	-0.128 -3.989
	-0.128 -3.94028
	-0.310186 -4.16375
	-0.533312 -4.41332
	-0.769382 -4.65104
	-1.00881 -4.87118
	-1.26211 -5.08363
	-1.28504 -5.101
	-1.24 -5.101
	-1.039 -5.101
	-0.839 -5.101
	-0.638 -5.101
	-0.437 -5.101
	-0.237 -5.101
	-0.128 -5.101
	-0.128 -4.992

	-0.128 4.84
	-0.128 5.04
	-0.128 5.241
	-0.128 5.442
	-0.128 5.642
	-0.128 5.843
	-0.128 5.862
	-0.327 5.862
	-0.528 5.862
	-0.728 5.862
	-0.929 5.862
	-1.129 5.862
	-1.28525 5.862
	-1.25804 5.84121
	-1.00881 5.63218
	-0.769382 5.41204
	-0.533312 5.17432
	-0.310186 4.92475
	-0.128 4.70128
	-0.128 4.84

	-9.958 5.862
	-10.159 5.862
	-10.359 5.862
	-10.56 5.862
	-10.76 5.862
	-10.961 5.862
	-11.07 5.862
	-11.07 5.753
	-11.07 5.552
	-11.07 5.352
	-11.07 5.151
	-11.07 4.95
	-11.07 4.75325
	-11.0272 4.808
	-10.8151 5.05387
	-10.5919 5.29153
	-10.3522 5.52293
	-10.1031 5.74114
	-9.95153 5.862
	-9.958 5.862

	-11.07 -4.079
	-11.07 -4.279
	-11.07 -4.48
	-11.07 -4.681
	-11.07 -4.881
	-11.07 -5.082
	-11.07 -5.101
	-10.871 -5.101
	-10.67 -5.101
	-10.47 -5.101
	-10.269 -5.101
	-10.068 -5.101
	-9.95153 -5.101
	-10.1031 -4.98014
	-10.3522 -4.76193
	-10.5919 -4.53053
	-10.8181 -4.2897
	-11.0272 -4.04569
	-11.07 -3.99129
	-11.07 -4.079

-29
	1.072 -6.196
	1.072 -5.995
	1.072 -5.794
	1.072 -5.594
	1.072 -5.393
	1.072 -5.192
	1.072 -4.992
	1.072 -4.791
	1.072 -4.591
	1.072 -4.39
	1.072 -4.189
	1.072 -3.989
	1.072 -3.788
	1.072 -3.587
	1.072 -3.387
	1.072 -3.186
	1.072 -2.985
	1.072 -2.785
	1.072 -2.584
	1.072 -2.383
	1.072 -2.183
	1.072 -1.982
	1.072 -1.781
	1.072 -1.581
	1.072 -1.38
	1.072 -1.18
	1.072 -0.979
	1.072 -0.778
	1.072 -0.578
	1.072 -0.377
	1.072 -0.176
	1.072 0.024
	1.072 0.225
	1.072 0.426
	1.072 0.626
	1.072 0.827
	1.072 1.028
	1.072 1.228
	1.072 1.429
	1.072 1.629
	1.072 1.83
	1.072 2.031
	1.072 2.231
	1.072 2.432
	1.072 2.633
	1.072 2.833
	1.072 3.034
	1.072 3.235
	1.072 3.435
	1.072 3.636
	1.072 3.837
	1.072 4.037
	1.072 4.238
	1.072 4.439
	1.072 4.639
	1.072 4.84
	1.072 5.04
	1.072 5.241
	1.072 5.442
	1.072 5.642
	1.072 5.843
	1.072 6.044
	1.072 6.244
	1.072 6.445
	1.072 6.646
	1.072 6.846
	1.072 7.047
	1.072 7.062
	0.877 7.062
	0.676 7.062
	0.476 7.062
	0.275 7.062
	0.074 7.062
	-0.126 7.062
	-0.327 7.062
	-0.528 7.062
	-0.728 7.062
	-0.929 7.062
	-1.129 7.062
	-1.33 7.062
	-1.531 7.062
	-1.731 7.062
	-1.932 7.062
	-2.133 7.062
	-2.333 7.062
	-2.534 7.062
	-2.735 7.062
	-2.935 7.062
	-3.136 7.062
	-3.337 7.062
	-3.537 7.062
	-3.738 7.062
	-3.939 7.062
	-4.139 7.062
	-4.34 7.062
	-4.54 7.062
	-4.741 7.062
	-4.942 7.062
	-5.142 7.062
	-5.343 7.062
	-5.544 7.062
	-5.744 7.062
	-5.945 7.062
	-6.146 7.062
	-6.346 7.062
	-6.547 7.062
	-6.748 7.062
	-6.948 7.062
	-7.149 7.062
	-7.349 7.062
	-7.55 7.062
	-7.751 7.062
	-7.951 7.062
	-8.152 7.062
	-8.353 7.062
	-8.553 7.062
	-8.754 7.062
	-8.955 7.062
	-9.155 7.062
	-9.356 7.062
	-9.557 7.062
	-9.757 7.062
	-9.958 7.062
	-10.159 7.062
	-10.359 7.062
	-10.56 7.062
	-10.76 7.062
	-10.961 7.062
	-11.162 7.062
	-11.362 7.062
	-11.563 7.062
	-11.764 7.062
	-11.964 7.062
	-12.165 7.062
	-12.27 7.062
	-12.27 6.957
	-12.27 6.756
	-12.27 6.556
	-12.27 6.355
	-12.27 6.154
	-12.27 5.954
	-12.27 5.753
	-12.27 5.552
	-12.27 5.352
	-12.27 5.151
	-12.27 4.95
	-12.27 4.75
	-12.27 4.549
	-12.27 4.348
	-12.27 4.148
	-12.27 3.947
	-12.27 3.747
	-12.27 3.546
	-12.27 3.345
	-12.27 3.145
	-12.27 2.944
	-12.27 2.743
	-12.27 2.543
	-12.27 2.342
	-12.27 2.141
	-12.27 1.941
	-12.27 1.74
	-12.27 1.539
	-12.27 1.339
	-12.27 1.138
	-12.27 0.937
	-12.27 0.737
	-12.27 0.536
	-12.27 0.336
	-12.27 0.135
	-12.27 -0.066
	-12.27 -0.266
	-12.27 -0.467
	-12.27 -0.668
	-12.27 -0.868
	-12.27 -1.069
	-12.27 -1.27
	-12.27 -1.47
	-12.27 -1.671
	-12.27 -1.872
	-12.27 -2.072
	-12.27 -2.273
	-12.27 -2.474
	-12.27 -2.674
	-12.27 -2.875
	-12.27 -3.075
	-12.27 -3.276
	-12.27 -3.477
	-12.27 -3.677
	-12.27 -3.878
	-12.27 -4.079
	-12.27 -4.279
	-12.27 -4.48
	-12.27 -4.681
	-12.27 -4.881
	-12.27 -5.082
	-12.27 -5.283
	-12.27 -5.483
	-12.27 -5.684
	-12.27 -5.884
	-12.27 -6.085
	-12.27 -6.286
	-12.27 -6.301
	-12.075 -6.301
	-11.874 -6.301
	-11.674 -6.301
	-11.473 -6.301
	-11.272 -6.301
	-11.072 -6.301
	-10.871 -6.301
	-10.67 -6.301
	-10.47 -6.301
	-10.269 -6.301
	-10.068 -6.301
	-9.868 -6.301
	-9.667 -6.301
	-9.466 -6.301
	-9.266 -6.301
	-9.065 -6.301
	-8.865 -6.301
	-8.664 -6.301
	-8.463 -6.301
	-8.263 -6.301
	-8.062 -6.301
	-7.861 -6.301
	-7.661 -6.301
	-7.46 -6.301
	-7.259 -6.301
	-7.059 -6.301
	-6.858 -6.301
	-6.657 -6.301
	-6.457 -6.301
	-6.256 -6.301
	-6.056 -6.301
	-5.855 -6.301
	-5.654 -6.301
	-5.454 -6.301
	-5.253 -6.301
	-5.052 -6.301
	-4.852 -6.301
	-4.651 -6.301
	-4.45 -6.301
	-4.25 -6.301
	-4.049 -6.301
	-3.848 -6.301
	-3.648 -6.301
	-3.447 -6.301
	-3.246 -6.301
	-3.046 -6.301
	-2.845 -6.301
	-2.645 -6.301
	-2.444 -6.301
	-2.243 -6.301
	-2.043 -6.301
	-1.842 -6.301
	-1.641 -6.301
	-1.441 -6.301
	-1.24 -6.301
	-1.039 -6.301
	-0.839 -6.301
	-0.638 -6.301
	-0.437 -6.301
	-0.237 -6.301
	-0.036 -6.301
	0.164 -6.301
	0.365 -6.301
	0.566 -6.301
	0.766 -6.301
	0.967 -6.301
	1.072 -6.301
	1.072 -6.196

	0.0964571 0.381091
	0.0897156 0.107385
	0.0705494 -0.167789
	0.0367725 -0.439355
	-0.00787696 -0.708605
	-0.0675429 -0.977102
	-0.137649 -1.24
	-0.22348 -1.5058
	-0.32054 -1.76058
	-0.427463 -2.00918
	-0.547814 -2.25529
	-0.679958 -2.49642
	-0.824391 -2.73078
	-0.979055 -2.95735
	-1.14587 -3.1775
	-1.32168 -3.3871
	-1.50488 -3.58636
	-1.69995 -3.78006
	-1.9057 -3.96401
	-2.11616 -4.1356
	-2.33767 -4.29968
	-2.56688 -4.45158
	-2.80097 -4.5923
	-3.04348 -4.72174
	-3.2896 -4.83874
	-3.54162 -4.94443
	-3.80343 -5.03951
	-4.06385 -5.11871
	-4.32492 -5.18699
	-4.59788 -5.24351
	-4.86842 -5.28544
	-5.13984 -5.31515
	-5.41607 -5.33156
	-5.68856 -5.33426
	-5.96124 -5.32481
	-6.2325 -5.30187
	-6.50749 -5.26629
	-6.77724 -5.21614
	-7.04183 -5.1557
	-7.30934 -5.07986
	-7.56822 -4.99222
	-7.81971 -4.89457
	-8.07171 -4.78287
	-8.31831 -4.6582
	-8.55642 -4.52291
	-8.78655 -4.37757
	-9.01344 -4.21901
	-9.22861 -4.05121
	-9.43694 -3.87399
	-9.63733 -3.68451
	-9.82759 -3.4875
	-10.0074 -3.282
	-10.1779 -3.0682
	-10.3392 -2.84399
	-10.4891 -2.61241
	-10.6251 -2.37805
	-10.7523 -2.13448
	-10.8667 -1.88528
	-10.9688 -1.63264
	-11.0599 -1.37298
	-11.1378 -1.10921
	-11.2031 -0.841099
	-11.2546 -0.573112
	-11.2934 -0.305616
	-11.3203 -0.0332291
	-11.334 0.241712
	-11.334 0.519103
	-11.3203 0.795411
	-11.2933 1.06698
	-11.2546 1.33411
	-11.2031 1.6021
	-11.1381 1.86919
	-11.0599 2.13517
	-10.9684 2.39478
	-10.8673 2.64485
	-10.7523 2.89667
	-10.6251 3.13888
	-10.4891 3.37459
	-10.338 3.60663
	-10.1792 3.82733
	-10.0089 4.04226
	-9.82589 4.25144
	-9.63545 4.44728
	-9.43694 4.63499
	-9.22861 4.81221
	-9.01344 4.98001
	-8.78655 5.13857
	-8.55642 5.28391
	-8.31831 5.4192
	-8.07171 5.54387
	-7.82287 5.65416
	-7.56823 5.75439
	-7.30597 5.84182
	-7.04531 5.91571
	-6.77725 5.97831
	-6.50387 6.02776
	-6.2325 6.06287
	-5.96493 6.0855
	-5.68856 6.09644
	-5.41236 6.09234
	-5.13984 6.07615
	-4.86842 6.04644
	-4.59788 6.00451
	-4.32846 5.94872
	-4.06387 5.88088
	-3.80011 5.7993
	-3.54162 5.70543
	-3.2896 5.59974
	-3.04348 5.48274
	-2.80097 5.3533
	-2.56688 5.21258
	-2.33767 5.06068
	-2.11616 4.8966
	-1.9057 4.72501
	-1.69995 4.54106
	-1.50488 4.34736
	-1.32168 4.1481
	-1.14587 3.9385
	-0.979055 3.71835
	-0.824391 3.49178
	-0.679958 3.25742
	-0.547814 3.01629
	-0.42811 2.7715
	-0.320542 2.52275
	-0.223076 2.26555
	-0.137649 2.001
	-0.0675429 1.7381
	-0.00787697 1.4696
	0.0367725 1.20036
	0.0705494 0.928789
	0.0897092 0.653706
	0.0964571 0.381091

	-0.128 -4.992
	-0.128 -4.791
	-0.128 -4.591
	-0.128 -4.39
	-0.128 -4.189
	-0.128 -3.989
	-0.128 -3.82115
	-0.207373 -3.92589
	-0.419816 -4.17919
	-0.639985 -4.41864
	-0.876708 -4.65371
	-1.12625 -4.87681
	-1.37949 -5.08328
	-1.40342 -5.101
	-1.24 -5.101
	-1.039 -5.101
	-0.839 -5.101
	-0.638 -5.101
	-0.437 -5.101
	-0.237 -5.101
	-0.128 -5.101
	-0.128 -4.992

	-0.128 4.639
	-0.128 4.84
	-0.128 5.04
	-0.128 5.241
	-0.128 5.442
	-0.128 5.642
	-0.128 5.843
	-0.128 5.862
	-0.327 5.862
	-0.528 5.862
	-0.728 5.862
	-0.929 5.862
	-1.129 5.862
	-1.33 5.862
	-1.40342 5.862
	-1.37949 5.84428
	-1.12625 5.63781
	-0.876708 5.41471
	-0.639985 5.17964
	-0.419816 4.94019
	-0.207373 4.68689
	-0.128 4.58215
	-0.128 4.639

	-9.958 5.862
	-10.159 5.862
	-10.359 5.862
	-10.56 5.862
	-10.76 5.862
	-10.961 5.862
	-11.07 5.862
	-11.07 5.753
	-11.07 5.552
	-11.07 5.352
	-11.07 5.151
	-11.07 4.95
	-11.07 4.75
	-11.07 4.6354
	-10.9313 4.81047
	-10.7082 5.0654
	-10.4782 5.30191
	-10.2385 5.52859
	-9.98669 5.74278
	-9.83382 5.862
	-9.958 5.862

	-11.07 -3.878
	-11.07 -4.079
	-11.07 -4.279
	-11.07 -4.48
	-11.07 -4.681
	-11.07 -4.881
	-11.07 -5.082
	-11.07 -5.101
	-10.871 -5.101
	-10.67 -5.101
	-10.47 -5.101
	-10.269 -5.101
	-10.068 -5.101
	-9.868 -5.101
	-9.83382 -5.101
	-9.98669 -4.98178
	-10.2385 -4.76759
	-10.4816 -4.53772
	-10.7113 -4.29991
	-10.9285 -4.05159
	-11.07 -3.87419
	-11.07 -3.878

-28.5
	1.072 -6.196
	1.072 -5.995
	1.072 -5.794
	1.072 -5.594
	1.072 -5.393
	1.072 -5.192
	1.072 -4.992
	1.072 -4.791
	1.072 -4.591
	1.072 -4.39
	1.072 -4.189
	1.072 -3.989
	1.072 -3.788
	1.072 -3.587
	1.072 -3.387
	1.072 -3.186
	1.072 -2.985
	1.072 -2.785
	1.072 -2.584
	1.072 -2.383
	1.072 -2.183
	1.072 -1.982
	1.072 -1.781
	1.072 -1.581
	1.072 -1.38
	1.072 -1.18
	1.072 -0.979
	1.072 -0.778
	1.072 -0.578
	1.072 -0.377
	1.072 -0.176
	1.072 0.024
	1.072 0.225
	1.072 0.426
	1.072 0.626
	1.072 0.827
	1.072 1.028
	1.072 1.228
	1.072 1.429
	1.072 1.629
	1.072 1.83
	1.072 2.031
	1.072 2.231
	1.072 2.432
	1.072 2.633
	1.072 2.833
	1.072 3.034
	1.072 3.235
	1.072 3.435
	1.072 3.636
	1.072 3.837
	1.072 4.037
	1.072 4.238
	1.072 4.439
	1.072 4.639
	1.072 4.84
	1.072 5.04
	1.072 5.241
	1.072 5.442
	1.072 5.642
	1.072 5.843
	1.072 6.044
	1.072 6.244
	1.072 6.445
	1.072 6.646
	1.072 6.846
	1.072 7.047
	1.072 7.062
	0.877 7.062
	0.676 7.062
	0.476 7.062
	0.275 7.062
	0.074 7.062
	-0.126 7.062
	-0.327 7.062
	-0.528 7.062
	-0.728 7.062
	-0.929 7.062
	-1.129 7.062
	-1.33 7.062
	-1.531 7.062
	-1.731 7.062
	-1.932 7.062
	-2.133 7.062
	-2.333 7.062
	-2.534 7.062
	-2.735 7.062
	-2.935 7.062
	-3.136 7.062
	-3.337 7.062
	-3.537 7.062
	-3.738 7.062
	-3.939 7.062
	-4.139 7.062
	-4.34 7.062
	-4.54 7.062
	-4.741 7.062
	-4.942 7.062
	-5.142 7.062
	-5.343 7.062
	-5.544 7.062
	-5.744 7.062
	-5.945 7.062
	-6.146 7.062
	-6.346 7.062
	-6.547 7.062
	-6.748 7.062
	-6.948 7.062
	-7.149 7.062
	-7.349 7.062
	-7.55 7.062
	-7.751 7.062
	-7.951 7.062
	-8.152 7.062
	-8.353 7.062
	-8.553 7.062
	-8.754 7.062
	-8.955 7.062
	-9.155 7.062
	-9.356 7.062
	-9.557 7.062
	-9.757 7.062
	-9.958 7.062
	-10.159 7.062
	-10.359 7.062
	-10.56 7.062
	-10.76 7.062
	-10.961 7.062
	-11.162 7.062
	-11.362 7.062
	-11.563 7.062
	-11.764 7.062
	-11.964 7.062
	-12.165 7.062
	-12.27 7.062
	-12.27 6.957
	-12.27 6.756
	-12.27 6.556
	-12.27 6.355
	-12.27 6.154
	-12.27 5.954
	-12.27 5.753
	-12.27 5.552
	-12.27 5.352
	-12.27 5.151
	-12.27 4.95
	-12.27 4.75
	-12.27 4.549
	-12.27 4.348
	-12.27 4.148
	-12.27 3.947
	-12.27 3.747
	-12.27 3.546
	-12.27 3.345
	-12.27 3.145
	-12.27 2.944
	-12.27 2.743
	-12.27 2.543
	-12.27 2.342
	-12.27 2.141
	-12.27 1.941
	-12.27 1.74
	-12.27 1.539
	-12.27 1.339
	-12.27 1.138
	-12.27 0.937
	-12.27 0.737
	-12.27 0.536
	-12.27 0.336
	-12.27 0.135
	-12.27 -0.066
	-12.27 -0.266
	-12.27 -0.467
	-12.27 -0.668
	-12.27 -0.868
	-12.27 -1.069
	-12.27 -1.27
	-12.27 -1.47
	-12.27 -1.671
	-12.27 -1.872
	-12.27 -2.072
	-12.27 -2.273
	-12.27 -2.474
	-12.27 -2.674
	-12.27 -2.875
	-12.27 -3.075
	-12.27 -3.276
	-12.27 -3.477
	-12.27 -3.677
	-12.27 -3.878
	-12.27 -4.079
	-12.27 -4.279
	-12.27 -4.48
	-12.27 -4.681
	-12.27 -4.881
	-12.27 -5.082
	-12.27 -5.283
	-12.27 -5.483
	-12.27 -5.684
	-12.27 -5.884
	-12.27 -6.085
	-12.27 -6.286
	-12.27 -6.301
	-12.075 -6.301
	-11.874 -6.301
	-11.674 -6.301
	-11.473 -6.301
	-11.272 -6.301
	-11.072 -6.301
	-10.871 -6.301
	-10.67 -6.301
	-10.47 -6.301
	-10.269 -6.301
	-10.068 -6.301
	-9.868 -6.301
	-9.667 -6.301
	-9.466 -6.301
	-9.266 -6.301
	-9.065 -6.301
	-8.865 -6.301
	-8.664 -6.301
	-8.463 -6.301
	-8.263 -6.301
	-8.062 -6.301
	-7.861 -6.301
	-7.661 -6.301
	-7.46 -6.301
	-7.259 -6.301
	-7.059 -6.301
	-6.858 -6.301
	-6.657 -6.301
	-6.457 -6.301
	-6.256 -6.301
	-6.056 -6.301
	-5.855 -6.301
	-5.654 -6.301
	-5.454 -6.301
	-5.253 -6.301
	-5.052 -6.301
	-4.852 -6.301
	-4.651 -6.301
	-4.45 -6.301
	-4.25 -6.301
	-4.049 -6.301
	-3.848 -6.301
	-3.648 -6.301
	-3.447 -6.301
	-3.246 -6.301
	-3.046 -6.301
	-2.845 -6.301
	-2.645 -6.301
	-2.444 -6.301
	-2.243 -6.301
	-2.043 -6.301
	-1.842 -6.301
	-1.641 -6.301
	-1.441 -6.301
	-1.24 -6.301
	-1.039 -6.301
	-0.839 -6.301
	-0.638 -6.301
	-0.437 -6.301
	-0.237 -6.301
	-0.036 -6.301
	0.164 -6.301
	0.365 -6.301
	0.566 -6.301
	0.766 -6.301
	0.967 -6.301
	1.072 -6.301
	1.072 -6.196

	0.0234617 0.381092
	0.0167093 0.108293
	-0.00245077 -0.166789
	-0.0367578 -0.442618
	-0.0829455 -0.711594
	-0.142533 -0.978382
	-0.214679 -1.24383
	-0.301152 -1.50736
	-0.39881 -1.76236
	-0.5106 -2.01768
	-0.633878 -2.26153
	-0.765102 -2.4972
	-0.912632 -2.73297
	-1.0713 -2.96003
	-1.23788 -3.17537
	-1.41525 -3.38388
	-1.60537 -3.58639
	-1.80273 -3.77564
	-2.009 -3.95732
	-2.22841 -4.12981
	-2.44691 -4.28569
	-2.67911 -4.43683
	-2.91931 -4.57409
	-3.16152 -4.69923
	-3.41413 -4.8138
	-3.66712 -4.91338
	-3.92812 -5.00357
	-4.19239 -5.07849
	-4.45871 -5.14236
	-4.73137 -5.19193
	-5.00235 -5.22851
	-5.27407 -5.2515
	-5.55044 -5.26244
	-5.82686 -5.25834
	-6.09838 -5.24213
	-6.3738 -5.21198
	-6.64403 -5.16853
	-6.91089 -5.11299
	-7.18125 -5.04264
	-7.44485 -4.95889
	-7.69999 -4.86439
	-7.94896 -4.75865
	-8.19843 -4.6394
	-8.44264 -4.50557
	-8.67454 -4.364
	-8.9039 -4.2088
	-9.12422 -4.04185
	-9.3319 -3.86901
	-9.53536 -3.6833
	-9.73101 -3.48489
	-9.91411 -3.27993
	-10.0843 -3.06952
	-10.2485 -2.84784
	-10.4009 -2.6158
	-10.5405 -2.38139
	-10.6687 -2.13858
	-10.7851 -1.89091
	-10.8908 -1.63434
	-10.9824 -1.37453
	-11.0607 -1.11397
	-11.1274 -0.84705
	-11.1809 -0.575253
	-11.2202 -0.305512
	-11.2473 -0.0334113
	-11.261 0.242897
	-11.261 0.518103
	-11.2473 0.794411
	-11.2202 1.06651
	-11.1809 1.33625
	-11.1274 1.60805
	-11.0607 1.87497
	-10.9824 2.13553
	-10.8908 2.39534
	-10.7851 2.65191
	-10.6687 2.89958
	-10.5414 3.14071
	-10.4009 3.37798
	-10.2473 3.61048
	-10.0843 3.83052
	-9.91411 4.04093
	-9.73101 4.24589
	-9.53536 4.4443
	-9.3319 4.63001
	-9.12422 4.80285
	-8.9039 4.9698
	-8.67454 5.125
	-8.44264 5.26656
	-8.20136 5.39879
	-7.95204 5.51934
	-7.69677 5.62776
	-7.44152 5.72095
	-7.18125 5.80364
	-6.91089 5.87399
	-6.64403 5.92953
	-6.3738 5.97298
	-6.09838 6.00313
	-5.82686 6.01934
	-5.55415 6.02339
	-5.27406 6.01368
	-4.99868 5.98902
	-4.73137 5.95293
	-4.46227 5.90401
	-4.19239 5.84067
	-3.92812 5.76438
	-3.66712 5.67556
	-3.41099 5.57338
	-3.16452 5.46159
	-2.9193 5.33626
	-2.6764 5.19607
	-2.44691 5.04669
	-2.22841 4.89081
	-2.009 4.71832
	-1.80273 4.53664
	-1.60537 4.34739
	-1.41691 4.14664
	-1.23788 3.93755
	-1.07 3.71916
	-0.912632 3.49397
	-0.765102 3.2582
	-0.633878 3.02253
	-0.5106 2.77868
	-0.39881 2.52336
	-0.301152 2.26836
	-0.214984 2.00576
	-0.142746 1.74134
	-0.0828083 1.47298
	-0.0366801 1.20299
	-0.00245077 0.927789
	0.0167029 0.652799
	0.0234617 0.381092

	-0.128 -4.992
	-0.128 -4.791
	-0.128 -4.591
	-0.128 -4.39
	-0.128 -4.189
	-0.128 -3.989
	-0.128 -3.788
	-0.128 -3.70183
	-0.305789 -3.93166
	-0.520256 -4.18378
	-0.752065 -4.43071
	-0.990519 -4.65936
	-1.241 -4.87998
	-1.50873 -5.09046
	-1.5235 -5.101
	-1.441 -5.101
	-1.24 -5.101
	-1.039 -5.101
	-0.839 -5.101
	-0.638 -5.101
	-0.437 -5.101
	-0.237 -5.101
	-0.128 -5.101
	-0.128 -4.992

	-0.128 4.639
	-0.128 4.84
	-0.128 5.04
	-0.128 5.241
	-0.128 5.442
	-0.128 5.642
	-0.128 5.843
	-0.128 5.862
	-0.327 5.862
	-0.528 5.862
	-0.728 5.862
	-0.929 5.862
	-1.129 5.862
	-1.33 5.862
	-1.5235 5.862
	-1.50873 5.85146
	-1.241 5.64098
	-0.990519 5.42036
	-0.752065 5.19171
	-0.52323 4.94795
	-0.305784 4.69398
	-0.128 4.46272
	-0.128 4.639

	-9.757 5.862
	-9.958 5.862
	-10.159 5.862
	-10.359 5.862
	-10.56 5.862
	-10.76 5.862
	-10.961 5.862
	-11.07 5.862
	-11.07 5.753
	-11.07 5.552
	-11.07 5.352
	-11.07 5.151
	-11.07 4.95
	-11.07 4.75
	-11.07 4.549
	-11.07 4.51588
	-11.0334 4.56534
	-10.8286 4.81847
	-10.6062 5.06741
	-10.3676 5.30934
	-10.1206 5.53481
	-9.8708 5.74273
	-9.7134 5.862
	-9.757 5.862

	-11.07 -3.878
	-11.07 -4.079
	-11.07 -4.279
	-11.07 -4.48
	-11.07 -4.681
	-11.07 -4.881
	-11.07 -5.082
	-11.07 -5.101
	-10.871 -5.101
	-10.67 -5.101
	-10.47 -5.101
	-10.269 -5.101
	-10.068 -5.101
	-9.868 -5.101
	-9.7134 -5.101
	-9.8708 -4.98173
	-10.1206 -4.77381
	-10.3676 -4.54834
	-10.6062 -4.30641
	-10.8286 -4.05747
	-11.0334 -3.80434
	-11.07 -3.75488
	-11.07 -3.878

-28
	1.072 -6.196
	1.072 -5.995
	1.072 -5.794
	1.072 -5.594
	1.072 -5.393
	1.072 -5.192
	1.072 -4.992
	1.072 -4.791
	1.072 -4.591
	1.072 -4.39
	1.072 -4.189
	1.072 -3.989
	1.072 -3.788
	1.072 -3.587
	1.072 -3.387
	1.072 -3.186
	1.072 -2.985
	1.072 -2.785
	1.072 -2.584
	1.072 -2.383
	1.072 -2.183
	1.072 -1.982
	1.072 -1.781
	1.072 -1.581
	1.072 -1.38
	1.072 -1.18
	1.072 -0.979
	1.072 -0.778
	1.072 -0.578
	1.072 -0.377
	1.072 -0.176
	1.072 0.024
	1.072 0.225
	1.072 0.426
	1.072 0.626
	1.072 0.827
	1.072 1.028
	1.072 1.228
	1.072 1.429
	1.072 1.629
	1.072 1.83
	1.072 2.031
	1.072 2.231
	1.072 2.432
	1.072 2.633
	1.072 2.833
	1.072 3.034
	1.072 3.235
	1.072 3.435
	1.072 3.636
	1.072 3.837
	1.072 4.037
	1.072 4.238
	1.072 4.439
	1.072 4.639
	1.072 4.84
	1.072 5.04
	1.072 5.241
	1.072 5.442
	1.072 5.642
	1.072 5.843
	1.072 6.044
	1.072 6.244
	1.072 6.445
	1.072 6.646
	1.072 6.846
	1.072 7.047
	1.072 7.062
	0.877 7.062
	0.676 7.062
	0.476 7.062
	0.275 7.062
	0.074 7.062
	-0.126 7.062
	-0.327 7.062
	-0.528 7.062
	-0.728 7.062
	-0.929 7.062
	-1.129 7.062
	-1.33 7.062
	-1.531 7.062
	-1.731 7.062
	-1.932 7.062
	-2.133 7.062
	-2.333 7.062
	-2.534 7.062
	-2.735 7.062
	-2.935 7.062
	-3.136 7.062
	-3.337 7.062
	-3.537 7.062
	-3.738 7.062
	-3.939 7.062
	-4.139 7.062
	-4.34 7.062
	-4.54 7.062
	-4.741 7.062
	-4.942 7.062
	-5.142 7.062
	-5.343 7.062
	-5.544 7.062
	-5.744 7.062
	-5.945 7.062
	-6.146 7.062
	-6.346 7.062
	-6.547 7.062
	-6.748 7.062
	-6.948 7.062
	-7.149 7.062
	-7.349 7.062
	-7.55 7.062
	-7.751 7.062
	-7.951 7.062
	-8.152 7.062
	-8.353 7.062
	-8.553 7.062
	-8.754 7.062
	-8.955 7.062
	-9.155 7.062
	-9.356 7.062
	-9.557 7.062
	-9.757 7.062
	-9.958 7.062
	-10.159 7.062
	-10.359 7.062
	-10.56 7.062
	-10.76 7.062
	-10.961 7.062
	-11.162 7.062
	-11.362 7.062
	-11.563 7.062
	-11.764 7.062
	-11.964 7.062
	-12.165 7.062
	-12.27 7.062
	-12.27 6.957
	-12.27 6.756
	-12.27 6.556
	-12.27 6.355
	-12.27 6.154
	-12.27 5.954
	-12.27 5.753
	-12.27 5.552
	-12.27 5.352
	-12.27 5.151
	-12.27 4.95
	-12.27 4.75
	-12.27 4.549
	-12.27 4.348
	-12.27 4.148
	-12.27 3.947
	-12.27 3.747
	-12.27 3.546
	-12.27 3.345
	-12.27 3.145
	-12.27 2.944
	-12.27 2.743
	-12.27 2.543
	-12.27 2.342
	-12.27 2.141
	-12.27 1.941
	-12.27 1.74
	-12.27 1.539
	-12.27 1.339
	-12.27 1.138
	-12.27 0.937
	-12.27 0.737
	-12.27 0.536
	-12.27 0.336
	-12.27 0.135
	-12.27 -0.066
	-12.27 -0.266
	-12.27 -0.467
	-12.27 -0.668
	-12.27 -0.868
	-12.27 -1.069
	-12.27 -1.27
	-12.27 -1.47
	-12.27 -1.671
	-12.27 -1.872
	-12.27 -2.072
	-12.27 -2.273
	-12.27 -2.474
	-12.27 -2.674
	-12.27 -2.875
	-12.27 -3.075
	-12.27 -3.276
	-12.27 -3.477
	-12.27 -3.677
	-12.27 -3.878
	-12.27 -4.079
	-12.27 -4.279
	-12.27 -4.48
	-12.27 -4.681
	-12.27 -4.881
	-12.27 -5.082
	-12.27 -5.283
	-12.27 -5.483
	-12.27 -5.684
	-12.27 -5.884
	-12.27 -6.085
	-12.27 -6.286
	-12.27 -6.301
	-12.075 -6.301
	-11.874 -6.301
	-11.674 -6.301
	-11.473 -6.301
	-11.272 -6.301
	-11.072 -6.301
	-10.871 -6.301
	-10.67 -6.301
	-10.47 -6.301
	-10.269 -6.301
	-10.068 -6.301
	-9.868 -6.301
	-9.667 -6.301
	-9.466 -6.301
	-9.266 -6.301
	-9.065 -6.301
	-8.865 -6.301
	-8.664 -6.301
	-8.463 -6.301
	-8.263 -6.301
	-8.062 -6.301
	-7.861 -6.301
	-7.661 -6.301
	-7.46 -6.301
	-7.259 -6.301
	-7.059 -6.301
	-6.858 -6.301
	-6.657 -6.301
	-6.457 -6.301
	-6.256 -6.301
	-6.056 -6.301
	-5.855 -6.301
	-5.654 -6.301
	-5.454 -6.301
	-5.253 -6.301
	-5.052 -6.301
	-4.852 -6.301
	-4.651 -6.301
	-4.45 -6.301
	-4.25 -6.301
	-4.049 -6.301
	-3.848 -6.301
	-3.648 -6.301
	-3.447 -6.301
	-3.246 -6.301
	-3.046 -6.301
	-2.845 -6.301
	-2.645 -6.301
	-2.444 -6.301
	-2.243 -6.301
	-2.043 -6.301
	-1.842 -6.301
	-1.641 -6.301
	-1.441 -6.301
	-1.24 -6.301
	-1.039 -6.301
	-0.839 -6.301
	-0.638 -6.301
	-0.437 -6.301
	-0.237 -6.301
	-0.036 -6.301
	0.164 -6.301
	0.365 -6.301
	0.566 -6.301
	0.766 -6.301
	0.967 -6.301
	1.072 -6.301
	1.072 -6.196

	-0.0483417 0.38111
	-0.0566345 0.100536
	-0.0768415 -0.172931
	-0.111053 -0.447991
	-0.15895 -0.721687
	-0.220852 -0.994056
	-0.296817 -1.26339
	-0.385457 -1.52522
	-0.48675 -1.78392
	-0.600854 -2.03523
	-0.726513 -2.28245
	-0.867651 -2.52598
	-1.0166 -2.75617
	-1.17809 -2.98199
	-1.35272 -3.20061
	-1.53681 -3.40943
	-1.73014 -3.60685
	-1.93362 -3.79658
	-2.14785 -3.9751
	-2.36706 -4.14154
	-2.59582 -4.2977
	-2.83431 -4.44383
	-3.08024 -4.5771
	-3.32874 -4.69659
	-3.58476 -4.80475
	-3.84511 -4.8993
	-4.11062 -4.98142
	-4.37798 -5.04927
	-4.65021 -5.10536
	-4.92773 -5.14699
	-5.20414 -5.17436
	-5.48108 -5.188
	-5.75792 -5.188
	-6.03523 -5.17434
	-6.31008 -5.14699
	-6.58826 -5.10547
	-6.86102 -5.04927
	-7.12838 -4.98142
	-7.39389 -4.8993
	-7.65424 -4.80475
	-7.91026 -4.69659
	-8.16035 -4.57633
	-8.40351 -4.44383
	-8.64159 -4.29879
	-8.87194 -4.14154
	-9.09304 -3.97367
	-9.30419 -3.79658
	-9.5071 -3.60865
	-9.70219 -3.40943
	-9.88628 -3.20061
	-10.0609 -2.98199
	-10.2224 -2.75617
	-10.3713 -2.52598
	-10.5125 -2.28245
	-10.6381 -2.03522
	-10.7523 -1.78392
	-10.8535 -1.52522
	-10.9422 -1.26339
	-11.0181 -0.994057
	-11.0801 -0.721687
	-11.1279 -0.44799
	-11.1622 -0.172931
	-11.1826 0.104218
	-11.1895 0.381091
	-11.1826 0.656873
	-11.1622 0.933931
	-11.1279 1.20899
	-11.0801 1.48269
	-11.0181 1.75506
	-10.9425 2.02325
	-10.8535 2.2874
	-10.7517 2.54616
	-10.6381 2.79622
	-10.5125 3.04345
	-10.3713 3.28698
	-10.2224 3.51717
	-10.0609 3.74299
	-9.88628 3.96161
	-9.70219 4.17043
	-9.5071 4.36965
	-9.30627 4.55565
	-9.09305 4.73586
	-8.8695 4.9042
	-8.64159 5.05979
	-8.40351 5.20483
	-8.16035 5.33733
	-7.91026 5.45759
	-7.65745 5.5644
	-7.3939 5.66149
	-7.12495 5.74329
	-6.86102 5.81027
	-6.58826 5.86647
	-6.31009 5.90799
	-6.03523 5.93534
	-5.75792 5.949
	-5.48108 5.949
	-5.20414 5.93536
	-4.92773 5.90799
	-4.65021 5.86636
	-4.37798 5.81027
	-4.11405 5.74329
	-3.8451 5.66149
	-3.58155 5.5644
	-3.32874 5.45759
	-3.08024 5.3381
	-2.83431 5.20483
	-2.59582 5.0587
	-2.3695 4.9042
	-2.14785 4.73729
	-1.93155 4.55565
	-1.73014 4.36785
	-1.53681 4.17043
	-1.35272 3.96161
	-1.17809 3.74299
	-1.0166 3.51717
	-0.867651 3.28698
	-0.726513 3.04344
	-0.600854 2.79623
	-0.487309 2.54616
	-0.385459 2.2874
	-0.296496 2.02325
	-0.220852 1.75506
	-0.15895 1.48269
	-0.111053 1.20899
	-0.0768415 0.933931
	-0.0566425 0.660573
	-0.0483417 0.38111

	-0.128 -4.992
	-0.128 -4.791
	-0.128 -4.591
	-0.128 -4.39
	-0.128 -4.189
	-0.128 -3.989
	-0.128 -3.788
	-0.128 -3.587
	-0.128 -3.57654
	-0.220569 -3.70598
	-0.43329 -3.9723
	-0.657453 -4.22657
	-0.891855 -4.46593
	-1.13971 -4.69704
	-1.40053 -4.91439
	-1.64631 -5.101
	-1.641 -5.101
	-1.441 -5.101
	-1.24 -5.101
	-1.039 -5.101
	-0.839 -5.101
	-0.638 -5.101
	-0.437 -5.101
	-0.237 -5.101
	-0.128 -5.101
	-0.128 -4.992

	-0.128 4.439
	-0.128 4.639
	-0.128 4.84
	-0.128 5.04
	-0.128 5.241
	-0.128 5.442
	-0.128 5.642
	-0.128 5.843
	-0.128 5.862
	-0.327 5.862
	-0.528 5.862
	-0.728 5.862
	-0.929 5.862
	-1.129 5.862
	-1.33 5.862
	-1.531 5.862
	-1.64657 5.862
	-1.40053 5.67672
	-1.13598 5.45456
	-0.891855 5.22693
	-0.657453 4.98757
	-0.433291 4.7333
	-0.220569 4.46698
	-0.128 4.33754
	-0.128 4.439

	-9.757 5.862
	-9.958 5.862
	-10.159 5.862
	-10.359 5.862
	-10.56 5.862
	-10.76 5.862
	-10.961 5.862
	-11.07 5.862
	-11.07 5.753
	-11.07 5.552
	-11.07 5.352
	-11.07 5.151
	-11.07 4.95
	-11.07 4.75
	-11.07 4.549
	-11.07 4.39487
	-11.0184 4.46698
	-10.8057 4.7333
	-10.5815 4.98757
	-10.344 5.23017
	-10.1017 5.45457
	-9.84188 5.67414
	-9.59243 5.862
	-9.757 5.862

	-11.07 -3.677
	-11.07 -3.878
	-11.07 -4.079
	-11.07 -4.279
	-11.07 -4.48
	-11.07 -4.681
	-11.07 -4.881
	-11.07 -5.082
	-11.07 -5.101
	-10.871 -5.101
	-10.67 -5.101
	-10.47 -5.101
	-10.269 -5.101
	-10.068 -5.101
	-9.868 -5.101
	-9.667 -5.101
	-9.59269 -5.101
	-9.84187 -4.9118
	-10.0979 -4.69704
	-10.344 -4.46917
	-10.5815 -4.22657
	-10.8057 -3.9723
	-11.0184 -3.70598
	-11.07 -3.63387
	-11.07 -3.677

