-7
	-12.27 6.957
	-12.27 6.756
	-12.27 6.556
	-12.27 6.355
	-12.27 6.154
	-12.27 5.954
	-12.27 5.753
	-12.27 5.552
	-12.27 5.352
	-12.27 5.151
	-12.27 4.95
	-12.27 4.75
	-12.27 4.549
	-12.27 4.348
	-12.27 4.148
	-12.27 3.947
	-12.27 3.747
	-12.27 3.546
	-12.27 3.345
	-12.27 3.145
	-12.27 2.944
	-12.27 2.743
	-12.27 2.543
	-12.27 2.342
	-12.27 2.141
	-12.27 1.941
	-12.27 1.74
	-12.27 1.539
	-12.27 1.339
	-12.27 1.138
	-12.27 0.937
	-12.27 0.737
	-12.27 0.536
	-12.27 0.336
	-12.27 0.135
	-12.27 -0.066
	-12.27 -0.266
	-12.27 -0.467
	-12.27 -0.668
	-12.27 -0.868
	-12.27 -1.069
	-12.27 -1.27
	-12.27 -1.47
	-12.27 -1.671
	-12.27 -1.872
	-12.27 -2.072
	-12.27 -2.273
	-12.27 -2.474
	-12.27 -2.674
	-12.27 -2.875
	-12.27 -3.075
	-12.27 -3.276
	-12.27 -3.477
	-12.27 -3.677
	-12.27 -3.878
	-12.27 -4.079
	-12.27 -4.279
	-12.27 -4.48
	-12.27 -4.681
	-12.27 -4.881
	-12.27 -5.082
	-12.27 -5.283
	-12.27 -5.483
	-12.27 -5.684
	-12.27 -5.884
	-12.27 -6.085
	-12.27 -6.286
	-12.27 -6.301
	-12.075 -6.301
	-11.874 -6.301
	-11.674 -6.301
	-11.473 -6.301
	-11.272 -6.301
	-11.072 -6.301
	-10.871 -6.301
	-10.67 -6.301
	-10.47 -6.301
	-10.269 -6.301
	-10.068 -6.301
	-9.868 -6.301
	-9.667 -6.301
	-9.466 -6.301
	-9.266 -6.301
	-9.065 -6.301
	-8.865 -6.301
	-8.664 -6.301
	-8.463 -6.301
	-8.263 -6.301
	-8.062 -6.301
	-7.861 -6.301
	-7.661 -6.301
	-7.46 -6.301
	-7.259 -6.301
	-7.059 -6.301
	-6.858 -6.301
	-6.657 -6.301
	-6.457 -6.301
	-6.256 -6.301
	-6.056 -6.301
	-5.855 -6.301
	-5.654 -6.301
	-5.454 -6.301
	-5.253 -6.301
	-5.052 -6.301
	-4.852 -6.301
	-4.651 -6.301
	-4.45 -6.301
	-4.25 -6.301
	-4.049 -6.301
	-3.848 -6.301
	-3.648 -6.301
	-3.447 -6.301
	-3.246 -6.301
	-3.046 -6.301
	-2.845 -6.301
	-2.645 -6.301
	-2.444 -6.301
	-2.243 -6.301
	-2.043 -6.301
	-1.842 -6.301
	-1.641 -6.301
	-1.441 -6.301
	-1.24 -6.301
	-1.039 -6.301
	-0.839 -6.301
	-0.638 -6.301
	-0.437 -6.301
	-0.237 -6.301
	-0.036 -6.301
	0.164 -6.301
	0.365 -6.301
	0.566 -6.301
	0.766 -6.301
	0.967 -6.301
	1.072 -6.301
	1.072 -6.196
	1.072 -5.995
	1.072 -5.794
	1.072 -5.594
	1.072 -5.393
	1.072 -5.192
	1.072 -4.992
	1.072 -4.791
	1.072 -4.591
	1.072 -4.39
	1.072 -4.189
	1.072 -3.989
	1.072 -3.788
	1.072 -3.587
	1.072 -3.387
	1.072 -3.186
	1.072 -2.985
	1.072 -2.785
	1.072 -2.584
	1.072 -2.383
	1.072 -2.183
	1.072 -1.982
	1.072 -1.781
	1.072 -1.581
	1.072 -1.38
	1.072 -1.18
	1.072 -0.979
	1.072 -0.778
	1.072 -0.578
	1.072 -0.377
	1.072 -0.176
	1.072 0.024
	1.072 0.225
	1.072 0.426
	1.072 0.626
	1.072 0.827
	1.072 1.028
	1.072 1.228
	1.072 1.429
	1.072 1.629
	1.072 1.83
	1.072 2.031
	1.072 2.231
	1.072 2.432
	1.072 2.633
	1.072 2.833
	1.072 3.034
	1.072 3.235
	1.072 3.435
	1.072 3.636
	1.072 3.837
	1.072 4.037
	1.072 4.238
	1.072 4.439
	1.072 4.639
	1.072 4.84
	1.072 5.04
	1.072 5.241
	1.072 5.442
	1.072 5.642
	1.072 5.843
	1.072 6.044
	1.072 6.244
	1.072 6.445
	1.072 6.646
	1.072 6.846
	1.072 7.047
	1.072 7.062
	0.877 7.062
	0.676 7.062
	0.476 7.062
	0.275 7.062
	0.074 7.062
	-0.126 7.062
	-0.327 7.062
	-0.528 7.062
	-0.728 7.062
	-0.929 7.062
	-1.129 7.062
	-1.33 7.062
	-1.531 7.062
	-1.731 7.062
	-1.932 7.062
	-2.133 7.062
	-2.333 7.062
	-2.534 7.062
	-2.735 7.062
	-2.935 7.062
	-3.136 7.062
	-3.337 7.062
	-3.537 7.062
	-3.738 7.062
	-3.939 7.062
	-4.139 7.062
	-4.34 7.062
	-4.54 7.062
	-4.741 7.062
	-4.942 7.062
	-5.142 7.062
	-5.343 7.062
	-5.544 7.062
	-5.744 7.062
	-5.945 7.062
	-6.146 7.062
	-6.346 7.062
	-6.547 7.062
	-6.748 7.062
	-6.948 7.062
	-7.149 7.062
	-7.349 7.062
	-7.55 7.062
	-7.751 7.062
	-7.951 7.062
	-8.152 7.062
	-8.353 7.062
	-8.553 7.062
	-8.754 7.062
	-8.955 7.062
	-9.155 7.062
	-9.356 7.062
	-9.557 7.062
	-9.757 7.062
	-9.958 7.062
	-10.159 7.062
	-10.359 7.062
	-10.56 7.062
	-10.76 7.062
	-10.961 7.062
	-11.162 7.062
	-11.362 7.062
	-11.563 7.062
	-11.764 7.062
	-11.964 7.062
	-12.165 7.062
	-12.27 7.062
	-12.27 6.957

	-3.09391 0.381367
	-3.14852 -0.144872
	-3.31253 -0.646858
	-3.57509 -1.10263
	-3.92936 -1.49653
	-4.35777 -1.80787
	-4.84079 -2.022
	-5.35608 -2.131
	-5.88292 -2.131
	-6.39821 -2.022
	-6.88123 -1.80787
	-7.30964 -1.49653
	-7.66391 -1.10262
	-7.92647 -0.646858
	-8.09048 -0.144874
	-8.14509 0.381367
	-8.09037 0.906224
	-7.92702 1.40617
	-7.66391 1.86537
	-7.30772 2.25893
	-6.88123 2.56887
	-6.39821 2.783
	-5.88292 2.892
	-5.35608 2.892
	-4.84079 2.783
	-4.35777 2.56887
	-3.93128 2.25893
	-3.57509 1.86537
	-3.31198 1.40617
	-3.14863 0.906223
	-3.09391 0.381367

	-9.87 4.549
	-9.87 4.348
	-9.87 4.148
	-9.87 3.947
	-9.87 3.747
	-9.87 3.546
	-9.87 3.345
	-9.87 3.145
	-9.87 2.944
	-9.87 2.84265
	-9.61737 3.28356
	-8.92006 4.05401
	-8.08641 4.65987
	-8.08159 4.662
	-8.152 4.662
	-8.353 4.662
	-8.553 4.662
	-8.754 4.662
	-8.955 4.662
	-9.155 4.662
	-9.356 4.662
	-9.557 4.662
	-9.757 4.662
	-9.87 4.662
	-9.87 4.549

	-9.87 -2.273
	-9.87 -2.474
	-9.87 -2.674
	-9.87 -2.875
	-9.87 -3.075
	-9.87 -3.276
	-9.87 -3.477
	-9.87 -3.677
	-9.87 -3.878
	-9.87 -3.901
	-9.868 -3.901
	-9.667 -3.901
	-9.466 -3.901
	-9.266 -3.901
	-9.065 -3.901
	-8.865 -3.901
	-8.664 -3.901
	-8.463 -3.901
	-8.263 -3.901
	-8.08159 -3.901
	-8.08641 -3.89887
	-8.92507 -3.28937
	-9.61736 -2.51962
	-9.87 -2.08108
	-9.87 -2.273

	-3.046 -3.901
	-2.845 -3.901
	-2.645 -3.901
	-2.444 -3.901
	-2.243 -3.901
	-2.043 -3.901
	-1.842 -3.901
	-1.641 -3.901
	-1.441 -3.901
	-1.328 -3.901
	-1.328 -3.788
	-1.328 -3.587
	-1.328 -3.387
	-1.328 -3.186
	-1.328 -2.985
	-1.328 -2.785
	-1.328 -2.584
	-1.328 -2.383
	-1.328 -2.183
	-1.328 -2.00991
	-1.62164 -2.51963
	-2.31393 -3.28937
	-3.15259 -3.89886
	-3.15741 -3.901
	-3.046 -3.901

	-1.328 2.833
	-1.328 3.034
	-1.328 3.235
	-1.328 3.435
	-1.328 3.636
	-1.328 3.837
	-1.328 4.037
	-1.328 4.238
	-1.328 4.439
	-1.328 4.639
	-1.328 4.662
	-1.33 4.662
	-1.531 4.662
	-1.731 4.662
	-1.932 4.662
	-2.133 4.662
	-2.333 4.662
	-2.534 4.662
	-2.735 4.662
	-2.935 4.662
	-3.136 4.662
	-3.15741 4.662
	-3.15259 4.65986
	-2.31894 4.05401
	-1.62163 3.28356
	-1.328 2.77109
	-1.328 2.833

-6.5
	-12.27 6.957
	-12.27 6.756
	-12.27 6.556
	-12.27 6.355
	-12.27 6.154
	-12.27 5.954
	-12.27 5.753
	-12.27 5.552
	-12.27 5.352
	-12.27 5.151
	-12.27 4.95
	-12.27 4.75
	-12.27 4.549
	-12.27 4.348
	-12.27 4.148
	-12.27 3.947
	-12.27 3.747
	-12.27 3.546
	-12.27 3.345
	-12.27 3.145
	-12.27 2.944
	-12.27 2.743
	-12.27 2.543
	-12.27 2.342
	-12.27 2.141
	-12.27 1.941
	-12.27 1.74
	-12.27 1.539
	-12.27 1.339
	-12.27 1.138
	-12.27 0.937
	-12.27 0.737
	-12.27 0.536
	-12.27 0.336
	-12.27 0.135
	-12.27 -0.066
	-12.27 -0.266
	-12.27 -0.467
	-12.27 -0.668
	-12.27 -0.868
	-12.27 -1.069
	-12.27 -1.27
	-12.27 -1.47
	-12.27 -1.671
	-12.27 -1.872
	-12.27 -2.072
	-12.27 -2.273
	-12.27 -2.474
	-12.27 -2.674
	-12.27 -2.875
	-12.27 -3.075
	-12.27 -3.276
	-12.27 -3.477
	-12.27 -3.677
	-12.27 -3.878
	-12.27 -4.079
	-12.27 -4.279
	-12.27 -4.48
	-12.27 -4.681
	-12.27 -4.881
	-12.27 -5.082
	-12.27 -5.283
	-12.27 -5.483
	-12.27 -5.684
	-12.27 -5.884
	-12.27 -6.085
	-12.27 -6.286
	-12.27 -6.301
	-12.075 -6.301
	-11.874 -6.301
	-11.674 -6.301
	-11.473 -6.301
	-11.272 -6.301
	-11.072 -6.301
	-10.871 -6.301
	-10.67 -6.301
	-10.47 -6.301
	-10.269 -6.301
	-10.068 -6.301
	-9.868 -6.301
	-9.667 -6.301
	-9.466 -6.301
	-9.266 -6.301
	-9.065 -6.301
	-8.865 -6.301
	-8.664 -6.301
	-8.463 -6.301
	-8.263 -6.301
	-8.062 -6.301
	-7.861 -6.301
	-7.661 -6.301
	-7.46 -6.301
	-7.259 -6.301
	-7.059 -6.301
	-6.858 -6.301
	-6.657 -6.301
	-6.457 -6.301
	-6.256 -6.301
	-6.056 -6.301
	-5.855 -6.301
	-5.654 -6.301
	-5.454 -6.301
	-5.253 -6.301
	-5.052 -6.301
	-4.852 -6.301
	-4.651 -6.301
	-4.45 -6.301
	-4.25 -6.301
	-4.049 -6.301
	-3.848 -6.301
	-3.648 -6.301
	-3.447 -6.301
	-3.246 -6.301
	-3.046 -6.301
	-2.845 -6.301
	-2.645 -6.301
	-2.444 -6.301
	-2.243 -6.301
	-2.043 -6.301
	-1.842 -6.301
	-1.641 -6.301
	-1.441 -6.301
	-1.24 -6.301
	-1.039 -6.301
	-0.839 -6.301
	-0.638 -6.301
	-0.437 -6.301
	-0.237 -6.301
	-0.036 -6.301
	0.164 -6.301
	0.365 -6.301
	0.566 -6.301
	0.766 -6.301
	0.967 -6.301
	1.072 -6.301
	1.072 -6.196
	1.072 -5.995
	1.072 -5.794
	1.072 -5.594
	1.072 -5.393
	1.072 -5.192
	1.072 -4.992
	1.072 -4.791
	1.072 -4.591
	1.072 -4.39
	1.072 -4.189
	1.072 -3.989
	1.072 -3.788
	1.072 -3.587
	1.072 -3.387
	1.072 -3.186
	1.072 -2.985
	1.072 -2.785
	1.072 -2.584
	1.072 -2.383
	1.072 -2.183
	1.072 -1.982
	1.072 -1.781
	1.072 -1.581
	1.072 -1.38
	1.072 -1.18
	1.072 -0.979
	1.072 -0.778
	1.072 -0.578
	1.072 -0.377
	1.072 -0.176
	1.072 0.024
	1.072 0.225
	1.072 0.426
	1.072 0.626
	1.072 0.827
	1.072 1.028
	1.072 1.228
	1.072 1.429
	1.072 1.629
	1.072 1.83
	1.072 2.031
	1.072 2.231
	1.072 2.432
	1.072 2.633
	1.072 2.833
	1.072 3.034
	1.072 3.235
	1.072 3.435
	1.072 3.636
	1.072 3.837
	1.072 4.037
	1.072 4.238
	1.072 4.439
	1.072 4.639
	1.072 4.84
	1.072 5.04
	1.072 5.241
	1.072 5.442
	1.072 5.642
	1.072 5.843
	1.072 6.044
	1.072 6.244
	1.072 6.445
	1.072 6.646
	1.072 6.846
	1.072 7.047
	1.072 7.062
	0.877 7.062
	0.676 7.062
	0.476 7.062
	0.275 7.062
	0.074 7.062
	-0.126 7.062
	-0.327 7.062
	-0.528 7.062
	-0.728 7.062
	-0.929 7.062
	-1.129 7.062
	-1.33 7.062
	-1.531 7.062
	-1.731 7.062
	-1.932 7.062
	-2.133 7.062
	-2.333 7.062
	-2.534 7.062
	-2.735 7.062
	-2.935 7.062
	-3.136 7.062
	-3.337 7.062
	-3.537 7.062
	-3.738 7.062
	-3.939 7.062
	-4.139 7.062
	-4.34 7.062
	-4.54 7.062
	-4.741 7.062
	-4.942 7.062
	-5.142 7.062
	-5.343 7.062
	-5.544 7.062
	-5.744 7.062
	-5.945 7.062
	-6.146 7.062
	-6.346 7.062
	-6.547 7.062
	-6.748 7.062
	-6.948 7.062
	-7.149 7.062
	-7.349 7.062
	-7.55 7.062
	-7.751 7.062
	-7.951 7.062
	-8.152 7.062
	-8.353 7.062
	-8.553 7.062
	-8.754 7.062
	-8.955 7.062
	-9.155 7.062
	-9.356 7.062
	-9.557 7.062
	-9.757 7.062
	-9.958 7.062
	-10.159 7.062
	-10.359 7.062
	-10.56 7.062
	-10.76 7.062
	-10.961 7.062
	-11.162 7.062
	-11.362 7.062
	-11.563 7.062
	-11.764 7.062
	-11.964 7.062
	-12.165 7.062
	-12.27 7.062
	-12.27 6.957

	-3.16607 0.381387
	-3.22558 -0.164535
	-3.40856 -0.68471
	-3.70062 -1.14994
	-4.08772 -1.53704
	-4.5525 -1.83045
	-5.07528 -2.01342
	-5.61861 -2.07293
	-6.16454 -2.01342
	-6.68471 -1.83044
	-7.14994 -1.53839
	-7.53838 -1.14994
	-7.83044 -0.68471
	-8.01342 -0.164535
	-8.07293 0.381387
	-8.01342 0.92472
	-7.83045 1.4475
	-7.53704 1.91228
	-7.14994 2.29939
	-6.68471 2.59144
	-6.16454 2.77442
	-5.61861 2.83393
	-5.07528 2.77442
	-4.5525 2.59145
	-4.08772 2.29804
	-3.70196 1.91228
	-3.40855 1.4475
	-3.22558 0.92472
	-3.16607 0.381387

	-9.87 4.549
	-9.87 4.348
	-9.87 4.148
	-9.87 3.947
	-9.87 3.747
	-9.87 3.546
	-9.87 3.345
	-9.87 3.145
	-9.87 2.944
	-9.87 2.743
	-9.87 2.71264
	-9.42349 3.41994
	-8.65543 4.188
	-7.90039 4.662
	-7.951 4.662
	-8.152 4.662
	-8.353 4.662
	-8.553 4.662
	-8.754 4.662
	-8.955 4.662
	-9.155 4.662
	-9.356 4.662
	-9.557 4.662
	-9.757 4.662
	-9.87 4.662
	-9.87 4.549

	-9.87 -2.072
	-9.87 -2.273
	-9.87 -2.474
	-9.87 -2.674
	-9.87 -2.875
	-9.87 -3.075
	-9.87 -3.276
	-9.87 -3.477
	-9.87 -3.677
	-9.87 -3.878
	-9.87 -3.901
	-9.868 -3.901
	-9.667 -3.901
	-9.466 -3.901
	-9.266 -3.901
	-9.065 -3.901
	-8.865 -3.901
	-8.664 -3.901
	-8.463 -3.901
	-8.263 -3.901
	-8.062 -3.901
	-7.90039 -3.901
	-8.65543 -3.427
	-9.427 -2.65543
	-9.87 -1.94977
	-9.87 -2.072

	-3.246 -3.901
	-3.046 -3.901
	-2.845 -3.901
	-2.645 -3.901
	-2.444 -3.901
	-2.243 -3.901
	-2.043 -3.901
	-1.842 -3.901
	-1.641 -3.901
	-1.441 -3.901
	-1.328 -3.901
	-1.328 -3.788
	-1.328 -3.587
	-1.328 -3.387
	-1.328 -3.186
	-1.328 -2.985
	-1.328 -2.785
	-1.328 -2.584
	-1.328 -2.383
	-1.328 -2.183
	-1.328 -1.982
	-1.328 -1.88446
	-1.812 -2.65543
	-2.58006 -3.42349
	-3.33646 -3.901
	-3.246 -3.901

	-1.328 2.833
	-1.328 3.034
	-1.328 3.235
	-1.328 3.435
	-1.328 3.636
	-1.328 3.837
	-1.328 4.037
	-1.328 4.238
	-1.328 4.439
	-1.328 4.639
	-1.328 4.662
	-1.33 4.662
	-1.531 4.662
	-1.731 4.662
	-1.932 4.662
	-2.133 4.662
	-2.333 4.662
	-2.534 4.662
	-2.735 4.662
	-2.935 4.662
	-3.136 4.662
	-3.33646 4.662
	-2.58006 4.18449
	-1.81551 3.41994
	-1.328 2.64769
	-1.328 2.833

-6
	-12.27 6.957
	-12.27 6.756
	-12.27 6.556
	-12.27 6.355
	-12.27 6.154
	-12.27 5.954
	-12.27 5.753
	-12.27 5.552
	-12.27 5.352
	-12.27 5.151
	-12.27 4.95
	-12.27 4.75
	-12.27 4.549
	-12.27 4.348
	-12.27 4.148
	-12.27 3.947
	-12.27 3.747
	-12.27 3.546
	-12.27 3.345
	-12.27 3.145
	-12.27 2.944
	-12.27 2.743
	-12.27 2.543
	-12.27 2.342
	-12.27 2.141
	-12.27 1.941
	-12.27 1.74
	-12.27 1.539
	-12.27 1.339
	-12.27 1.138
	-12.27 0.937
	-12.27 0.737
	-12.27 0.536
	-12.27 0.336
	-12.27 0.135
	-12.27 -0.066
	-12.27 -0.266
	-12.27 -0.467
	-12.27 -0.668
	-12.27 -0.868
	-12.27 -1.069
	-12.27 -1.27
	-12.27 -1.47
	-12.27 -1.671
	-12.27 -1.872
	-12.27 -2.072
	-12.27 -2.273
	-12.27 -2.474
	-12.27 -2.674
	-12.27 -2.875
	-12.27 -3.075
	-12.27 -3.276
	-12.27 -3.477
	-12.27 -3.677
	-12.27 -3.878
	-12.27 -4.079
	-12.27 -4.279
	-12.27 -4.48
	-12.27 -4.681
	-12.27 -4.881
	-12.27 -5.082
	-12.27 -5.283
	-12.27 -5.483
	-12.27 -5.684
	-12.27 -5.884
	-12.27 -6.085
	-12.27 -6.286
	-12.27 -6.301
	-12.075 -6.301
	-11.874 -6.301
	-11.674 -6.301
	-11.473 -6.301
	-11.272 -6.301
	-11.072 -6.301
	-10.871 -6.301
	-10.67 -6.301
	-10.47 -6.301
	-10.269 -6.301
	-10.068 -6.301
	-9.868 -6.301
	-9.667 -6.301
	-9.466 -6.301
	-9.266 -6.301
	-9.065 -6.301
	-8.865 -6.301
	-8.664 -6.301
	-8.463 -6.301
	-8.263 -6.301
	-8.062 -6.301
	-7.861 -6.301
	-7.661 -6.301
	-7.46 -6.301
	-7.259 -6.301
	-7.059 -6.301
	-6.858 -6.301
	-6.657 -6.301
	-6.457 -6.301
	-6.256 -6.301
	-6.056 -6.301
	-5.855 -6.301
	-5.654 -6.301
	-5.454 -6.301
	-5.253 -6.301
	-5.052 -6.301
	-4.852 -6.301
	-4.651 -6.301
	-4.45 -6.301
	-4.25 -6.301
	-4.049 -6.301
	-3.848 -6.301
	-3.648 -6.301
	-3.447 -6.301
	-3.246 -6.301
	-3.046 -6.301
	-2.845 -6.301
	-2.645 -6.301
	-2.444 -6.301
	-2.243 -6.301
	-2.043 -6.301
	-1.842 -6.301
	-1.641 -6.301
	-1.441 -6.301
	-1.24 -6.301
	-1.039 -6.301
	-0.839 -6.301
	-0.638 -6.301
	-0.437 -6.301
	-0.237 -6.301
	-0.036 -6.301
	0.164 -6.301
	0.365 -6.301
	0.566 -6.301
	0.766 -6.301
	0.967 -6.301
	1.072 -6.301
	1.072 -6.196
	1.072 -5.995
	1.072 -5.794
	1.072 -5.594
	1.072 -5.393
	1.072 -5.192
	1.072 -4.992
	1.072 -4.791
	1.072 -4.591
	1.072 -4.39
	1.072 -4.189
	1.072 -3.989
	1.072 -3.788
	1.072 -3.587
	1.072 -3.387
	1.072 -3.186
	1.072 -2.985
	1.072 -2.785
	1.072 -2.584
	1.072 -2.383
	1.072 -2.183
	1.072 -1.982
	1.072 -1.781
	1.072 -1.581
	1.072 -1.38
	1.072 -1.18
	1.072 -0.979
	1.072 -0.778
	1.072 -0.578
	1.072 -0.377
	1.072 -0.176
	1.072 0.024
	1.072 0.225
	1.072 0.426
	1.072 0.626
	1.072 0.827
	1.072 1.028
	1.072 1.228
	1.072 1.429
	1.072 1.629
	1.072 1.83
	1.072 2.031
	1.072 2.231
	1.072 2.432
	1.072 2.633
	1.072 2.833
	1.072 3.034
	1.072 3.235
	1.072 3.435
	1.072 3.636
	1.072 3.837
	1.072 4.037
	1.072 4.238
	1.072 4.439
	1.072 4.639
	1.072 4.84
	1.072 5.04
	1.072 5.241
	1.072 5.442
	1.072 5.642
	1.072 5.843
	1.072 6.044
	1.072 6.244
	1.072 6.445
	1.072 6.646
	1.072 6.846
	1.072 7.047
	1.072 7.062
	0.877 7.062
	0.676 7.062
	0.476 7.062
	0.275 7.062
	0.074 7.062
	-0.126 7.062
	-0.327 7.062
	-0.528 7.062
	-0.728 7.062
	-0.929 7.062
	-1.129 7.062
	-1.33 7.062
	-1.531 7.062
	-1.731 7.062
	-1.932 7.062
	-2.133 7.062
	-2.333 7.062
	-2.534 7.062
	-2.735 7.062
	-2.935 7.062
	-3.136 7.062
	-3.337 7.062
	-3.537 7.062
	-3.738 7.062
	-3.939 7.062
	-4.139 7.062
	-4.34 7.062
	-4.54 7.062
	-4.741 7.062
	-4.942 7.062
	-5.142 7.062
	-5.343 7.062
	-5.544 7.062
	-5.744 7.062
	-5.945 7.062
	-6.146 7.062
	-6.346 7.062
	-6.547 7.062
	-6.748 7.062
	-6.948 7.062
	-7.149 7.062
	-7.349 7.062
	-7.55 7.062
	-7.751 7.062
	-7.951 7.062
	-8.152 7.062
	-8.353 7.062
	-8.553 7.062
	-8.754 7.062
	-8.955 7.062
	-9.155 7.062
	-9.356 7.062
	-9.557 7.062
	-9.757 7.062
	-9.958 7.062
	-10.159 7.062
	-10.359 7.062
	-10.56 7.062
	-10.76 7.062
	-10.961 7.062
	-11.162 7.062
	-11.362 7.062
	-11.563 7.062
	-11.764 7.062
	-11.964 7.062
	-12.165 7.062
	-12.27 7.062
	-12.27 6.957

	-3.23538 0.381445
	-3.30638 -0.18931
	-3.50831 -0.726858
	-3.83743 -1.20135
	-4.26495 -1.57985
	-4.77388 -1.848
	-5.33286 -1.985
	-5.90614 -1.985
	-6.46512 -1.848
	-6.97405 -1.57985
	-7.40157 -1.20135
	-7.73069 -0.726858
	-7.93261 -0.18931
	-8.00362 0.381445
	-7.93246 0.950729
	-7.73069 1.48786
	-7.40157 1.96235
	-6.97405 2.34085
	-6.46512 2.609
	-5.90614 2.746
	-5.33286 2.746
	-4.77388 2.609
	-4.26495 2.34085
	-3.83743 1.96235
	-3.50831 1.48786
	-3.30654 0.950729
	-3.23538 0.381445

	-9.87 4.549
	-9.87 4.348
	-9.87 4.148
	-9.87 3.947
	-9.87 3.747
	-9.87 3.546
	-9.87 3.345
	-9.87 3.145
	-9.87 2.944
	-9.87 2.743
	-9.87 2.61458
	-9.20887 3.56771
	-8.34853 4.32941
	-7.71729 4.662
	-7.751 4.662
	-7.951 4.662
	-8.152 4.662
	-8.353 4.662
	-8.553 4.662
	-8.754 4.662
	-8.955 4.662
	-9.155 4.662
	-9.356 4.662
	-9.557 4.662
	-9.757 4.662
	-9.87 4.662
	-9.87 4.549

	-9.87 -1.872
	-9.87 -2.072
	-9.87 -2.273
	-9.87 -2.474
	-9.87 -2.674
	-9.87 -2.875
	-9.87 -3.075
	-9.87 -3.276
	-9.87 -3.477
	-9.87 -3.677
	-9.87 -3.878
	-9.87 -3.901
	-9.868 -3.901
	-9.667 -3.901
	-9.466 -3.901
	-9.266 -3.901
	-9.065 -3.901
	-8.865 -3.901
	-8.664 -3.901
	-8.463 -3.901
	-8.263 -3.901
	-8.062 -3.901
	-7.861 -3.901
	-7.71729 -3.901
	-8.34853 -3.56841
	-9.20887 -2.80671
	-9.87 -1.85358
	-9.87 -1.872

	-3.447 -3.901
	-3.246 -3.901
	-3.046 -3.901
	-2.845 -3.901
	-2.645 -3.901
	-2.444 -3.901
	-2.243 -3.901
	-2.043 -3.901
	-1.842 -3.901
	-1.641 -3.901
	-1.441 -3.901
	-1.328 -3.901
	-1.328 -3.788
	-1.328 -3.587
	-1.328 -3.387
	-1.328 -3.186
	-1.328 -2.985
	-1.328 -2.785
	-1.328 -2.584
	-1.328 -2.383
	-1.328 -2.183
	-1.328 -1.982
	-1.328 -1.781
	-1.328 -1.74761
	-1.3664 -1.84983
	-2.03013 -2.8067
	-2.89047 -3.56841
	-3.52171 -3.901
	-3.447 -3.901

	-1.328 2.633
	-1.328 2.833
	-1.328 3.034
	-1.328 3.235
	-1.328 3.435
	-1.328 3.636
	-1.328 3.837
	-1.328 4.037
	-1.328 4.238
	-1.328 4.439
	-1.328 4.639
	-1.328 4.662
	-1.33 4.662
	-1.531 4.662
	-1.731 4.662
	-1.932 4.662
	-2.133 4.662
	-2.333 4.662
	-2.534 4.662
	-2.735 4.662
	-2.935 4.662
	-3.136 4.662
	-3.337 4.662
	-3.52171 4.662
	-2.89047 4.32941
	-2.03012 3.5677
	-1.3664 2.61083
	-1.328 2.50861
	-1.328 2.633

-5.5
	-12.27 6.957
	-12.27 6.756
	-12.27 6.556
	-12.27 6.355
	-12.27 6.154
	-12.27 5.954
	-12.27 5.753
	-12.27 5.552
	-12.27 5.352
	-12.27 5.151
	-12.27 4.95
	-12.27 4.75
	-12.27 4.549
	-12.27 4.348
	-12.27 4.148
	-12.27 3.947
	-12.27 3.747
	-12.27 3.546
	-12.27 3.345
	-12.27 3.145
	-12.27 2.944
	-12.27 2.743
	-12.27 2.543
	-12.27 2.342
	-12.27 2.141
	-12.27 1.941
	-12.27 1.74
	-12.27 1.539
	-12.27 1.339
	-12.27 1.138
	-12.27 0.937
	-12.27 0.737
	-12.27 0.536
	-12.27 0.336
	-12.27 0.135
	-12.27 -0.066
	-12.27 -0.266
	-12.27 -0.467
	-12.27 -0.668
	-12.27 -0.868
	-12.27 -1.069
	-12.27 -1.27
	-12.27 -1.47
	-12.27 -1.671
	-12.27 -1.872
	-12.27 -2.072
	-12.27 -2.273
	-12.27 -2.474
	-12.27 -2.674
	-12.27 -2.875
	-12.27 -3.075
	-12.27 -3.276
	-12.27 -3.477
	-12.27 -3.677
	-12.27 -3.878
	-12.27 -4.079
	-12.27 -4.279
	-12.27 -4.48
	-12.27 -4.681
	-12.27 -4.881
	-12.27 -5.082
	-12.27 -5.283
	-12.27 -5.483
	-12.27 -5.684
	-12.27 -5.884
	-12.27 -6.085
	-12.27 -6.286
	-12.27 -6.301
	-12.075 -6.301
	-11.874 -6.301
	-11.674 -6.301
	-11.473 -6.301
	-11.272 -6.301
	-11.072 -6.301
	-10.871 -6.301
	-10.67 -6.301
	-10.47 -6.301
	-10.269 -6.301
	-10.068 -6.301
	-9.868 -6.301
	-9.667 -6.301
	-9.466 -6.301
	-9.266 -6.301
	-9.065 -6.301
	-8.865 -6.301
	-8.664 -6.301
	-8.463 -6.301
	-8.263 -6.301
	-8.062 -6.301
	-7.861 -6.301
	-7.661 -6.301
	-7.46 -6.301
	-7.259 -6.301
	-7.059 -6.301
	-6.858 -6.301
	-6.657 -6.301
	-6.457 -6.301
	-6.256 -6.301
	-6.056 -6.301
	-5.855 -6.301
	-5.654 -6.301
	-5.454 -6.301
	-5.253 -6.301
	-5.052 -6.301
	-4.852 -6.301
	-4.651 -6.301
	-4.45 -6.301
	-4.25 -6.301
	-4.049 -6.301
	-3.848 -6.301
	-3.648 -6.301
	-3.447 -6.301
	-3.246 -6.301
	-3.046 -6.301
	-2.845 -6.301
	-2.645 -6.301
	-2.444 -6.301
	-2.243 -6.301
	-2.043 -6.301
	-1.842 -6.301
	-1.641 -6.301
	-1.441 -6.301
	-1.24 -6.301
	-1.039 -6.301
	-0.839 -6.301
	-0.638 -6.301
	-0.437 -6.301
	-0.237 -6.301
	-0.036 -6.301
	0.164 -6.301
	0.365 -6.301
	0.566 -6.301
	0.766 -6.301
	0.967 -6.301
	1.072 -6.301
	1.072 -6.196
	1.072 -5.995
	1.072 -5.794
	1.072 -5.594
	1.072 -5.393
	1.072 -5.192
	1.072 -4.992
	1.072 -4.791
	1.072 -4.591
	1.072 -4.39
	1.072 -4.189
	1.072 -3.989
	1.072 -3.788
	1.072 -3.587
	1.072 -3.387
	1.072 -3.186
	1.072 -2.985
	1.072 -2.785
	1.072 -2.584
	1.072 -2.383
	1.072 -2.183
	1.072 -1.982
	1.072 -1.781
	1.072 -1.581
	1.072 -1.38
	1.072 -1.18
	1.072 -0.979
	1.072 -0.778
	1.072 -0.578
	1.072 -0.377
	1.072 -0.176
	1.072 0.024
	1.072 0.225
	1.072 0.426
	1.072 0.626
	1.072 0.827
	1.072 1.028
	1.072 1.228
	1.072 1.429
	1.072 1.629
	1.072 1.83
	1.072 2.031
	1.072 2.231
	1.072 2.432
	1.072 2.633
	1.072 2.833
	1.072 3.034
	1.072 3.235
	1.072 3.435
	1.072 3.636
	1.072 3.837
	1.072 4.037
	1.072 4.238
	1.072 4.439
	1.072 4.639
	1.072 4.84
	1.072 5.04
	1.072 5.241
	1.072 5.442
	1.072 5.642
	1.072 5.843
	1.072 6.044
	1.072 6.244
	1.072 6.445
	1.072 6.646
	1.072 6.846
	1.072 7.047
	1.072 7.062
	0.877 7.062
	0.676 7.062
	0.476 7.062
	0.275 7.062
	0.074 7.062
	-0.126 7.062
	-0.327 7.062
	-0.528 7.062
	-0.728 7.062
	-0.929 7.062
	-1.129 7.062
	-1.33 7.062
	-1.531 7.062
	-1.731 7.062
	-1.932 7.062
	-2.133 7.062
	-2.333 7.062
	-2.534 7.062
	-2.735 7.062
	-2.935 7.062
	-3.136 7.062
	-3.337 7.062
	-3.537 7.062
	-3.738 7.062
	-3.939 7.062
	-4.139 7.062
	-4.34 7.062
	-4.54 7.062
	-4.741 7.062
	-4.942 7.062
	-5.142 7.062
	-5.343 7.062
	-5.544 7.062
	-5.744 7.062
	-5.945 7.062
	-6.146 7.062
	-6.346 7.062
	-6.547 7.062
	-6.748 7.062
	-6.948 7.062
	-7.149 7.062
	-7.349 7.062
	-7.55 7.062
	-7.751 7.062
	-7.951 7.062
	-8.152 7.062
	-8.353 7.062
	-8.553 7.062
	-8.754 7.062
	-8.955 7.062
	-9.155 7.062
	-9.356 7.062
	-9.557 7.062
	-9.757 7.062
	-9.958 7.062
	-10.159 7.062
	-10.359 7.062
	-10.56 7.062
	-10.76 7.062
	-10.961 7.062
	-11.162 7.062
	-11.362 7.062
	-11.563 7.062
	-11.764 7.062
	-11.964 7.062
	-12.165 7.062
	-12.27 7.062
	-12.27 6.957

	-3.30723 0.381471
	-3.38528 -0.216924
	-3.61645 -0.774617
	-3.98398 -1.25501
	-4.46438 -1.62255
	-5.02164 -1.85353
	-5.61853 -1.93177
	-6.21692 -1.85372
	-6.77462 -1.62255
	-7.25502 -1.25501
	-7.62255 -0.774618
	-7.85372 -0.216926
	-7.93177 0.381471
	-7.85353 0.978365
	-7.62255 1.53562
	-7.25502 2.01601
	-6.77462 2.38355
	-6.21692 2.61472
	-5.61853 2.69277
	-5.02164 2.61453
	-4.46438 2.38355
	-3.98398 2.01601
	-3.61645 1.53562
	-3.38547 0.978363
	-3.30723 0.381471

	-9.87 4.549
	-9.87 4.348
	-9.87 4.148
	-9.87 3.947
	-9.87 3.747
	-9.87 3.546
	-9.87 3.345
	-9.87 3.145
	-9.87 2.944
	-9.87 2.743
	-9.87 2.543
	-9.87 2.38134
	-9.71942 2.74461
	-8.96704 3.72804
	-7.98361 4.48042
	-7.54555 4.662
	-7.55 4.662
	-7.751 4.662
	-7.951 4.662
	-8.152 4.662
	-8.353 4.662
	-8.553 4.662
	-8.754 4.662
	-8.955 4.662
	-9.155 4.662
	-9.356 4.662
	-9.557 4.662
	-9.757 4.662
	-9.87 4.662
	-9.87 4.549

	-9.87 -1.671
	-9.87 -1.872
	-9.87 -2.072
	-9.87 -2.273
	-9.87 -2.474
	-9.87 -2.674
	-9.87 -2.875
	-9.87 -3.075
	-9.87 -3.276
	-9.87 -3.477
	-9.87 -3.677
	-9.87 -3.878
	-9.87 -3.901
	-9.868 -3.901
	-9.667 -3.901
	-9.466 -3.901
	-9.266 -3.901
	-9.065 -3.901
	-8.865 -3.901
	-8.664 -3.901
	-8.463 -3.901
	-8.263 -3.901
	-8.062 -3.901
	-7.861 -3.901
	-7.661 -3.901
	-7.54556 -3.901
	-7.98361 -3.71942
	-8.96704 -2.96704
	-9.71942 -1.98361
	-9.87 -1.62034
	-9.87 -1.671

	-3.648 -3.901
	-3.447 -3.901
	-3.246 -3.901
	-3.046 -3.901
	-2.845 -3.901
	-2.645 -3.901
	-2.444 -3.901
	-2.243 -3.901
	-2.043 -3.901
	-1.842 -3.901
	-1.641 -3.901
	-1.441 -3.901
	-1.328 -3.901
	-1.328 -3.788
	-1.328 -3.587
	-1.328 -3.387
	-1.328 -3.186
	-1.328 -2.985
	-1.328 -2.785
	-1.328 -2.584
	-1.328 -2.383
	-1.328 -2.183
	-1.328 -1.982
	-1.328 -1.781
	-1.328 -1.581
	-1.328 -1.52143
	-1.51957 -1.9836
	-2.27196 -2.96704
	-3.2554 -3.71943
	-3.69344 -3.901
	-3.648 -3.901

	-1.328 2.432
	-1.328 2.633
	-1.328 2.833
	-1.328 3.034
	-1.328 3.235
	-1.328 3.435
	-1.328 3.636
	-1.328 3.837
	-1.328 4.037
	-1.328 4.238
	-1.328 4.439
	-1.328 4.639
	-1.328 4.662
	-1.33 4.662
	-1.531 4.662
	-1.731 4.662
	-1.932 4.662
	-2.133 4.662
	-2.333 4.662
	-2.534 4.662
	-2.735 4.662
	-2.935 4.662
	-3.136 4.662
	-3.337 4.662
	-3.537 4.662
	-3.69345 4.662
	-3.2554 4.48043
	-2.27196 3.72804
	-1.51957 2.7446
	-1.328 2.28243
	-1.328 2.432

-5
	-12.27 6.957
	-12.27 6.756
	-12.27 6.556
	-12.27 6.355
	-12.27 6.154
	-12.27 5.954
	-12.27 5.753
	-12.27 5.552
	-12.27 5.352
	-12.27 5.151
	-12.27 4.95
	-12.27 4.75
	-12.27 4.549
	-12.27 4.348
	-12.27 4.148
	-12.27 3.947
	-12.27 3.747
	-12.27 3.546
	-12.27 3.345
	-12.27 3.145
	-12.27 2.944
	-12.27 2.743
	-12.27 2.543
	-12.27 2.342
	-12.27 2.141
	-12.27 1.941
	-12.27 1.74
	-12.27 1.539
	-12.27 1.339
	-12.27 1.138
	-12.27 0.937
	-12.27 0.737
	-12.27 0.536
	-12.27 0.336
	-12.27 0.135
	-12.27 -0.066
	-12.27 -0.266
	-12.27 -0.467
	-12.27 -0.668
	-12.27 -0.868
	-12.27 -1.069
	-12.27 -1.27
	-12.27 -1.47
	-12.27 -1.671
	-12.27 -1.872
	-12.27 -2.072
	-12.27 -2.273
	-12.27 -2.474
	-12.27 -2.674
	-12.27 -2.875
	-12.27 -3.075
	-12.27 -3.276
	-12.27 -3.477
	-12.27 -3.677
	-12.27 -3.878
	-12.27 -4.079
	-12.27 -4.279
	-12.27 -4.48
	-12.27 -4.681
	-12.27 -4.881
	-12.27 -5.082
	-12.27 -5.283
	-12.27 -5.483
	-12.27 -5.684
	-12.27 -5.884
	-12.27 -6.085
	-12.27 -6.286
	-12.27 -6.301
	-12.075 -6.301
	-11.874 -6.301
	-11.674 -6.301
	-11.473 -6.301
	-11.272 -6.301
	-11.072 -6.301
	-10.871 -6.301
	-10.67 -6.301
	-10.47 -6.301
	-10.269 -6.301
	-10.068 -6.301
	-9.868 -6.301
	-9.667 -6.301
	-9.466 -6.301
	-9.266 -6.301
	-9.065 -6.301
	-8.865 -6.301
	-8.664 -6.301
	-8.463 -6.301
	-8.263 -6.301
	-8.062 -6.301
	-7.861 -6.301
	-7.661 -6.301
	-7.46 -6.301
	-7.259 -6.301
	-7.059 -6.301
	-6.858 -6.301
	-6.657 -6.301
	-6.457 -6.301
	-6.256 -6.301
	-6.056 -6.301
	-5.855 -6.301
	-5.654 -6.301
	-5.454 -6.301
	-5.253 -6.301
	-5.052 -6.301
	-4.852 -6.301
	-4.651 -6.301
	-4.45 -6.301
	-4.25 -6.301
	-4.049 -6.301
	-3.848 -6.301
	-3.648 -6.301
	-3.447 -6.301
	-3.246 -6.301
	-3.046 -6.301
	-2.845 -6.301
	-2.645 -6.301
	-2.444 -6.301
	-2.243 -6.301
	-2.043 -6.301
	-1.842 -6.301
	-1.641 -6.301
	-1.441 -6.301
	-1.24 -6.301
	-1.039 -6.301
	-0.839 -6.301
	-0.638 -6.301
	-0.437 -6.301
	-0.237 -6.301
	-0.036 -6.301
	0.164 -6.301
	0.365 -6.301
	0.566 -6.301
	0.766 -6.301
	0.967 -6.301
	1.072 -6.301
	1.072 -6.196
	1.072 -5.995
	1.072 -5.794
	1.072 -5.594
	1.072 -5.393
	1.072 -5.192
	1.072 -4.992
	1.072 -4.791
	1.072 -4.591
	1.072 -4.39
	1.072 -4.189
	1.072 -3.989
	1.072 -3.788
	1.072 -3.587
	1.072 -3.387
	1.072 -3.186
	1.072 -2.985
	1.072 -2.785
	1.072 -2.584
	1.072 -2.383
	1.072 -2.183
	1.072 -1.982
	1.072 -1.781
	1.072 -1.581
	1.072 -1.38
	1.072 -1.18
	1.072 -0.979
	1.072 -0.778
	1.072 -0.578
	1.072 -0.377
	1.072 -0.176
	1.072 0.024
	1.072 0.225
	1.072 0.426
	1.072 0.626
	1.072 0.827
	1.072 1.028
	1.072 1.228
	1.072 1.429
	1.072 1.629
	1.072 1.83
	1.072 2.031
	1.072 2.231
	1.072 2.432
	1.072 2.633
	1.072 2.833
	1.072 3.034
	1.072 3.235
	1.072 3.435
	1.072 3.636
	1.072 3.837
	1.072 4.037
	1.072 4.238
	1.072 4.439
	1.072 4.639
	1.072 4.84
	1.072 5.04
	1.072 5.241
	1.072 5.442
	1.072 5.642
	1.072 5.843
	1.072 6.044
	1.072 6.244
	1.072 6.445
	1.072 6.646
	1.072 6.846
	1.072 7.047
	1.072 7.062
	0.877 7.062
	0.676 7.062
	0.476 7.062
	0.275 7.062
	0.074 7.062
	-0.126 7.062
	-0.327 7.062
	-0.528 7.062
	-0.728 7.062
	-0.929 7.062
	-1.129 7.062
	-1.33 7.062
	-1.531 7.062
	-1.731 7.062
	-1.932 7.062
	-2.133 7.062
	-2.333 7.062
	-2.534 7.062
	-2.735 7.062
	-2.935 7.062
	-3.136 7.062
	-3.337 7.062
	-3.537 7.062
	-3.738 7.062
	-3.939 7.062
	-4.139 7.062
	-4.34 7.062
	-4.54 7.062
	-4.741 7.062
	-4.942 7.062
	-5.142 7.062
	-5.343 7.062
	-5.544 7.062
	-5.744 7.062
	-5.945 7.062
	-6.146 7.062
	-6.346 7.062
	-6.547 7.062
	-6.748 7.062
	-6.948 7.062
	-7.149 7.062
	-7.349 7.062
	-7.55 7.062
	-7.751 7.062
	-7.951 7.062
	-8.152 7.062
	-8.353 7.062
	-8.553 7.062
	-8.754 7.062
	-8.955 7.062
	-9.155 7.062
	-9.356 7.062
	-9.557 7.062
	-9.757 7.062
	-9.958 7.062
	-10.159 7.062
	-10.359 7.062
	-10.56 7.062
	-10.76 7.062
	-10.961 7.062
	-11.162 7.062
	-11.362 7.062
	-11.563 7.062
	-11.764 7.062
	-11.964 7.062
	-12.165 7.062
	-12.27 7.062
	-12.27 6.957

	-3.3764 0.381516
	-3.47488 -0.280144
	-3.76525 -0.882501
	-4.22014 -1.37452
	-4.80189 -1.70873
	-5.45154 -1.85651
	-6.11702 -1.80722
	-6.74134 -1.56305
	-7.26444 -1.14519
	-7.64047 -0.593481
	-7.838 0.0454087
	-7.838 0.715591
	-7.64047 1.35448
	-7.26444 1.90619
	-6.74134 2.32405
	-6.11702 2.56822
	-5.45154 2.61751
	-4.80189 2.46973
	-4.22014 2.13552
	-3.76525 1.6435
	-3.47511 1.04161
	-3.3764 0.381516

	-9.87 4.549
	-9.87 4.348
	-9.87 4.148
	-9.87 3.947
	-9.87 3.747
	-9.87 3.546
	-9.87 3.345
	-9.87 3.145
	-9.87 2.944
	-9.87 2.743
	-9.87 2.543
	-9.87 2.342
	-9.87 2.26839
	-9.82682 2.40805
	-9.04435 3.5561
	-7.95468 4.42654
	-7.35263 4.662
	-7.55 4.662
	-7.751 4.662
	-7.951 4.662
	-8.152 4.662
	-8.353 4.662
	-8.553 4.662
	-8.754 4.662
	-8.955 4.662
	-9.155 4.662
	-9.356 4.662
	-9.557 4.662
	-9.757 4.662
	-9.87 4.662
	-9.87 4.549

	-9.87 -1.671
	-9.87 -1.872
	-9.87 -2.072
	-9.87 -2.273
	-9.87 -2.474
	-9.87 -2.674
	-9.87 -2.875
	-9.87 -3.075
	-9.87 -3.276
	-9.87 -3.477
	-9.87 -3.677
	-9.87 -3.878
	-9.87 -3.901
	-9.868 -3.901
	-9.667 -3.901
	-9.466 -3.901
	-9.266 -3.901
	-9.065 -3.901
	-8.865 -3.901
	-8.664 -3.901
	-8.463 -3.901
	-8.263 -3.901
	-8.062 -3.901
	-7.861 -3.901
	-7.661 -3.901
	-7.46 -3.901
	-7.35263 -3.901
	-7.95468 -3.66554
	-9.04435 -2.7951
	-9.82682 -1.64705
	-9.87 -1.50739
	-9.87 -1.671

	-3.648 -3.901
	-3.447 -3.901
	-3.246 -3.901
	-3.046 -3.901
	-2.845 -3.901
	-2.645 -3.901
	-2.444 -3.901
	-2.243 -3.901
	-2.043 -3.901
	-1.842 -3.901
	-1.641 -3.901
	-1.441 -3.901
	-1.328 -3.901
	-1.328 -3.788
	-1.328 -3.587
	-1.328 -3.387
	-1.328 -3.186
	-1.328 -2.985
	-1.328 -2.785
	-1.328 -2.584
	-1.328 -2.383
	-1.328 -2.183
	-1.328 -1.982
	-1.328 -1.781
	-1.328 -1.581
	-1.328 -1.38
	-1.328 -1.35351
	-1.75924 -2.2481
	-2.70675 -3.27296
	-3.8 -3.901
	-3.648 -3.901

	-1.328 2.231
	-1.328 2.432
	-1.328 2.633
	-1.328 2.833
	-1.328 3.034
	-1.328 3.235
	-1.328 3.435
	-1.328 3.636
	-1.328 3.837
	-1.328 4.037
	-1.328 4.238
	-1.328 4.439
	-1.328 4.639
	-1.328 4.662
	-1.33 4.662
	-1.531 4.662
	-1.731 4.662
	-1.932 4.662
	-2.133 4.662
	-2.333 4.662
	-2.534 4.662
	-2.735 4.662
	-2.935 4.662
	-3.136 4.662
	-3.337 4.662
	-3.537 4.662
	-3.738 4.662
	-3.8 4.662
	-2.70675 4.03396
	-1.75924 3.0091
	-1.328 2.11451
	-1.328 2.231

