-11.5
	1.072 -6.196
	1.072 -5.995
	1.072 -5.794
	1.072 -5.594
	1.072 -5.393
	1.072 -5.192
	1.072 -4.992
	1.072 -4.791
	1.072 -4.591
	1.072 -4.39
	1.072 -4.189
	1.072 -3.989
	1.072 -3.788
	1.072 -3.587
	1.072 -3.387
	1.072 -3.186
	1.072 -2.985
	1.072 -2.785
	1.072 -2.584
	1.072 -2.383
	1.072 -2.183
	1.072 -1.982
	1.072 -1.781
	1.072 -1.581
	1.072 -1.38
	1.072 -1.18
	1.072 -0.979
	1.072 -0.778
	1.072 -0.578
	1.072 -0.377
	1.072 -0.176
	1.072 0.024
	1.072 0.225
	1.072 0.426
	1.072 0.626
	1.072 0.827
	1.072 1.028
	1.072 1.228
	1.072 1.429
	1.072 1.629
	1.072 1.83
	1.072 2.031
	1.072 2.231
	1.072 2.432
	1.072 2.633
	1.072 2.833
	1.072 3.034
	1.072 3.235
	1.072 3.435
	1.072 3.636
	1.072 3.837
	1.072 4.037
	1.072 4.238
	1.072 4.439
	1.072 4.639
	1.072 4.84
	1.072 5.04
	1.072 5.241
	1.072 5.442
	1.072 5.642
	1.072 5.843
	1.072 6.044
	1.072 6.244
	1.072 6.445
	1.072 6.646
	1.072 6.846
	1.072 7.047
	1.072 7.062
	0.877 7.062
	0.676 7.062
	0.476 7.062
	0.275 7.062
	0.074 7.062
	-0.126 7.062
	-0.327 7.062
	-0.528 7.062
	-0.728 7.062
	-0.929 7.062
	-1.129 7.062
	-1.33 7.062
	-1.531 7.062
	-1.731 7.062
	-1.932 7.062
	-2.133 7.062
	-2.333 7.062
	-2.534 7.062
	-2.735 7.062
	-2.935 7.062
	-3.136 7.062
	-3.337 7.062
	-3.537 7.062
	-3.738 7.062
	-3.939 7.062
	-4.139 7.062
	-4.34 7.062
	-4.54 7.062
	-4.741 7.062
	-4.942 7.062
	-5.142 7.062
	-5.343 7.062
	-5.544 7.062
	-5.744 7.062
	-5.945 7.062
	-6.146 7.062
	-6.346 7.062
	-6.547 7.062
	-6.748 7.062
	-6.948 7.062
	-7.149 7.062
	-7.349 7.062
	-7.55 7.062
	-7.751 7.062
	-7.951 7.062
	-8.152 7.062
	-8.353 7.062
	-8.553 7.062
	-8.754 7.062
	-8.955 7.062
	-9.155 7.062
	-9.356 7.062
	-9.557 7.062
	-9.757 7.062
	-9.958 7.062
	-10.159 7.062
	-10.359 7.062
	-10.56 7.062
	-10.76 7.062
	-10.961 7.062
	-11.162 7.062
	-11.362 7.062
	-11.563 7.062
	-11.764 7.062
	-11.964 7.062
	-12.165 7.062
	-12.27 7.062
	-12.27 6.957
	-12.27 6.756
	-12.27 6.556
	-12.27 6.355
	-12.27 6.154
	-12.27 5.954
	-12.27 5.753
	-12.27 5.552
	-12.27 5.352
	-12.27 5.151
	-12.27 4.95
	-12.27 4.75
	-12.27 4.549
	-12.27 4.348
	-12.27 4.148
	-12.27 3.947
	-12.27 3.747
	-12.27 3.546
	-12.27 3.345
	-12.27 3.145
	-12.27 2.944
	-12.27 2.743
	-12.27 2.543
	-12.27 2.342
	-12.27 2.141
	-12.27 1.941
	-12.27 1.74
	-12.27 1.539
	-12.27 1.339
	-12.27 1.138
	-12.27 0.937
	-12.27 0.737
	-12.27 0.536
	-12.27 0.336
	-12.27 0.135
	-12.27 -0.066
	-12.27 -0.266
	-12.27 -0.467
	-12.27 -0.668
	-12.27 -0.868
	-12.27 -1.069
	-12.27 -1.27
	-12.27 -1.47
	-12.27 -1.671
	-12.27 -1.872
	-12.27 -2.072
	-12.27 -2.273
	-12.27 -2.474
	-12.27 -2.674
	-12.27 -2.875
	-12.27 -3.075
	-12.27 -3.276
	-12.27 -3.477
	-12.27 -3.677
	-12.27 -3.878
	-12.27 -4.079
	-12.27 -4.279
	-12.27 -4.48
	-12.27 -4.681
	-12.27 -4.881
	-12.27 -5.082
	-12.27 -5.283
	-12.27 -5.483
	-12.27 -5.684
	-12.27 -5.884
	-12.27 -6.085
	-12.27 -6.286
	-12.27 -6.301
	-12.075 -6.301
	-11.874 -6.301
	-11.674 -6.301
	-11.473 -6.301
	-11.272 -6.301
	-11.072 -6.301
	-10.871 -6.301
	-10.67 -6.301
	-10.47 -6.301
	-10.269 -6.301
	-10.068 -6.301
	-9.868 -6.301
	-9.667 -6.301
	-9.466 -6.301
	-9.266 -6.301
	-9.065 -6.301
	-8.865 -6.301
	-8.664 -6.301
	-8.463 -6.301
	-8.263 -6.301
	-8.062 -6.301
	-7.861 -6.301
	-7.661 -6.301
	-7.46 -6.301
	-7.259 -6.301
	-7.059 -6.301
	-6.858 -6.301
	-6.657 -6.301
	-6.457 -6.301
	-6.256 -6.301
	-6.056 -6.301
	-5.855 -6.301
	-5.654 -6.301
	-5.454 -6.301
	-5.253 -6.301
	-5.052 -6.301
	-4.852 -6.301
	-4.651 -6.301
	-4.45 -6.301
	-4.25 -6.301
	-4.049 -6.301
	-3.848 -6.301
	-3.648 -6.301
	-3.447 -6.301
	-3.246 -6.301
	-3.046 -6.301
	-2.845 -6.301
	-2.645 -6.301
	-2.444 -6.301
	-2.243 -6.301
	-2.043 -6.301
	-1.842 -6.301
	-1.641 -6.301
	-1.441 -6.301
	-1.24 -6.301
	-1.039 -6.301
	-0.839 -6.301
	-0.638 -6.301
	-0.437 -6.301
	-0.237 -6.301
	-0.036 -6.301
	0.164 -6.301
	0.365 -6.301
	0.566 -6.301
	0.766 -6.301
	0.967 -6.301
	1.072 -6.301
	1.072 -6.196

	-2.445 0.38123
	-2.46956 -0.00800185
	-2.54012 -0.393176
	-2.66054 -0.767836
	-2.82245 -1.11989
	-3.02685 -1.4511
	-3.27308 -1.75841
	-3.55497 -2.03077
	-3.86491 -2.26511
	-4.20467 -2.46172
	-4.56697 -2.61427
	-4.93996 -2.71976
	-5.32582 -2.78058
	-5.71856 -2.79202
	-6.10647 -2.75607
	-6.48698 -2.67277
	-6.85684 -2.54313
	-7.20754 -2.36778
	-7.53354 -2.15171
	-7.82895 -1.89796
	-8.09201 -1.61029
	-8.31901 -1.28983
	-8.50413 -0.944398
	-8.64323 -0.58348
	-8.74019 -0.20515
	-8.788 0.186874
	-8.788 0.574126
	-8.74019 0.96615
	-8.64323 1.34448
	-8.50475 1.70379
	-8.32 2.05043
	-8.09201 2.37229
	-7.82895 2.65996
	-7.53123 2.9157
	-7.20481 3.13015
	-6.85684 3.30413
	-6.48698 3.43377
	-6.10647 3.51707
	-5.71856 3.55302
	-5.32582 3.54158
	-4.93996 3.48076
	-4.56697 3.37527
	-4.20467 3.22272
	-3.86491 3.02611
	-3.55497 2.79177
	-3.27308 2.51941
	-3.02685 2.2121
	-2.82245 1.88089
	-2.66054 1.52884
	-2.54012 1.15418
	-2.46961 0.769229
	-2.445 0.38123

	-1.328 -3.788
	-1.328 -3.587
	-1.328 -3.387
	-1.328 -3.186
	-1.328 -3.16907
	-1.49562 -3.37826
	-1.99171 -3.8576
	-2.04911 -3.901
	-2.043 -3.901
	-1.842 -3.901
	-1.641 -3.901
	-1.441 -3.901
	-1.328 -3.901
	-1.328 -3.788

	-1.328 4.037
	-1.328 4.238
	-1.328 4.439
	-1.328 4.639
	-1.328 4.662
	-1.33 4.662
	-1.531 4.662
	-1.731 4.662
	-1.932 4.662
	-2.04911 4.662
	-1.99171 4.6186
	-1.49562 4.13926
	-1.328 3.93007
	-1.328 4.037

	-9.356 4.662
	-9.557 4.662
	-9.757 4.662
	-9.87 4.662
	-9.87 4.549
	-9.87 4.348
	-9.87 4.148
	-9.87 3.98439
	-9.50246 4.38631
	-9.18151 4.662
	-9.356 4.662

	-9.87 -3.276
	-9.87 -3.477
	-9.87 -3.677
	-9.87 -3.878
	-9.87 -3.901
	-9.868 -3.901
	-9.667 -3.901
	-9.466 -3.901
	-9.266 -3.901
	-9.18034 -3.901
	-9.50246 -3.62431
	-9.87 -3.22239
	-9.87 -3.276

-11
	1.072 -6.196
	1.072 -5.995
	1.072 -5.794
	1.072 -5.594
	1.072 -5.393
	1.072 -5.192
	1.072 -4.992
	1.072 -4.791
	1.072 -4.591
	1.072 -4.39
	1.072 -4.189
	1.072 -3.989
	1.072 -3.788
	1.072 -3.587
	1.072 -3.387
	1.072 -3.186
	1.072 -2.985
	1.072 -2.785
	1.072 -2.584
	1.072 -2.383
	1.072 -2.183
	1.072 -1.982
	1.072 -1.781
	1.072 -1.581
	1.072 -1.38
	1.072 -1.18
	1.072 -0.979
	1.072 -0.778
	1.072 -0.578
	1.072 -0.377
	1.072 -0.176
	1.072 0.024
	1.072 0.225
	1.072 0.426
	1.072 0.626
	1.072 0.827
	1.072 1.028
	1.072 1.228
	1.072 1.429
	1.072 1.629
	1.072 1.83
	1.072 2.031
	1.072 2.231
	1.072 2.432
	1.072 2.633
	1.072 2.833
	1.072 3.034
	1.072 3.235
	1.072 3.435
	1.072 3.636
	1.072 3.837
	1.072 4.037
	1.072 4.238
	1.072 4.439
	1.072 4.639
	1.072 4.84
	1.072 5.04
	1.072 5.241
	1.072 5.442
	1.072 5.642
	1.072 5.843
	1.072 6.044
	1.072 6.244
	1.072 6.445
	1.072 6.646
	1.072 6.846
	1.072 7.047
	1.072 7.062
	0.877 7.062
	0.676 7.062
	0.476 7.062
	0.275 7.062
	0.074 7.062
	-0.126 7.062
	-0.327 7.062
	-0.528 7.062
	-0.728 7.062
	-0.929 7.062
	-1.129 7.062
	-1.33 7.062
	-1.531 7.062
	-1.731 7.062
	-1.932 7.062
	-2.133 7.062
	-2.333 7.062
	-2.534 7.062
	-2.735 7.062
	-2.935 7.062
	-3.136 7.062
	-3.337 7.062
	-3.537 7.062
	-3.738 7.062
	-3.939 7.062
	-4.139 7.062
	-4.34 7.062
	-4.54 7.062
	-4.741 7.062
	-4.942 7.062
	-5.142 7.062
	-5.343 7.062
	-5.544 7.062
	-5.744 7.062
	-5.945 7.062
	-6.146 7.062
	-6.346 7.062
	-6.547 7.062
	-6.748 7.062
	-6.948 7.062
	-7.149 7.062
	-7.349 7.062
	-7.55 7.062
	-7.751 7.062
	-7.951 7.062
	-8.152 7.062
	-8.353 7.062
	-8.553 7.062
	-8.754 7.062
	-8.955 7.062
	-9.155 7.062
	-9.356 7.062
	-9.557 7.062
	-9.757 7.062
	-9.958 7.062
	-10.159 7.062
	-10.359 7.062
	-10.56 7.062
	-10.76 7.062
	-10.961 7.062
	-11.162 7.062
	-11.362 7.062
	-11.563 7.062
	-11.764 7.062
	-11.964 7.062
	-12.165 7.062
	-12.27 7.062
	-12.27 6.957
	-12.27 6.756
	-12.27 6.556
	-12.27 6.355
	-12.27 6.154
	-12.27 5.954
	-12.27 5.753
	-12.27 5.552
	-12.27 5.352
	-12.27 5.151
	-12.27 4.95
	-12.27 4.75
	-12.27 4.549
	-12.27 4.348
	-12.27 4.148
	-12.27 3.947
	-12.27 3.747
	-12.27 3.546
	-12.27 3.345
	-12.27 3.145
	-12.27 2.944
	-12.27 2.743
	-12.27 2.543
	-12.27 2.342
	-12.27 2.141
	-12.27 1.941
	-12.27 1.74
	-12.27 1.539
	-12.27 1.339
	-12.27 1.138
	-12.27 0.937
	-12.27 0.737
	-12.27 0.536
	-12.27 0.336
	-12.27 0.135
	-12.27 -0.066
	-12.27 -0.266
	-12.27 -0.467
	-12.27 -0.668
	-12.27 -0.868
	-12.27 -1.069
	-12.27 -1.27
	-12.27 -1.47
	-12.27 -1.671
	-12.27 -1.872
	-12.27 -2.072
	-12.27 -2.273
	-12.27 -2.474
	-12.27 -2.674
	-12.27 -2.875
	-12.27 -3.075
	-12.27 -3.276
	-12.27 -3.477
	-12.27 -3.677
	-12.27 -3.878
	-12.27 -4.079
	-12.27 -4.279
	-12.27 -4.48
	-12.27 -4.681
	-12.27 -4.881
	-12.27 -5.082
	-12.27 -5.283
	-12.27 -5.483
	-12.27 -5.684
	-12.27 -5.884
	-12.27 -6.085
	-12.27 -6.286
	-12.27 -6.301
	-12.075 -6.301
	-11.874 -6.301
	-11.674 -6.301
	-11.473 -6.301
	-11.272 -6.301
	-11.072 -6.301
	-10.871 -6.301
	-10.67 -6.301
	-10.47 -6.301
	-10.269 -6.301
	-10.068 -6.301
	-9.868 -6.301
	-9.667 -6.301
	-9.466 -6.301
	-9.266 -6.301
	-9.065 -6.301
	-8.865 -6.301
	-8.664 -6.301
	-8.463 -6.301
	-8.263 -6.301
	-8.062 -6.301
	-7.861 -6.301
	-7.661 -6.301
	-7.46 -6.301
	-7.259 -6.301
	-7.059 -6.301
	-6.858 -6.301
	-6.657 -6.301
	-6.457 -6.301
	-6.256 -6.301
	-6.056 -6.301
	-5.855 -6.301
	-5.654 -6.301
	-5.454 -6.301
	-5.253 -6.301
	-5.052 -6.301
	-4.852 -6.301
	-4.651 -6.301
	-4.45 -6.301
	-4.25 -6.301
	-4.049 -6.301
	-3.848 -6.301
	-3.648 -6.301
	-3.447 -6.301
	-3.246 -6.301
	-3.046 -6.301
	-2.845 -6.301
	-2.645 -6.301
	-2.444 -6.301
	-2.243 -6.301
	-2.043 -6.301
	-1.842 -6.301
	-1.641 -6.301
	-1.441 -6.301
	-1.24 -6.301
	-1.039 -6.301
	-0.839 -6.301
	-0.638 -6.301
	-0.437 -6.301
	-0.237 -6.301
	-0.036 -6.301
	0.164 -6.301
	0.365 -6.301
	0.566 -6.301
	0.766 -6.301
	0.967 -6.301
	1.072 -6.301
	1.072 -6.196

	-2.51797 0.381233
	-2.54311 -0.0151095
	-2.61863 -0.404353
	-2.74304 -0.781472
	-2.91622 -1.14145
	-3.13378 -1.47557
	-3.39174 -1.77813
	-3.68636 -2.04561
	-4.01347 -2.27342
	-4.36384 -2.45538
	-4.734 -2.59226
	-5.12171 -2.68144
	-5.52021 -2.72051
	-5.92012 -2.70685
	-6.30903 -2.64331
	-6.69032 -2.53106
	-7.05462 -2.36936
	-7.39472 -2.16336
	-7.70402 -1.91592
	-7.98133 -1.63086
	-8.21893 -1.31145
	-8.41388 -0.965955
	-8.56334 -0.59715
	-8.6645 -0.211991
	-8.715 0.182332
	-8.715 0.578668
	-8.6645 0.972991
	-8.56334 1.35815
	-8.41388 1.72695
	-8.21893 2.07245
	-7.98133 2.39186
	-7.70402 2.67692
	-7.39472 2.92436
	-7.05462 3.13036
	-6.69032 3.29206
	-6.30903 3.40431
	-5.92012 3.46785
	-5.52021 3.48151
	-5.12171 3.44244
	-4.73737 3.35404
	-4.36384 3.21785
	-4.01078 3.03255
	-3.68636 2.80661
	-3.39174 2.53913
	-3.13378 2.23657
	-2.91709 1.90379
	-2.74304 1.54395
	-2.61841 1.16422
	-2.54315 0.776338
	-2.51797 0.381233

	-1.328 -3.788
	-1.328 -3.587
	-1.328 -3.387
	-1.328 -3.186
	-1.328 -3.05675
	-1.66492 -3.45193
	-2.15954 -3.901
	-2.043 -3.901
	-1.842 -3.901
	-1.641 -3.901
	-1.441 -3.901
	-1.328 -3.901
	-1.328 -3.788

	-1.328 3.837
	-1.328 4.037
	-1.328 4.238
	-1.328 4.439
	-1.328 4.639
	-1.328 4.662
	-1.33 4.662
	-1.531 4.662
	-1.731 4.662
	-1.932 4.662
	-2.133 4.662
	-2.15954 4.662
	-1.66492 4.21293
	-1.328 3.81775
	-1.328 3.837

	-9.155 4.662
	-9.356 4.662
	-9.557 4.662
	-9.757 4.662
	-9.87 4.662
	-9.87 4.549
	-9.87 4.348
	-9.87 4.148
	-9.87 3.947
	-9.87 3.874
	-9.81225 3.95163
	-9.32005 4.45759
	-9.06455 4.662
	-9.155 4.662

	-9.87 -3.276
	-9.87 -3.477
	-9.87 -3.677
	-9.87 -3.878
	-9.87 -3.901
	-9.868 -3.901
	-9.667 -3.901
	-9.466 -3.901
	-9.266 -3.901
	-9.065 -3.901
	-9.06455 -3.901
	-9.32005 -3.69659
	-9.81225 -3.19063
	-9.87 -3.113
	-9.87 -3.276

-10.5
	1.072 -6.196
	1.072 -5.995
	1.072 -5.794
	1.072 -5.594
	1.072 -5.393
	1.072 -5.192
	1.072 -4.992
	1.072 -4.791
	1.072 -4.591
	1.072 -4.39
	1.072 -4.189
	1.072 -3.989
	1.072 -3.788
	1.072 -3.587
	1.072 -3.387
	1.072 -3.186
	1.072 -2.985
	1.072 -2.785
	1.072 -2.584
	1.072 -2.383
	1.072 -2.183
	1.072 -1.982
	1.072 -1.781
	1.072 -1.581
	1.072 -1.38
	1.072 -1.18
	1.072 -0.979
	1.072 -0.778
	1.072 -0.578
	1.072 -0.377
	1.072 -0.176
	1.072 0.024
	1.072 0.225
	1.072 0.426
	1.072 0.626
	1.072 0.827
	1.072 1.028
	1.072 1.228
	1.072 1.429
	1.072 1.629
	1.072 1.83
	1.072 2.031
	1.072 2.231
	1.072 2.432
	1.072 2.633
	1.072 2.833
	1.072 3.034
	1.072 3.235
	1.072 3.435
	1.072 3.636
	1.072 3.837
	1.072 4.037
	1.072 4.238
	1.072 4.439
	1.072 4.639
	1.072 4.84
	1.072 5.04
	1.072 5.241
	1.072 5.442
	1.072 5.642
	1.072 5.843
	1.072 6.044
	1.072 6.244
	1.072 6.445
	1.072 6.646
	1.072 6.846
	1.072 7.047
	1.072 7.062
	0.877 7.062
	0.676 7.062
	0.476 7.062
	0.275 7.062
	0.074 7.062
	-0.126 7.062
	-0.327 7.062
	-0.528 7.062
	-0.728 7.062
	-0.929 7.062
	-1.129 7.062
	-1.33 7.062
	-1.531 7.062
	-1.731 7.062
	-1.932 7.062
	-2.133 7.062
	-2.333 7.062
	-2.534 7.062
	-2.735 7.062
	-2.935 7.062
	-3.136 7.062
	-3.337 7.062
	-3.537 7.062
	-3.738 7.062
	-3.939 7.062
	-4.139 7.062
	-4.34 7.062
	-4.54 7.062
	-4.741 7.062
	-4.942 7.062
	-5.142 7.062
	-5.343 7.062
	-5.544 7.062
	-5.744 7.062
	-5.945 7.062
	-6.146 7.062
	-6.346 7.062
	-6.547 7.062
	-6.748 7.062
	-6.948 7.062
	-7.149 7.062
	-7.349 7.062
	-7.55 7.062
	-7.751 7.062
	-7.951 7.062
	-8.152 7.062
	-8.353 7.062
	-8.553 7.062
	-8.754 7.062
	-8.955 7.062
	-9.155 7.062
	-9.356 7.062
	-9.557 7.062
	-9.757 7.062
	-9.958 7.062
	-10.159 7.062
	-10.359 7.062
	-10.56 7.062
	-10.76 7.062
	-10.961 7.062
	-11.162 7.062
	-11.362 7.062
	-11.563 7.062
	-11.764 7.062
	-11.964 7.062
	-12.165 7.062
	-12.27 7.062
	-12.27 6.957
	-12.27 6.756
	-12.27 6.556
	-12.27 6.355
	-12.27 6.154
	-12.27 5.954
	-12.27 5.753
	-12.27 5.552
	-12.27 5.352
	-12.27 5.151
	-12.27 4.95
	-12.27 4.75
	-12.27 4.549
	-12.27 4.348
	-12.27 4.148
	-12.27 3.947
	-12.27 3.747
	-12.27 3.546
	-12.27 3.345
	-12.27 3.145
	-12.27 2.944
	-12.27 2.743
	-12.27 2.543
	-12.27 2.342
	-12.27 2.141
	-12.27 1.941
	-12.27 1.74
	-12.27 1.539
	-12.27 1.339
	-12.27 1.138
	-12.27 0.937
	-12.27 0.737
	-12.27 0.536
	-12.27 0.336
	-12.27 0.135
	-12.27 -0.066
	-12.27 -0.266
	-12.27 -0.467
	-12.27 -0.668
	-12.27 -0.868
	-12.27 -1.069
	-12.27 -1.27
	-12.27 -1.47
	-12.27 -1.671
	-12.27 -1.872
	-12.27 -2.072
	-12.27 -2.273
	-12.27 -2.474
	-12.27 -2.674
	-12.27 -2.875
	-12.27 -3.075
	-12.27 -3.276
	-12.27 -3.477
	-12.27 -3.677
	-12.27 -3.878
	-12.27 -4.079
	-12.27 -4.279
	-12.27 -4.48
	-12.27 -4.681
	-12.27 -4.881
	-12.27 -5.082
	-12.27 -5.283
	-12.27 -5.483
	-12.27 -5.684
	-12.27 -5.884
	-12.27 -6.085
	-12.27 -6.286
	-12.27 -6.301
	-12.075 -6.301
	-11.874 -6.301
	-11.674 -6.301
	-11.473 -6.301
	-11.272 -6.301
	-11.072 -6.301
	-10.871 -6.301
	-10.67 -6.301
	-10.47 -6.301
	-10.269 -6.301
	-10.068 -6.301
	-9.868 -6.301
	-9.667 -6.301
	-9.466 -6.301
	-9.266 -6.301
	-9.065 -6.301
	-8.865 -6.301
	-8.664 -6.301
	-8.463 -6.301
	-8.263 -6.301
	-8.062 -6.301
	-7.861 -6.301
	-7.661 -6.301
	-7.46 -6.301
	-7.259 -6.301
	-7.059 -6.301
	-6.858 -6.301
	-6.657 -6.301
	-6.457 -6.301
	-6.256 -6.301
	-6.056 -6.301
	-5.855 -6.301
	-5.654 -6.301
	-5.454 -6.301
	-5.253 -6.301
	-5.052 -6.301
	-4.852 -6.301
	-4.651 -6.301
	-4.45 -6.301
	-4.25 -6.301
	-4.049 -6.301
	-3.848 -6.301
	-3.648 -6.301
	-3.447 -6.301
	-3.246 -6.301
	-3.046 -6.301
	-2.845 -6.301
	-2.645 -6.301
	-2.444 -6.301
	-2.243 -6.301
	-2.043 -6.301
	-1.842 -6.301
	-1.641 -6.301
	-1.441 -6.301
	-1.24 -6.301
	-1.039 -6.301
	-0.839 -6.301
	-0.638 -6.301
	-0.437 -6.301
	-0.237 -6.301
	-0.036 -6.301
	0.164 -6.301
	0.365 -6.301
	0.566 -6.301
	0.766 -6.301
	0.967 -6.301
	1.072 -6.301
	1.072 -6.196

	-2.58959 0.381243
	-2.61748 -0.0330724
	-2.70321 -0.439809
	-2.84057 -0.82443
	-3.02918 -1.19171
	-3.27037 -1.53257
	-3.55183 -1.83385
	-3.87011 -2.09282
	-4.22305 -2.30895
	-4.6054 -2.4751
	-5.00528 -2.58651
	-5.41352 -2.642
	-5.82548 -2.642
	-6.23372 -2.58651
	-6.6336 -2.4751
	-7.01595 -2.30895
	-7.36889 -2.09282
	-7.68717 -1.83385
	-7.97064 -1.53042
	-8.20832 -1.19172
	-8.39734 -0.827459
	-8.53698 -0.436475
	-8.62003 -0.0330686
	-8.64991 0.381261
	-8.61998 0.794324
	-8.53723 1.19629
	-8.3979 1.58838
	-8.20736 1.95557
	-7.96922 2.29294
	-7.68717 2.59485
	-7.36889 2.85382
	-7.01595 3.06995
	-6.6336 3.2361
	-6.23372 3.34751
	-5.82548 3.403
	-5.41352 3.403
	-5.00528 3.34751
	-4.6054 3.2361
	-4.22305 3.06995
	-3.87011 2.85382
	-3.55183 2.59485
	-3.27179 2.29509
	-3.03013 1.95557
	-2.84002 1.58535
	-2.70296 1.19962
	-2.61753 0.794311
	-2.58959 0.381243

	-1.328 -3.788
	-1.328 -3.587
	-1.328 -3.387
	-1.328 -3.186
	-1.328 -2.985
	-1.328 -2.94255
	-1.40536 -3.05188
	-1.90996 -3.59201
	-2.28971 -3.901
	-2.243 -3.901
	-2.043 -3.901
	-1.842 -3.901
	-1.641 -3.901
	-1.441 -3.901
	-1.328 -3.901
	-1.328 -3.788

	-1.328 3.837
	-1.328 4.037
	-1.328 4.238
	-1.328 4.439
	-1.328 4.639
	-1.328 4.662
	-1.33 4.662
	-1.531 4.662
	-1.731 4.662
	-1.932 4.662
	-2.133 4.662
	-2.28971 4.662
	-1.90996 4.35301
	-1.40906 3.81684
	-1.328 3.70295
	-1.328 3.837

	-8.955 4.662
	-9.155 4.662
	-9.356 4.662
	-9.557 4.662
	-9.757 4.662
	-9.87 4.662
	-9.87 4.549
	-9.87 4.348
	-9.87 4.148
	-9.87 3.947
	-9.87 3.76189
	-9.83517 3.81124
	-9.32904 4.35301
	-8.94929 4.662
	-8.955 4.662

	-9.87 -3.075
	-9.87 -3.276
	-9.87 -3.477
	-9.87 -3.677
	-9.87 -3.878
	-9.87 -3.901
	-9.868 -3.901
	-9.667 -3.901
	-9.466 -3.901
	-9.266 -3.901
	-9.065 -3.901
	-8.94929 -3.901
	-9.32904 -3.59201
	-9.83886 -3.04628
	-9.87 -3.00191
	-9.87 -3.075

-10
	1.072 -6.196
	1.072 -5.995
	1.072 -5.794
	1.072 -5.594
	1.072 -5.393
	1.072 -5.192
	1.072 -4.992
	1.072 -4.791
	1.072 -4.591
	1.072 -4.39
	1.072 -4.189
	1.072 -3.989
	1.072 -3.788
	1.072 -3.587
	1.072 -3.387
	1.072 -3.186
	1.072 -2.985
	1.072 -2.785
	1.072 -2.584
	1.072 -2.383
	1.072 -2.183
	1.072 -1.982
	1.072 -1.781
	1.072 -1.581
	1.072 -1.38
	1.072 -1.18
	1.072 -0.979
	1.072 -0.778
	1.072 -0.578
	1.072 -0.377
	1.072 -0.176
	1.072 0.024
	1.072 0.225
	1.072 0.426
	1.072 0.626
	1.072 0.827
	1.072 1.028
	1.072 1.228
	1.072 1.429
	1.072 1.629
	1.072 1.83
	1.072 2.031
	1.072 2.231
	1.072 2.432
	1.072 2.633
	1.072 2.833
	1.072 3.034
	1.072 3.235
	1.072 3.435
	1.072 3.636
	1.072 3.837
	1.072 4.037
	1.072 4.238
	1.072 4.439
	1.072 4.639
	1.072 4.84
	1.072 5.04
	1.072 5.241
	1.072 5.442
	1.072 5.642
	1.072 5.843
	1.072 6.044
	1.072 6.244
	1.072 6.445
	1.072 6.646
	1.072 6.846
	1.072 7.047
	1.072 7.062
	0.877 7.062
	0.676 7.062
	0.476 7.062
	0.275 7.062
	0.074 7.062
	-0.126 7.062
	-0.327 7.062
	-0.528 7.062
	-0.728 7.062
	-0.929 7.062
	-1.129 7.062
	-1.33 7.062
	-1.531 7.062
	-1.731 7.062
	-1.932 7.062
	-2.133 7.062
	-2.333 7.062
	-2.534 7.062
	-2.735 7.062
	-2.935 7.062
	-3.136 7.062
	-3.337 7.062
	-3.537 7.062
	-3.738 7.062
	-3.939 7.062
	-4.139 7.062
	-4.34 7.062
	-4.54 7.062
	-4.741 7.062
	-4.942 7.062
	-5.142 7.062
	-5.343 7.062
	-5.544 7.062
	-5.744 7.062
	-5.945 7.062
	-6.146 7.062
	-6.346 7.062
	-6.547 7.062
	-6.748 7.062
	-6.948 7.062
	-7.149 7.062
	-7.349 7.062
	-7.55 7.062
	-7.751 7.062
	-7.951 7.062
	-8.152 7.062
	-8.353 7.062
	-8.553 7.062
	-8.754 7.062
	-8.955 7.062
	-9.155 7.062
	-9.356 7.062
	-9.557 7.062
	-9.757 7.062
	-9.958 7.062
	-10.159 7.062
	-10.359 7.062
	-10.56 7.062
	-10.76 7.062
	-10.961 7.062
	-11.162 7.062
	-11.362 7.062
	-11.563 7.062
	-11.764 7.062
	-11.964 7.062
	-12.165 7.062
	-12.27 7.062
	-12.27 6.957
	-12.27 6.756
	-12.27 6.556
	-12.27 6.355
	-12.27 6.154
	-12.27 5.954
	-12.27 5.753
	-12.27 5.552
	-12.27 5.352
	-12.27 5.151
	-12.27 4.95
	-12.27 4.75
	-12.27 4.549
	-12.27 4.348
	-12.27 4.148
	-12.27 3.947
	-12.27 3.747
	-12.27 3.546
	-12.27 3.345
	-12.27 3.145
	-12.27 2.944
	-12.27 2.743
	-12.27 2.543
	-12.27 2.342
	-12.27 2.141
	-12.27 1.941
	-12.27 1.74
	-12.27 1.539
	-12.27 1.339
	-12.27 1.138
	-12.27 0.937
	-12.27 0.737
	-12.27 0.536
	-12.27 0.336
	-12.27 0.135
	-12.27 -0.066
	-12.27 -0.266
	-12.27 -0.467
	-12.27 -0.668
	-12.27 -0.868
	-12.27 -1.069
	-12.27 -1.27
	-12.27 -1.47
	-12.27 -1.671
	-12.27 -1.872
	-12.27 -2.072
	-12.27 -2.273
	-12.27 -2.474
	-12.27 -2.674
	-12.27 -2.875
	-12.27 -3.075
	-12.27 -3.276
	-12.27 -3.477
	-12.27 -3.677
	-12.27 -3.878
	-12.27 -4.079
	-12.27 -4.279
	-12.27 -4.48
	-12.27 -4.681
	-12.27 -4.881
	-12.27 -5.082
	-12.27 -5.283
	-12.27 -5.483
	-12.27 -5.684
	-12.27 -5.884
	-12.27 -6.085
	-12.27 -6.286
	-12.27 -6.301
	-12.075 -6.301
	-11.874 -6.301
	-11.674 -6.301
	-11.473 -6.301
	-11.272 -6.301
	-11.072 -6.301
	-10.871 -6.301
	-10.67 -6.301
	-10.47 -6.301
	-10.269 -6.301
	-10.068 -6.301
	-9.868 -6.301
	-9.667 -6.301
	-9.466 -6.301
	-9.266 -6.301
	-9.065 -6.301
	-8.865 -6.301
	-8.664 -6.301
	-8.463 -6.301
	-8.263 -6.301
	-8.062 -6.301
	-7.861 -6.301
	-7.661 -6.301
	-7.46 -6.301
	-7.259 -6.301
	-7.059 -6.301
	-6.858 -6.301
	-6.657 -6.301
	-6.457 -6.301
	-6.256 -6.301
	-6.056 -6.301
	-5.855 -6.301
	-5.654 -6.301
	-5.454 -6.301
	-5.253 -6.301
	-5.052 -6.301
	-4.852 -6.301
	-4.651 -6.301
	-4.45 -6.301
	-4.25 -6.301
	-4.049 -6.301
	-3.848 -6.301
	-3.648 -6.301
	-3.447 -6.301
	-3.246 -6.301
	-3.046 -6.301
	-2.845 -6.301
	-2.645 -6.301
	-2.444 -6.301
	-2.243 -6.301
	-2.043 -6.301
	-1.842 -6.301
	-1.641 -6.301
	-1.441 -6.301
	-1.24 -6.301
	-1.039 -6.301
	-0.839 -6.301
	-0.638 -6.301
	-0.437 -6.301
	-0.237 -6.301
	-0.036 -6.301
	0.164 -6.301
	0.365 -6.301
	0.566 -6.301
	0.766 -6.301
	0.967 -6.301
	1.072 -6.301
	1.072 -6.196

	-2.66205 0.381263
	-2.69258 -0.0401425
	-2.78163 -0.450951
	-2.92917 -0.848494
	-3.13271 -1.21894
	-3.38393 -1.55525
	-3.68375 -1.85507
	-4.02006 -2.10629
	-4.3905 -2.30983
	-4.78805 -2.45737
	-5.1986 -2.54636
	-5.61874 -2.57695
	-6.04014 -2.54642
	-6.45095 -2.45737
	-6.84849 -2.30983
	-7.21894 -2.10629
	-7.55525 -1.85507
	-7.85507 -1.55525
	-8.10629 -1.21894
	-8.30983 -0.848494
	-8.45737 -0.450952
	-8.54642 -0.0401425
	-8.57695 0.381263
	-8.54636 0.8014
	-8.45737 1.21195
	-8.30983 1.60949
	-8.10629 1.97994
	-7.85507 2.31625
	-7.55525 2.61607
	-7.21894 2.86729
	-6.84849 3.07083
	-6.45095 3.21837
	-6.04014 3.30742
	-5.61874 3.33795
	-5.1986 3.30736
	-4.78805 3.21837
	-4.39051 3.07083
	-4.02006 2.86729
	-3.68375 2.61607
	-3.38393 2.31625
	-3.13271 1.97994
	-2.92917 1.60949
	-2.78163 1.21195
	-2.69264 0.8014
	-2.66205 0.381263

	-1.328 -3.788
	-1.328 -3.587
	-1.328 -3.387
	-1.328 -3.186
	-1.328 -2.985
	-1.328 -2.81329
	-1.56462 -3.13006
	-2.10895 -3.67438
	-2.41233 -3.901
	-2.243 -3.901
	-2.043 -3.901
	-1.842 -3.901
	-1.641 -3.901
	-1.441 -3.901
	-1.328 -3.901
	-1.328 -3.788

	-1.328 3.636
	-1.328 3.837
	-1.328 4.037
	-1.328 4.238
	-1.328 4.439
	-1.328 4.639
	-1.328 4.662
	-1.33 4.662
	-1.531 4.662
	-1.731 4.662
	-1.932 4.662
	-2.133 4.662
	-2.333 4.662
	-2.41233 4.662
	-2.10895 4.43538
	-1.56462 3.89106
	-1.328 3.57429
	-1.328 3.636

	-8.955 4.662
	-9.155 4.662
	-9.356 4.662
	-9.557 4.662
	-9.757 4.662
	-9.87 4.662
	-9.87 4.549
	-9.87 4.348
	-9.87 4.148
	-9.87 3.947
	-9.87 3.747
	-9.87 3.62917
	-9.67438 3.89106
	-9.13006 4.43538
	-8.82667 4.662
	-8.955 4.662

	-9.87 -2.875
	-9.87 -3.075
	-9.87 -3.276
	-9.87 -3.477
	-9.87 -3.677
	-9.87 -3.878
	-9.87 -3.901
	-9.868 -3.901
	-9.667 -3.901
	-9.466 -3.901
	-9.266 -3.901
	-9.065 -3.901
	-8.865 -3.901
	-8.82667 -3.901
	-9.13006 -3.67438
	-9.67438 -3.13006
	-9.87 -2.86817
	-9.87 -2.875

-9.5
	1.072 -6.196
	1.072 -5.995
	1.072 -5.794
	1.072 -5.594
	1.072 -5.393
	1.072 -5.192
	1.072 -4.992
	1.072 -4.791
	1.072 -4.591
	1.072 -4.39
	1.072 -4.189
	1.072 -3.989
	1.072 -3.788
	1.072 -3.587
	1.072 -3.387
	1.072 -3.186
	1.072 -2.985
	1.072 -2.785
	1.072 -2.584
	1.072 -2.383
	1.072 -2.183
	1.072 -1.982
	1.072 -1.781
	1.072 -1.581
	1.072 -1.38
	1.072 -1.18
	1.072 -0.979
	1.072 -0.778
	1.072 -0.578
	1.072 -0.377
	1.072 -0.176
	1.072 0.024
	1.072 0.225
	1.072 0.426
	1.072 0.626
	1.072 0.827
	1.072 1.028
	1.072 1.228
	1.072 1.429
	1.072 1.629
	1.072 1.83
	1.072 2.031
	1.072 2.231
	1.072 2.432
	1.072 2.633
	1.072 2.833
	1.072 3.034
	1.072 3.235
	1.072 3.435
	1.072 3.636
	1.072 3.837
	1.072 4.037
	1.072 4.238
	1.072 4.439
	1.072 4.639
	1.072 4.84
	1.072 5.04
	1.072 5.241
	1.072 5.442
	1.072 5.642
	1.072 5.843
	1.072 6.044
	1.072 6.244
	1.072 6.445
	1.072 6.646
	1.072 6.846
	1.072 7.047
	1.072 7.062
	0.877 7.062
	0.676 7.062
	0.476 7.062
	0.275 7.062
	0.074 7.062
	-0.126 7.062
	-0.327 7.062
	-0.528 7.062
	-0.728 7.062
	-0.929 7.062
	-1.129 7.062
	-1.33 7.062
	-1.531 7.062
	-1.731 7.062
	-1.932 7.062
	-2.133 7.062
	-2.333 7.062
	-2.534 7.062
	-2.735 7.062
	-2.935 7.062
	-3.136 7.062
	-3.337 7.062
	-3.537 7.062
	-3.738 7.062
	-3.939 7.062
	-4.139 7.062
	-4.34 7.062
	-4.54 7.062
	-4.741 7.062
	-4.942 7.062
	-5.142 7.062
	-5.343 7.062
	-5.544 7.062
	-5.744 7.062
	-5.945 7.062
	-6.146 7.062
	-6.346 7.062
	-6.547 7.062
	-6.748 7.062
	-6.948 7.062
	-7.149 7.062
	-7.349 7.062
	-7.55 7.062
	-7.751 7.062
	-7.951 7.062
	-8.152 7.062
	-8.353 7.062
	-8.553 7.062
	-8.754 7.062
	-8.955 7.062
	-9.155 7.062
	-9.356 7.062
	-9.557 7.062
	-9.757 7.062
	-9.958 7.062
	-10.159 7.062
	-10.359 7.062
	-10.56 7.062
	-10.76 7.062
	-10.961 7.062
	-11.162 7.062
	-11.362 7.062
	-11.563 7.062
	-11.764 7.062
	-11.964 7.062
	-12.165 7.062
	-12.27 7.062
	-12.27 6.957
	-12.27 6.756
	-12.27 6.556
	-12.27 6.355
	-12.27 6.154
	-12.27 5.954
	-12.27 5.753
	-12.27 5.552
	-12.27 5.352
	-12.27 5.151
	-12.27 4.95
	-12.27 4.75
	-12.27 4.549
	-12.27 4.348
	-12.27 4.148
	-12.27 3.947
	-12.27 3.747
	-12.27 3.546
	-12.27 3.345
	-12.27 3.145
	-12.27 2.944
	-12.27 2.743
	-12.27 2.543
	-12.27 2.342
	-12.27 2.141
	-12.27 1.941
	-12.27 1.74
	-12.27 1.539
	-12.27 1.339
	-12.27 1.138
	-12.27 0.937
	-12.27 0.737
	-12.27 0.536
	-12.27 0.336
	-12.27 0.135
	-12.27 -0.066
	-12.27 -0.266
	-12.27 -0.467
	-12.27 -0.668
	-12.27 -0.868
	-12.27 -1.069
	-12.27 -1.27
	-12.27 -1.47
	-12.27 -1.671
	-12.27 -1.872
	-12.27 -2.072
	-12.27 -2.273
	-12.27 -2.474
	-12.27 -2.674
	-12.27 -2.875
	-12.27 -3.075
	-12.27 -3.276
	-12.27 -3.477
	-12.27 -3.677
	-12.27 -3.878
	-12.27 -4.079
	-12.27 -4.279
	-12.27 -4.48
	-12.27 -4.681
	-12.27 -4.881
	-12.27 -5.082
	-12.27 -5.283
	-12.27 -5.483
	-12.27 -5.684
	-12.27 -5.884
	-12.27 -6.085
	-12.27 -6.286
	-12.27 -6.301
	-12.075 -6.301
	-11.874 -6.301
	-11.674 -6.301
	-11.473 -6.301
	-11.272 -6.301
	-11.072 -6.301
	-10.871 -6.301
	-10.67 -6.301
	-10.47 -6.301
	-10.269 -6.301
	-10.068 -6.301
	-9.868 -6.301
	-9.667 -6.301
	-9.466 -6.301
	-9.266 -6.301
	-9.065 -6.301
	-8.865 -6.301
	-8.664 -6.301
	-8.463 -6.301
	-8.263 -6.301
	-8.062 -6.301
	-7.861 -6.301
	-7.661 -6.301
	-7.46 -6.301
	-7.259 -6.301
	-7.059 -6.301
	-6.858 -6.301
	-6.657 -6.301
	-6.457 -6.301
	-6.256 -6.301
	-6.056 -6.301
	-5.855 -6.301
	-5.654 -6.301
	-5.454 -6.301
	-5.253 -6.301
	-5.052 -6.301
	-4.852 -6.301
	-4.651 -6.301
	-4.45 -6.301
	-4.25 -6.301
	-4.049 -6.301
	-3.848 -6.301
	-3.648 -6.301
	-3.447 -6.301
	-3.246 -6.301
	-3.046 -6.301
	-2.845 -6.301
	-2.645 -6.301
	-2.444 -6.301
	-2.243 -6.301
	-2.043 -6.301
	-1.842 -6.301
	-1.641 -6.301
	-1.441 -6.301
	-1.24 -6.301
	-1.039 -6.301
	-0.839 -6.301
	-0.638 -6.301
	-0.437 -6.301
	-0.237 -6.301
	-0.036 -6.301
	0.164 -6.301
	0.365 -6.301
	0.566 -6.301
	0.766 -6.301
	0.967 -6.301
	1.072 -6.301
	1.072 -6.196

	-2.73501 0.381266
	-2.76627 -0.0480758
	-2.86222 -0.467312
	-3.01876 -0.870143
	-3.23535 -1.24445
	-3.50412 -1.58198
	-3.82168 -1.8764
	-4.17733 -2.11766
	-4.56337 -2.30446
	-4.97906 -2.43317
	-5.4063 -2.496
	-5.8327 -2.496
	-6.25994 -2.43317
	-6.67563 -2.30446
	-7.06352 -2.11676
	-7.41578 -1.8764
	-7.73544 -1.58198
	-8.00212 -1.24446
	-8.21909 -0.873096
	-8.37678 -0.467314
	-8.47273 -0.0480741
	-8.50399 0.381266
	-8.47273 0.808524
	-8.37678 1.22985
	-8.21843 1.63524
	-8.00212 2.00546
	-7.73544 2.34298
	-7.41578 2.6374
	-7.06352 2.87776
	-6.67563 3.06546
	-6.26339 3.1931
	-5.83632 3.258
	-5.40268 3.258
	-4.97561 3.1931
	-4.56337 3.06546
	-4.17733 2.87866
	-3.82168 2.6374
	-3.50412 2.34298
	-3.23535 2.00545
	-3.01942 1.63229
	-2.86222 1.22985
	-2.76627 0.808526
	-2.73501 0.381266

	-1.328 -3.788
	-1.328 -3.587
	-1.328 -3.387
	-1.328 -3.186
	-1.328 -2.985
	-1.328 -2.785
	-1.328 -2.70195
	-1.73951 -3.21874
	-2.32356 -3.76024
	-2.53106 -3.901
	-2.444 -3.901
	-2.243 -3.901
	-2.043 -3.901
	-1.842 -3.901
	-1.641 -3.901
	-1.441 -3.901
	-1.328 -3.901
	-1.328 -3.788

	-1.328 3.636
	-1.328 3.837
	-1.328 4.037
	-1.328 4.238
	-1.328 4.439
	-1.328 4.639
	-1.328 4.662
	-1.33 4.662
	-1.531 4.662
	-1.731 4.662
	-1.932 4.662
	-2.133 4.662
	-2.333 4.662
	-2.53106 4.662
	-2.32356 4.52124
	-1.73951 3.97974
	-1.328 3.46295
	-1.328 3.636

	-8.754 4.662
	-8.955 4.662
	-9.155 4.662
	-9.356 4.662
	-9.557 4.662
	-9.757 4.662
	-9.87 4.662
	-9.87 4.549
	-9.87 4.348
	-9.87 4.148
	-9.87 3.947
	-9.87 3.747
	-9.87 3.546
	-9.87 3.51265
	-9.50093 3.97975
	-8.91303 4.52124
	-8.70674 4.662
	-8.754 4.662

	-9.87 -2.875
	-9.87 -3.075
	-9.87 -3.276
	-9.87 -3.477
	-9.87 -3.677
	-9.87 -3.878
	-9.87 -3.901
	-9.868 -3.901
	-9.667 -3.901
	-9.466 -3.901
	-9.266 -3.901
	-9.065 -3.901
	-8.865 -3.901
	-8.70674 -3.901
	-8.91303 -3.76024
	-9.50093 -3.21875
	-9.87 -2.75165
	-9.87 -2.875

-9
	1.072 -6.196
	1.072 -5.995
	1.072 -5.794
	1.072 -5.594
	1.072 -5.393
	1.072 -5.192
	1.072 -4.992
	1.072 -4.791
	1.072 -4.591
	1.072 -4.39
	1.072 -4.189
	1.072 -3.989
	1.072 -3.788
	1.072 -3.587
	1.072 -3.387
	1.072 -3.186
	1.072 -2.985
	1.072 -2.785
	1.072 -2.584
	1.072 -2.383
	1.072 -2.183
	1.072 -1.982
	1.072 -1.781
	1.072 -1.581
	1.072 -1.38
	1.072 -1.18
	1.072 -0.979
	1.072 -0.778
	1.072 -0.578
	1.072 -0.377
	1.072 -0.176
	1.072 0.024
	1.072 0.225
	1.072 0.426
	1.072 0.626
	1.072 0.827
	1.072 1.028
	1.072 1.228
	1.072 1.429
	1.072 1.629
	1.072 1.83
	1.072 2.031
	1.072 2.231
	1.072 2.432
	1.072 2.633
	1.072 2.833
	1.072 3.034
	1.072 3.235
	1.072 3.435
	1.072 3.636
	1.072 3.837
	1.072 4.037
	1.072 4.238
	1.072 4.439
	1.072 4.639
	1.072 4.84
	1.072 5.04
	1.072 5.241
	1.072 5.442
	1.072 5.642
	1.072 5.843
	1.072 6.044
	1.072 6.244
	1.072 6.445
	1.072 6.646
	1.072 6.846
	1.072 7.047
	1.072 7.062
	0.877 7.062
	0.676 7.062
	0.476 7.062
	0.275 7.062
	0.074 7.062
	-0.126 7.062
	-0.327 7.062
	-0.528 7.062
	-0.728 7.062
	-0.929 7.062
	-1.129 7.062
	-1.33 7.062
	-1.531 7.062
	-1.731 7.062
	-1.932 7.062
	-2.133 7.062
	-2.333 7.062
	-2.534 7.062
	-2.735 7.062
	-2.935 7.062
	-3.136 7.062
	-3.337 7.062
	-3.537 7.062
	-3.738 7.062
	-3.939 7.062
	-4.139 7.062
	-4.34 7.062
	-4.54 7.062
	-4.741 7.062
	-4.942 7.062
	-5.142 7.062
	-5.343 7.062
	-5.544 7.062
	-5.744 7.062
	-5.945 7.062
	-6.146 7.062
	-6.346 7.062
	-6.547 7.062
	-6.748 7.062
	-6.948 7.062
	-7.149 7.062
	-7.349 7.062
	-7.55 7.062
	-7.751 7.062
	-7.951 7.062
	-8.152 7.062
	-8.353 7.062
	-8.553 7.062
	-8.754 7.062
	-8.955 7.062
	-9.155 7.062
	-9.356 7.062
	-9.557 7.062
	-9.757 7.062
	-9.958 7.062
	-10.159 7.062
	-10.359 7.062
	-10.56 7.062
	-10.76 7.062
	-10.961 7.062
	-11.162 7.062
	-11.362 7.062
	-11.563 7.062
	-11.764 7.062
	-11.964 7.062
	-12.165 7.062
	-12.27 7.062
	-12.27 6.957
	-12.27 6.756
	-12.27 6.556
	-12.27 6.355
	-12.27 6.154
	-12.27 5.954
	-12.27 5.753
	-12.27 5.552
	-12.27 5.352
	-12.27 5.151
	-12.27 4.95
	-12.27 4.75
	-12.27 4.549
	-12.27 4.348
	-12.27 4.148
	-12.27 3.947
	-12.27 3.747
	-12.27 3.546
	-12.27 3.345
	-12.27 3.145
	-12.27 2.944
	-12.27 2.743
	-12.27 2.543
	-12.27 2.342
	-12.27 2.141
	-12.27 1.941
	-12.27 1.74
	-12.27 1.539
	-12.27 1.339
	-12.27 1.138
	-12.27 0.937
	-12.27 0.737
	-12.27 0.536
	-12.27 0.336
	-12.27 0.135
	-12.27 -0.066
	-12.27 -0.266
	-12.27 -0.467
	-12.27 -0.668
	-12.27 -0.868
	-12.27 -1.069
	-12.27 -1.27
	-12.27 -1.47
	-12.27 -1.671
	-12.27 -1.872
	-12.27 -2.072
	-12.27 -2.273
	-12.27 -2.474
	-12.27 -2.674
	-12.27 -2.875
	-12.27 -3.075
	-12.27 -3.276
	-12.27 -3.477
	-12.27 -3.677
	-12.27 -3.878
	-12.27 -4.079
	-12.27 -4.279
	-12.27 -4.48
	-12.27 -4.681
	-12.27 -4.881
	-12.27 -5.082
	-12.27 -5.283
	-12.27 -5.483
	-12.27 -5.684
	-12.27 -5.884
	-12.27 -6.085
	-12.27 -6.286
	-12.27 -6.301
	-12.075 -6.301
	-11.874 -6.301
	-11.674 -6.301
	-11.473 -6.301
	-11.272 -6.301
	-11.072 -6.301
	-10.871 -6.301
	-10.67 -6.301
	-10.47 -6.301
	-10.269 -6.301
	-10.068 -6.301
	-9.868 -6.301
	-9.667 -6.301
	-9.466 -6.301
	-9.266 -6.301
	-9.065 -6.301
	-8.865 -6.301
	-8.664 -6.301
	-8.463 -6.301
	-8.263 -6.301
	-8.062 -6.301
	-7.861 -6.301
	-7.661 -6.301
	-7.46 -6.301
	-7.259 -6.301
	-7.059 -6.301
	-6.858 -6.301
	-6.657 -6.301
	-6.457 -6.301
	-6.256 -6.301
	-6.056 -6.301
	-5.855 -6.301
	-5.654 -6.301
	-5.454 -6.301
	-5.253 -6.301
	-5.052 -6.301
	-4.852 -6.301
	-4.651 -6.301
	-4.45 -6.301
	-4.25 -6.301
	-4.049 -6.301
	-3.848 -6.301
	-3.648 -6.301
	-3.447 -6.301
	-3.246 -6.301
	-3.046 -6.301
	-2.845 -6.301
	-2.645 -6.301
	-2.444 -6.301
	-2.243 -6.301
	-2.043 -6.301
	-1.842 -6.301
	-1.641 -6.301
	-1.441 -6.301
	-1.24 -6.301
	-1.039 -6.301
	-0.839 -6.301
	-0.638 -6.301
	-0.437 -6.301
	-0.237 -6.301
	-0.036 -6.301
	0.164 -6.301
	0.365 -6.301
	0.566 -6.301
	0.766 -6.301
	0.967 -6.301
	1.072 -6.301
	1.072 -6.196

	-2.80642 0.381286
	-2.84077 -0.0588455
	-2.94455 -0.491269
	-3.11434 -0.897467
	-3.34289 -1.27127
	-3.62817 -1.60589
	-3.9658 -1.8959
	-4.3433 -2.1254
	-4.74773 -2.29445
	-5.17988 -2.39817
	-5.61871 -2.43258
	-6.05884 -2.39823
	-6.49127 -2.29445
	-6.89747 -2.12466
	-7.27365 -1.89466
	-7.60771 -1.60771
	-7.89466 -1.27365
	-8.12466 -0.897467
	-8.29445 -0.49127
	-8.39823 -0.0588455
	-8.43258 0.381286
	-8.39817 0.820125
	-8.29445 1.25227
	-8.1254 1.6567
	-7.8959 2.0342
	-7.60589 2.37183
	-7.27127 2.65711
	-6.89747 2.88566
	-6.49127 3.05545
	-6.05884 3.15923
	-5.61871 3.19358
	-5.17988 3.15917
	-4.74773 3.05545
	-4.3433 2.8864
	-3.96819 2.65835
	-3.62999 2.37001
	-3.34165 2.03181
	-3.1136 1.6567
	-2.94455 1.25227
	-2.84083 0.820125
	-2.80642 0.381286

	-1.328 -3.788
	-1.328 -3.587
	-1.328 -3.387
	-1.328 -3.186
	-1.328 -2.985
	-1.328 -2.785
	-1.328 -2.584
	-1.328 -2.5767
	-1.39391 -2.68449
	-1.92285 -3.30491
	-2.55108 -3.84454
	-2.64394 -3.901
	-2.444 -3.901
	-2.243 -3.901
	-2.043 -3.901
	-1.842 -3.901
	-1.641 -3.901
	-1.441 -3.901
	-1.328 -3.901
	-1.328 -3.788

	-1.328 3.435
	-1.328 3.636
	-1.328 3.837
	-1.328 4.037
	-1.328 4.238
	-1.328 4.439
	-1.328 4.639
	-1.328 4.662
	-1.33 4.662
	-1.531 4.662
	-1.731 4.662
	-1.932 4.662
	-2.133 4.662
	-2.333 4.662
	-2.534 4.662
	-2.64395 4.662
	-2.55729 4.60932
	-1.92756 4.07244
	-1.39068 3.44271
	-1.328 3.33961
	-1.328 3.435

	-8.754 4.662
	-8.955 4.662
	-9.155 4.662
	-9.356 4.662
	-9.557 4.662
	-9.757 4.662
	-9.87 4.662
	-9.87 4.549
	-9.87 4.348
	-9.87 4.148
	-9.87 3.947
	-9.87 3.747
	-9.87 3.546
	-9.87 3.40705
	-9.84455 3.44891
	-9.30491 4.07715
	-8.68449 4.60609
	-8.59306 4.662
	-8.754 4.662

	-9.87 -2.674
	-9.87 -2.875
	-9.87 -3.075
	-9.87 -3.276
	-9.87 -3.477
	-9.87 -3.677
	-9.87 -3.878
	-9.87 -3.901
	-9.868 -3.901
	-9.667 -3.901
	-9.466 -3.901
	-9.266 -3.901
	-9.065 -3.901
	-8.865 -3.901
	-8.664 -3.901
	-8.59306 -3.901
	-8.69069 -3.84131
	-9.30964 -3.30964
	-9.84131 -2.69069
	-9.87 -2.64376
	-9.87 -2.674

-8.5
	1.072 -6.196
	1.072 -5.995
	1.072 -5.794
	1.072 -5.594
	1.072 -5.393
	1.072 -5.192
	1.072 -4.992
	1.072 -4.791
	1.072 -4.591
	1.072 -4.39
	1.072 -4.189
	1.072 -3.989
	1.072 -3.788
	1.072 -3.587
	1.072 -3.387
	1.072 -3.186
	1.072 -2.985
	1.072 -2.785
	1.072 -2.584
	1.072 -2.383
	1.072 -2.183
	1.072 -1.982
	1.072 -1.781
	1.072 -1.581
	1.072 -1.38
	1.072 -1.18
	1.072 -0.979
	1.072 -0.778
	1.072 -0.578
	1.072 -0.377
	1.072 -0.176
	1.072 0.024
	1.072 0.225
	1.072 0.426
	1.072 0.626
	1.072 0.827
	1.072 1.028
	1.072 1.228
	1.072 1.429
	1.072 1.629
	1.072 1.83
	1.072 2.031
	1.072 2.231
	1.072 2.432
	1.072 2.633
	1.072 2.833
	1.072 3.034
	1.072 3.235
	1.072 3.435
	1.072 3.636
	1.072 3.837
	1.072 4.037
	1.072 4.238
	1.072 4.439
	1.072 4.639
	1.072 4.84
	1.072 5.04
	1.072 5.241
	1.072 5.442
	1.072 5.642
	1.072 5.843
	1.072 6.044
	1.072 6.244
	1.072 6.445
	1.072 6.646
	1.072 6.846
	1.072 7.047
	1.072 7.062
	0.877 7.062
	0.676 7.062
	0.476 7.062
	0.275 7.062
	0.074 7.062
	-0.126 7.062
	-0.327 7.062
	-0.528 7.062
	-0.728 7.062
	-0.929 7.062
	-1.129 7.062
	-1.33 7.062
	-1.531 7.062
	-1.731 7.062
	-1.932 7.062
	-2.133 7.062
	-2.333 7.062
	-2.534 7.062
	-2.735 7.062
	-2.935 7.062
	-3.136 7.062
	-3.337 7.062
	-3.537 7.062
	-3.738 7.062
	-3.939 7.062
	-4.139 7.062
	-4.34 7.062
	-4.54 7.062
	-4.741 7.062
	-4.942 7.062
	-5.142 7.062
	-5.343 7.062
	-5.544 7.062
	-5.744 7.062
	-5.945 7.062
	-6.146 7.062
	-6.346 7.062
	-6.547 7.062
	-6.748 7.062
	-6.948 7.062
	-7.149 7.062
	-7.349 7.062
	-7.55 7.062
	-7.751 7.062
	-7.951 7.062
	-8.152 7.062
	-8.353 7.062
	-8.553 7.062
	-8.754 7.062
	-8.955 7.062
	-9.155 7.062
	-9.356 7.062
	-9.557 7.062
	-9.757 7.062
	-9.958 7.062
	-10.159 7.062
	-10.359 7.062
	-10.56 7.062
	-10.76 7.062
	-10.961 7.062
	-11.162 7.062
	-11.362 7.062
	-11.563 7.062
	-11.764 7.062
	-11.964 7.062
	-12.165 7.062
	-12.27 7.062
	-12.27 6.957
	-12.27 6.756
	-12.27 6.556
	-12.27 6.355
	-12.27 6.154
	-12.27 5.954
	-12.27 5.753
	-12.27 5.552
	-12.27 5.352
	-12.27 5.151
	-12.27 4.95
	-12.27 4.75
	-12.27 4.549
	-12.27 4.348
	-12.27 4.148
	-12.27 3.947
	-12.27 3.747
	-12.27 3.546
	-12.27 3.345
	-12.27 3.145
	-12.27 2.944
	-12.27 2.743
	-12.27 2.543
	-12.27 2.342
	-12.27 2.141
	-12.27 1.941
	-12.27 1.74
	-12.27 1.539
	-12.27 1.339
	-12.27 1.138
	-12.27 0.937
	-12.27 0.737
	-12.27 0.536
	-12.27 0.336
	-12.27 0.135
	-12.27 -0.066
	-12.27 -0.266
	-12.27 -0.467
	-12.27 -0.668
	-12.27 -0.868
	-12.27 -1.069
	-12.27 -1.27
	-12.27 -1.47
	-12.27 -1.671
	-12.27 -1.872
	-12.27 -2.072
	-12.27 -2.273
	-12.27 -2.474
	-12.27 -2.674
	-12.27 -2.875
	-12.27 -3.075
	-12.27 -3.276
	-12.27 -3.477
	-12.27 -3.677
	-12.27 -3.878
	-12.27 -4.079
	-12.27 -4.279
	-12.27 -4.48
	-12.27 -4.681
	-12.27 -4.881
	-12.27 -5.082
	-12.27 -5.283
	-12.27 -5.483
	-12.27 -5.684
	-12.27 -5.884
	-12.27 -6.085
	-12.27 -6.286
	-12.27 -6.301
	-12.075 -6.301
	-11.874 -6.301
	-11.674 -6.301
	-11.473 -6.301
	-11.272 -6.301
	-11.072 -6.301
	-10.871 -6.301
	-10.67 -6.301
	-10.47 -6.301
	-10.269 -6.301
	-10.068 -6.301
	-9.868 -6.301
	-9.667 -6.301
	-9.466 -6.301
	-9.266 -6.301
	-9.065 -6.301
	-8.865 -6.301
	-8.664 -6.301
	-8.463 -6.301
	-8.263 -6.301
	-8.062 -6.301
	-7.861 -6.301
	-7.661 -6.301
	-7.46 -6.301
	-7.259 -6.301
	-7.059 -6.301
	-6.858 -6.301
	-6.657 -6.301
	-6.457 -6.301
	-6.256 -6.301
	-6.056 -6.301
	-5.855 -6.301
	-5.654 -6.301
	-5.454 -6.301
	-5.253 -6.301
	-5.052 -6.301
	-4.852 -6.301
	-4.651 -6.301
	-4.45 -6.301
	-4.25 -6.301
	-4.049 -6.301
	-3.848 -6.301
	-3.648 -6.301
	-3.447 -6.301
	-3.246 -6.301
	-3.046 -6.301
	-2.845 -6.301
	-2.645 -6.301
	-2.444 -6.301
	-2.243 -6.301
	-2.043 -6.301
	-1.842 -6.301
	-1.641 -6.301
	-1.441 -6.301
	-1.24 -6.301
	-1.039 -6.301
	-0.839 -6.301
	-0.638 -6.301
	-0.437 -6.301
	-0.237 -6.301
	-0.036 -6.301
	0.164 -6.301
	0.365 -6.301
	0.566 -6.301
	0.766 -6.301
	0.967 -6.301
	1.072 -6.301
	1.072 -6.196

	-2.87842 0.381309
	-2.91817 -0.0801744
	-3.03388 -0.531897
	-3.22721 -0.956349
	-3.48589 -1.34104
	-3.80897 -1.67749
	-4.18341 -1.95444
	-4.59934 -2.16352
	-5.04145 -2.29836
	-5.50224 -2.35818
	-5.96701 -2.33816
	-6.42006 -2.24092
	-6.85388 -2.0674
	-7.25199 -1.82137
	-7.59844 -1.51465
	-7.89019 -1.15438
	-8.11637 -0.74858
	-8.27221 -0.310011
	-8.35 0.150083
	-8.35 0.610917
	-8.27221 1.07101
	-8.11637 1.50958
	-7.89019 1.91538
	-7.59844 2.27565
	-7.25199 2.58237
	-6.85388 2.8284
	-6.42006 3.00192
	-5.96701 3.09916
	-5.50224 3.11918
	-5.04145 3.05936
	-4.59934 2.92452
	-4.18341 2.71544
	-3.80897 2.43849
	-3.48589 2.10204
	-3.22721 1.71735
	-3.03388 1.2929
	-2.91824 0.841475
	-2.87842 0.381309

	-1.328 -3.788
	-1.328 -3.587
	-1.328 -3.387
	-1.328 -3.186
	-1.328 -2.985
	-1.328 -2.785
	-1.328 -2.584
	-1.328 -2.43297
	-1.6105 -2.8531
	-2.21853 -3.48628
	-2.77922 -3.901
	-2.645 -3.901
	-2.444 -3.901
	-2.243 -3.901
	-2.043 -3.901
	-1.842 -3.901
	-1.641 -3.901
	-1.441 -3.901
	-1.328 -3.901
	-1.328 -3.788

	-1.328 3.235
	-1.328 3.435
	-1.328 3.636
	-1.328 3.837
	-1.328 4.037
	-1.328 4.238
	-1.328 4.439
	-1.328 4.639
	-1.328 4.662
	-1.33 4.662
	-1.531 4.662
	-1.731 4.662
	-1.932 4.662
	-2.133 4.662
	-2.333 4.662
	-2.534 4.662
	-2.735 4.662
	-2.77922 4.662
	-2.21853 4.24728
	-1.6105 3.6141
	-1.328 3.19397
	-1.328 3.235

	-8.553 4.662
	-8.754 4.662
	-8.955 4.662
	-9.155 4.662
	-9.356 4.662
	-9.557 4.662
	-9.757 4.662
	-9.87 4.662
	-9.87 4.549
	-9.87 4.348
	-9.87 4.148
	-9.87 3.947
	-9.87 3.747
	-9.87 3.546
	-9.87 3.345
	-9.87 3.28416
	-9.33833 3.94069
	-8.68878 4.51577
	-8.45215 4.662
	-8.553 4.662

	-9.87 -2.674
	-9.87 -2.875
	-9.87 -3.075
	-9.87 -3.276
	-9.87 -3.477
	-9.87 -3.677
	-9.87 -3.878
	-9.87 -3.901
	-9.868 -3.901
	-9.667 -3.901
	-9.466 -3.901
	-9.266 -3.901
	-9.065 -3.901
	-8.865 -3.901
	-8.664 -3.901
	-8.463 -3.901
	-8.45215 -3.901
	-8.68878 -3.75477
	-9.33833 -3.17969
	-9.87 -2.52316
	-9.87 -2.674

-8
	1.072 -6.196
	1.072 -5.995
	1.072 -5.794
	1.072 -5.594
	1.072 -5.393
	1.072 -5.192
	1.072 -4.992
	1.072 -4.791
	1.072 -4.591
	1.072 -4.39
	1.072 -4.189
	1.072 -3.989
	1.072 -3.788
	1.072 -3.587
	1.072 -3.387
	1.072 -3.186
	1.072 -2.985
	1.072 -2.785
	1.072 -2.584
	1.072 -2.383
	1.072 -2.183
	1.072 -1.982
	1.072 -1.781
	1.072 -1.581
	1.072 -1.38
	1.072 -1.18
	1.072 -0.979
	1.072 -0.778
	1.072 -0.578
	1.072 -0.377
	1.072 -0.176
	1.072 0.024
	1.072 0.225
	1.072 0.426
	1.072 0.626
	1.072 0.827
	1.072 1.028
	1.072 1.228
	1.072 1.429
	1.072 1.629
	1.072 1.83
	1.072 2.031
	1.072 2.231
	1.072 2.432
	1.072 2.633
	1.072 2.833
	1.072 3.034
	1.072 3.235
	1.072 3.435
	1.072 3.636
	1.072 3.837
	1.072 4.037
	1.072 4.238
	1.072 4.439
	1.072 4.639
	1.072 4.84
	1.072 5.04
	1.072 5.241
	1.072 5.442
	1.072 5.642
	1.072 5.843
	1.072 6.044
	1.072 6.244
	1.072 6.445
	1.072 6.646
	1.072 6.846
	1.072 7.047
	1.072 7.062
	0.877 7.062
	0.676 7.062
	0.476 7.062
	0.275 7.062
	0.074 7.062
	-0.126 7.062
	-0.327 7.062
	-0.528 7.062
	-0.728 7.062
	-0.929 7.062
	-1.129 7.062
	-1.33 7.062
	-1.531 7.062
	-1.731 7.062
	-1.932 7.062
	-2.133 7.062
	-2.333 7.062
	-2.534 7.062
	-2.735 7.062
	-2.935 7.062
	-3.136 7.062
	-3.337 7.062
	-3.537 7.062
	-3.738 7.062
	-3.939 7.062
	-4.139 7.062
	-4.34 7.062
	-4.54 7.062
	-4.741 7.062
	-4.942 7.062
	-5.142 7.062
	-5.343 7.062
	-5.544 7.062
	-5.744 7.062
	-5.945 7.062
	-6.146 7.062
	-6.346 7.062
	-6.547 7.062
	-6.748 7.062
	-6.948 7.062
	-7.149 7.062
	-7.349 7.062
	-7.55 7.062
	-7.751 7.062
	-7.951 7.062
	-8.152 7.062
	-8.353 7.062
	-8.553 7.062
	-8.754 7.062
	-8.955 7.062
	-9.155 7.062
	-9.356 7.062
	-9.557 7.062
	-9.757 7.062
	-9.958 7.062
	-10.159 7.062
	-10.359 7.062
	-10.56 7.062
	-10.76 7.062
	-10.961 7.062
	-11.162 7.062
	-11.362 7.062
	-11.563 7.062
	-11.764 7.062
	-11.964 7.062
	-12.165 7.062
	-12.27 7.062
	-12.27 6.957
	-12.27 6.756
	-12.27 6.556
	-12.27 6.355
	-12.27 6.154
	-12.27 5.954
	-12.27 5.753
	-12.27 5.552
	-12.27 5.352
	-12.27 5.151
	-12.27 4.95
	-12.27 4.75
	-12.27 4.549
	-12.27 4.348
	-12.27 4.148
	-12.27 3.947
	-12.27 3.747
	-12.27 3.546
	-12.27 3.345
	-12.27 3.145
	-12.27 2.944
	-12.27 2.743
	-12.27 2.543
	-12.27 2.342
	-12.27 2.141
	-12.27 1.941
	-12.27 1.74
	-12.27 1.539
	-12.27 1.339
	-12.27 1.138
	-12.27 0.937
	-12.27 0.737
	-12.27 0.536
	-12.27 0.336
	-12.27 0.135
	-12.27 -0.066
	-12.27 -0.266
	-12.27 -0.467
	-12.27 -0.668
	-12.27 -0.868
	-12.27 -1.069
	-12.27 -1.27
	-12.27 -1.47
	-12.27 -1.671
	-12.27 -1.872
	-12.27 -2.072
	-12.27 -2.273
	-12.27 -2.474
	-12.27 -2.674
	-12.27 -2.875
	-12.27 -3.075
	-12.27 -3.276
	-12.27 -3.477
	-12.27 -3.677
	-12.27 -3.878
	-12.27 -4.079
	-12.27 -4.279
	-12.27 -4.48
	-12.27 -4.681
	-12.27 -4.881
	-12.27 -5.082
	-12.27 -5.283
	-12.27 -5.483
	-12.27 -5.684
	-12.27 -5.884
	-12.27 -6.085
	-12.27 -6.286
	-12.27 -6.301
	-12.075 -6.301
	-11.874 -6.301
	-11.674 -6.301
	-11.473 -6.301
	-11.272 -6.301
	-11.072 -6.301
	-10.871 -6.301
	-10.67 -6.301
	-10.47 -6.301
	-10.269 -6.301
	-10.068 -6.301
	-9.868 -6.301
	-9.667 -6.301
	-9.466 -6.301
	-9.266 -6.301
	-9.065 -6.301
	-8.865 -6.301
	-8.664 -6.301
	-8.463 -6.301
	-8.263 -6.301
	-8.062 -6.301
	-7.861 -6.301
	-7.661 -6.301
	-7.46 -6.301
	-7.259 -6.301
	-7.059 -6.301
	-6.858 -6.301
	-6.657 -6.301
	-6.457 -6.301
	-6.256 -6.301
	-6.056 -6.301
	-5.855 -6.301
	-5.654 -6.301
	-5.454 -6.301
	-5.253 -6.301
	-5.052 -6.301
	-4.852 -6.301
	-4.651 -6.301
	-4.45 -6.301
	-4.25 -6.301
	-4.049 -6.301
	-3.848 -6.301
	-3.648 -6.301
	-3.447 -6.301
	-3.246 -6.301
	-3.046 -6.301
	-2.845 -6.301
	-2.645 -6.301
	-2.444 -6.301
	-2.243 -6.301
	-2.043 -6.301
	-1.842 -6.301
	-1.641 -6.301
	-1.441 -6.301
	-1.24 -6.301
	-1.039 -6.301
	-0.839 -6.301
	-0.638 -6.301
	-0.437 -6.301
	-0.237 -6.301
	-0.036 -6.301
	0.164 -6.301
	0.365 -6.301
	0.566 -6.301
	0.766 -6.301
	0.967 -6.301
	1.072 -6.301
	1.072 -6.196

	-2.95137 0.381312
	-2.99261 -0.0952508
	-3.1213 -0.557165
	-3.32736 -0.987607
	-3.60938 -1.37509
	-3.95558 -1.70744
	-4.35689 -1.97037
	-4.79264 -2.15647
	-5.25984 -2.26464
	-5.74129 -2.28537
	-6.21231 -2.22135
	-6.66686 -2.07443
	-7.08968 -1.84693
	-7.46416 -1.54826
	-7.77856 -1.18797
	-8.02418 -0.77707
	-8.1909 -0.331717
	-8.278 0.138149
	-8.278 0.622851
	-8.1909 1.09272
	-8.02418 1.53807
	-7.77856 1.94897
	-7.46416 2.30926
	-7.08968 2.60793
	-6.66686 2.83543
	-6.21231 2.98235
	-5.74129 3.04637
	-5.26337 3.02579
	-4.7959 2.91986
	-4.3541 2.73118
	-3.95339 2.46634
	-3.60938 2.13609
	-3.32736 1.74861
	-3.1213 1.31817
	-2.99269 0.856553
	-2.95137 0.381312

	-1.328 -3.788
	-1.328 -3.587
	-1.328 -3.387
	-1.328 -3.186
	-1.328 -2.985
	-1.328 -2.785
	-1.328 -2.584
	-1.328 -2.383
	-1.328 -2.31898
	-1.79398 -2.95923
	-2.4541 -3.59294
	-2.92429 -3.901
	-2.845 -3.901
	-2.645 -3.901
	-2.444 -3.901
	-2.243 -3.901
	-2.043 -3.901
	-1.842 -3.901
	-1.641 -3.901
	-1.441 -3.901
	-1.328 -3.901
	-1.328 -3.788

	-1.328 3.235
	-1.328 3.435
	-1.328 3.636
	-1.328 3.837
	-1.328 4.037
	-1.328 4.238
	-1.328 4.439
	-1.328 4.639
	-1.328 4.662
	-1.33 4.662
	-1.531 4.662
	-1.731 4.662
	-1.932 4.662
	-2.133 4.662
	-2.333 4.662
	-2.534 4.662
	-2.735 4.662
	-2.92278 4.662
	-2.44841 4.34848
	-1.79398 3.72023
	-1.328 3.07998
	-1.328 3.235

	-8.353 4.662
	-8.553 4.662
	-8.754 4.662
	-8.955 4.662
	-9.155 4.662
	-9.356 4.662
	-9.557 4.662
	-9.757 4.662
	-9.87 4.662
	-9.87 4.549
	-9.87 4.348
	-9.87 4.148
	-9.87 3.947
	-9.87 3.747
	-9.87 3.546
	-9.87 3.345
	-9.87 3.145
	-9.87 3.12779
	-9.72825 3.36493
	-9.13002 4.05049
	-8.41717 4.61902
	-8.33729 4.662
	-8.353 4.662

	-9.87 -2.474
	-9.87 -2.674
	-9.87 -2.875
	-9.87 -3.075
	-9.87 -3.276
	-9.87 -3.477
	-9.87 -3.677
	-9.87 -3.878
	-9.87 -3.901
	-9.868 -3.901
	-9.667 -3.901
	-9.466 -3.901
	-9.266 -3.901
	-9.065 -3.901
	-8.865 -3.901
	-8.664 -3.901
	-8.463 -3.901
	-8.33729 -3.901
	-8.41717 -3.85802
	-9.13002 -3.28949
	-9.72825 -2.60393
	-9.87 -2.36679
	-9.87 -2.474

