-23.5
	1.072 -6.196
	1.072 -5.995
	1.072 -5.794
	1.072 -5.594
	1.072 -5.393
	1.072 -5.192
	1.072 -4.992
	1.072 -4.791
	1.072 -4.591
	1.072 -4.39
	1.072 -4.189
	1.072 -3.989
	1.072 -3.788
	1.072 -3.587
	1.072 -3.387
	1.072 -3.186
	1.072 -2.985
	1.072 -2.785
	1.072 -2.584
	1.072 -2.383
	1.072 -2.183
	1.072 -1.982
	1.072 -1.781
	1.072 -1.581
	1.072 -1.38
	1.072 -1.18
	1.072 -0.979
	1.072 -0.778
	1.072 -0.578
	1.072 -0.377
	1.072 -0.176
	1.072 0.024
	1.072 0.225
	1.072 0.426
	1.072 0.626
	1.072 0.827
	1.072 1.028
	1.072 1.228
	1.072 1.429
	1.072 1.629
	1.072 1.83
	1.072 2.031
	1.072 2.231
	1.072 2.432
	1.072 2.633
	1.072 2.833
	1.072 3.034
	1.072 3.235
	1.072 3.435
	1.072 3.636
	1.072 3.837
	1.072 4.037
	1.072 4.238
	1.072 4.439
	1.072 4.639
	1.072 4.84
	1.072 5.04
	1.072 5.241
	1.072 5.442
	1.072 5.642
	1.072 5.843
	1.072 6.044
	1.072 6.244
	1.072 6.445
	1.072 6.646
	1.072 6.846
	1.072 7.047
	1.072 7.062
	0.877 7.062
	0.676 7.062
	0.476 7.062
	0.275 7.062
	0.074 7.062
	-0.126 7.062
	-0.327 7.062
	-0.528 7.062
	-0.728 7.062
	-0.929 7.062
	-1.129 7.062
	-1.33 7.062
	-1.531 7.062
	-1.731 7.062
	-1.932 7.062
	-2.133 7.062
	-2.333 7.062
	-2.534 7.062
	-2.735 7.062
	-2.935 7.062
	-3.136 7.062
	-3.337 7.062
	-3.537 7.062
	-3.738 7.062
	-3.939 7.062
	-4.139 7.062
	-4.34 7.062
	-4.54 7.062
	-4.741 7.062
	-4.942 7.062
	-5.142 7.062
	-5.343 7.062
	-5.544 7.062
	-5.744 7.062
	-5.945 7.062
	-6.146 7.062
	-6.346 7.062
	-6.547 7.062
	-6.748 7.062
	-6.948 7.062
	-7.149 7.062
	-7.349 7.062
	-7.55 7.062
	-7.751 7.062
	-7.951 7.062
	-8.152 7.062
	-8.353 7.062
	-8.553 7.062
	-8.754 7.062
	-8.955 7.062
	-9.155 7.062
	-9.356 7.062
	-9.557 7.062
	-9.757 7.062
	-9.958 7.062
	-10.159 7.062
	-10.359 7.062
	-10.56 7.062
	-10.76 7.062
	-10.961 7.062
	-11.162 7.062
	-11.362 7.062
	-11.563 7.062
	-11.764 7.062
	-11.964 7.062
	-12.165 7.062
	-12.27 7.062
	-12.27 6.957
	-12.27 6.756
	-12.27 6.556
	-12.27 6.355
	-12.27 6.154
	-12.27 5.954
	-12.27 5.753
	-12.27 5.552
	-12.27 5.352
	-12.27 5.151
	-12.27 4.95
	-12.27 4.75
	-12.27 4.549
	-12.27 4.348
	-12.27 4.148
	-12.27 3.947
	-12.27 3.747
	-12.27 3.546
	-12.27 3.345
	-12.27 3.145
	-12.27 2.944
	-12.27 2.743
	-12.27 2.543
	-12.27 2.342
	-12.27 2.141
	-12.27 1.941
	-12.27 1.74
	-12.27 1.539
	-12.27 1.339
	-12.27 1.138
	-12.27 0.937
	-12.27 0.737
	-12.27 0.536
	-12.27 0.336
	-12.27 0.135
	-12.27 -0.066
	-12.27 -0.266
	-12.27 -0.467
	-12.27 -0.668
	-12.27 -0.868
	-12.27 -1.069
	-12.27 -1.27
	-12.27 -1.47
	-12.27 -1.671
	-12.27 -1.872
	-12.27 -2.072
	-12.27 -2.273
	-12.27 -2.474
	-12.27 -2.674
	-12.27 -2.875
	-12.27 -3.075
	-12.27 -3.276
	-12.27 -3.477
	-12.27 -3.677
	-12.27 -3.878
	-12.27 -4.079
	-12.27 -4.279
	-12.27 -4.48
	-12.27 -4.681
	-12.27 -4.881
	-12.27 -5.082
	-12.27 -5.283
	-12.27 -5.483
	-12.27 -5.684
	-12.27 -5.884
	-12.27 -6.085
	-12.27 -6.286
	-12.27 -6.301
	-12.075 -6.301
	-11.874 -6.301
	-11.674 -6.301
	-11.473 -6.301
	-11.272 -6.301
	-11.072 -6.301
	-10.871 -6.301
	-10.67 -6.301
	-10.47 -6.301
	-10.269 -6.301
	-10.068 -6.301
	-9.868 -6.301
	-9.667 -6.301
	-9.466 -6.301
	-9.266 -6.301
	-9.065 -6.301
	-8.865 -6.301
	-8.664 -6.301
	-8.463 -6.301
	-8.263 -6.301
	-8.062 -6.301
	-7.861 -6.301
	-7.661 -6.301
	-7.46 -6.301
	-7.259 -6.301
	-7.059 -6.301
	-6.858 -6.301
	-6.657 -6.301
	-6.457 -6.301
	-6.256 -6.301
	-6.056 -6.301
	-5.855 -6.301
	-5.654 -6.301
	-5.454 -6.301
	-5.253 -6.301
	-5.052 -6.301
	-4.852 -6.301
	-4.651 -6.301
	-4.45 -6.301
	-4.25 -6.301
	-4.049 -6.301
	-3.848 -6.301
	-3.648 -6.301
	-3.447 -6.301
	-3.246 -6.301
	-3.046 -6.301
	-2.845 -6.301
	-2.645 -6.301
	-2.444 -6.301
	-2.243 -6.301
	-2.043 -6.301
	-1.842 -6.301
	-1.641 -6.301
	-1.441 -6.301
	-1.24 -6.301
	-1.039 -6.301
	-0.839 -6.301
	-0.638 -6.301
	-0.437 -6.301
	-0.237 -6.301
	-0.036 -6.301
	0.164 -6.301
	0.365 -6.301
	0.566 -6.301
	0.766 -6.301
	0.967 -6.301
	1.072 -6.301
	1.072 -6.196

	-0.703342 0.38111
	-0.711979 0.0888664
	-0.73759 -0.197123
	-0.779415 -0.487013
	-0.840423 -0.774618
	-0.916524 -1.05462
	-1.01055 -1.33235
	-1.11969 -1.60091
	-1.24523 -1.86496
	-1.38571 -2.11869
	-1.54081 -2.36569
	-1.71283 -2.60478
	-1.89603 -2.82948
	-2.09141 -3.0434
	-2.30031 -3.24654
	-2.52093 -3.43688
	-2.75331 -3.61441
	-2.9947 -3.77678
	-3.24592 -3.92549
	-3.50559 -4.05821
	-3.77245 -4.17585
	-4.04587 -4.27712
	-4.32292 -4.36138
	-4.60466 -4.43002
	-4.89237 -4.48207
	-5.18249 -4.51671
	-5.47349 -4.534
	-5.76551 -4.534
	-6.05651 -4.51671
	-6.34663 -4.48207
	-6.63434 -4.43002
	-6.91714 -4.36112
	-7.19192 -4.27712
	-7.46678 -4.17586
	-7.7322 -4.05821
	-7.99163 -3.92634
	-8.2443 -3.77678
	-8.48569 -3.61441
	-8.71807 -3.43688
	-8.93869 -3.24654
	-9.14759 -3.0434
	-9.34297 -2.82948
	-9.52617 -2.60478
	-9.6982 -2.36569
	-9.85502 -2.11594
	-9.99417 -1.86202
	-10.1168 -1.60401
	-10.2287 -1.33235
	-10.3213 -1.05462
	-10.3988 -0.774621
	-10.4584 -0.486997
	-10.5011 -0.200765
	-10.527 0.0888655
	-10.5357 0.38111
	-10.527 0.671914
	-10.5011 0.962985
	-10.4583 1.24853
	-10.3988 1.53562
	-10.3213 1.81562
	-10.2291 2.09202
	-10.1168 2.36622
	-9.99417 2.62282
	-9.85502 2.87816
	-9.69704 3.12829
	-9.52753 3.36389
	-9.34297 3.5917
	-9.1458 3.80614
	-8.93869 4.00754
	-8.71807 4.19788
	-8.48569 4.37541
	-8.2443 4.53778
	-7.99163 4.68734
	-7.7322 4.81921
	-7.46995 4.93545
	-7.19524 5.0381
	-6.91369 5.12417
	-6.63079 5.19167
	-6.34663 5.24307
	-6.05651 5.27771
	-5.76552 5.295
	-5.47348 5.295
	-5.18249 5.27771
	-4.89237 5.24307
	-4.6082 5.19167
	-4.32636 5.12442
	-4.04253 5.0381
	-3.76926 4.93545
	-3.50559 4.81921
	-3.24593 4.68649
	-2.9947 4.53778
	-2.75331 4.37541
	-2.52093 4.19788
	-2.30031 4.00754
	-2.0932 3.80614
	-1.89603 3.5917
	-1.71147 3.36389
	-1.54196 3.12829
	-1.38571 2.8809
	-1.24523 2.62575
	-1.1197 2.36313
	-1.0101 2.09203
	-0.916524 1.81562
	-0.840423 1.53562
	-0.779525 1.24853
	-0.73759 0.959325
	-0.711979 0.671913
	-0.703342 0.38111

	-0.128 -4.992
	-0.128 -4.791
	-0.128 -4.591
	-0.128 -4.39
	-0.128 -4.189
	-0.128 -3.989
	-0.128 -3.788
	-0.128 -3.587
	-0.128 -3.387
	-0.128 -3.186
	-0.128 -2.985
	-0.128 -2.785
	-0.128 -2.584
	-0.128 -2.383
	-0.128 -2.30979
	-0.177415 -2.41373
	-0.351883 -2.72884
	-0.544649 -3.03584
	-0.759902 -3.33501
	-0.987252 -3.61387
	-1.22933 -3.87892
	-1.48937 -4.13178
	-1.76407 -4.36878
	-2.05355 -4.58994
	-2.35366 -4.7918
	-2.66666 -4.97708
	-2.90912 -5.101
	-2.845 -5.101
	-2.645 -5.101
	-2.444 -5.101
	-2.243 -5.101
	-2.043 -5.101
	-1.842 -5.101
	-1.641 -5.101
	-1.441 -5.101
	-1.24 -5.101
	-1.039 -5.101
	-0.839 -5.101
	-0.638 -5.101
	-0.437 -5.101
	-0.237 -5.101
	-0.128 -5.101
	-0.128 -4.992

	-0.128 3.235
	-0.128 3.435
	-0.128 3.636
	-0.128 3.837
	-0.128 4.037
	-0.128 4.238
	-0.128 4.439
	-0.128 4.639
	-0.128 4.84
	-0.128 5.04
	-0.128 5.241
	-0.128 5.442
	-0.128 5.642
	-0.128 5.843
	-0.128 5.862
	-0.327 5.862
	-0.528 5.862
	-0.728 5.862
	-0.929 5.862
	-1.129 5.862
	-1.33 5.862
	-1.531 5.862
	-1.731 5.862
	-1.932 5.862
	-2.133 5.862
	-2.333 5.862
	-2.534 5.862
	-2.735 5.862
	-2.90912 5.862
	-2.66667 5.73808
	-2.35366 5.5528
	-2.05355 5.35093
	-1.76407 5.12978
	-1.48937 4.89278
	-1.23256 4.64306
	-0.987255 4.37626
	-0.75745 4.0926
	-0.546725 3.79973
	-0.351884 3.49123
	-0.177419 3.17434
	-0.128 3.07096
	-0.128 3.235

	-8.353 5.862
	-8.553 5.862
	-8.754 5.862
	-8.955 5.862
	-9.155 5.862
	-9.356 5.862
	-9.557 5.862
	-9.757 5.862
	-9.958 5.862
	-10.159 5.862
	-10.359 5.862
	-10.56 5.862
	-10.76 5.862
	-10.961 5.862
	-11.07 5.862
	-11.07 5.753
	-11.07 5.552
	-11.07 5.352
	-11.07 5.151
	-11.07 4.95
	-11.07 4.75
	-11.07 4.549
	-11.07 4.348
	-11.07 4.148
	-11.07 3.947
	-11.07 3.747
	-11.07 3.546
	-11.07 3.345
	-11.07 3.15464
	-11.0631 3.16908
	-10.8902 3.48629
	-10.6923 3.79973
	-10.4815 4.0926
	-10.2517 4.37627
	-10.0064 4.64306
	-9.74963 4.89278
	-9.47493 5.12978
	-9.18545 5.35093
	-8.88534 5.5528
	-8.56973 5.73962
	-8.32896 5.862
	-8.353 5.862

	-11.07 -2.474
	-11.07 -2.674
	-11.07 -2.875
	-11.07 -3.075
	-11.07 -3.276
	-11.07 -3.477
	-11.07 -3.677
	-11.07 -3.878
	-11.07 -4.079
	-11.07 -4.279
	-11.07 -4.48
	-11.07 -4.681
	-11.07 -4.881
	-11.07 -5.082
	-11.07 -5.101
	-10.871 -5.101
	-10.67 -5.101
	-10.47 -5.101
	-10.269 -5.101
	-10.068 -5.101
	-9.868 -5.101
	-9.667 -5.101
	-9.466 -5.101
	-9.266 -5.101
	-9.065 -5.101
	-8.865 -5.101
	-8.664 -5.101
	-8.463 -5.101
	-8.32896 -5.101
	-8.56973 -4.97862
	-8.88534 -4.7918
	-9.18545 -4.58994
	-9.47493 -4.36878
	-9.74964 -4.13178
	-10.0097 -3.87892
	-10.2517 -3.61387
	-10.4791 -3.33501
	-10.6944 -3.03584
	-10.8902 -2.72388
	-11.0631 -2.40844
	-11.07 -2.39393
	-11.07 -2.474

-23
	1.072 -6.196
	1.072 -5.995
	1.072 -5.794
	1.072 -5.594
	1.072 -5.393
	1.072 -5.192
	1.072 -4.992
	1.072 -4.791
	1.072 -4.591
	1.072 -4.39
	1.072 -4.189
	1.072 -3.989
	1.072 -3.788
	1.072 -3.587
	1.072 -3.387
	1.072 -3.186
	1.072 -2.985
	1.072 -2.785
	1.072 -2.584
	1.072 -2.383
	1.072 -2.183
	1.072 -1.982
	1.072 -1.781
	1.072 -1.581
	1.072 -1.38
	1.072 -1.18
	1.072 -0.979
	1.072 -0.778
	1.072 -0.578
	1.072 -0.377
	1.072 -0.176
	1.072 0.024
	1.072 0.225
	1.072 0.426
	1.072 0.626
	1.072 0.827
	1.072 1.028
	1.072 1.228
	1.072 1.429
	1.072 1.629
	1.072 1.83
	1.072 2.031
	1.072 2.231
	1.072 2.432
	1.072 2.633
	1.072 2.833
	1.072 3.034
	1.072 3.235
	1.072 3.435
	1.072 3.636
	1.072 3.837
	1.072 4.037
	1.072 4.238
	1.072 4.439
	1.072 4.639
	1.072 4.84
	1.072 5.04
	1.072 5.241
	1.072 5.442
	1.072 5.642
	1.072 5.843
	1.072 6.044
	1.072 6.244
	1.072 6.445
	1.072 6.646
	1.072 6.846
	1.072 7.047
	1.072 7.062
	0.877 7.062
	0.676 7.062
	0.476 7.062
	0.275 7.062
	0.074 7.062
	-0.126 7.062
	-0.327 7.062
	-0.528 7.062
	-0.728 7.062
	-0.929 7.062
	-1.129 7.062
	-1.33 7.062
	-1.531 7.062
	-1.731 7.062
	-1.932 7.062
	-2.133 7.062
	-2.333 7.062
	-2.534 7.062
	-2.735 7.062
	-2.935 7.062
	-3.136 7.062
	-3.337 7.062
	-3.537 7.062
	-3.738 7.062
	-3.939 7.062
	-4.139 7.062
	-4.34 7.062
	-4.54 7.062
	-4.741 7.062
	-4.942 7.062
	-5.142 7.062
	-5.343 7.062
	-5.544 7.062
	-5.744 7.062
	-5.945 7.062
	-6.146 7.062
	-6.346 7.062
	-6.547 7.062
	-6.748 7.062
	-6.948 7.062
	-7.149 7.062
	-7.349 7.062
	-7.55 7.062
	-7.751 7.062
	-7.951 7.062
	-8.152 7.062
	-8.353 7.062
	-8.553 7.062
	-8.754 7.062
	-8.955 7.062
	-9.155 7.062
	-9.356 7.062
	-9.557 7.062
	-9.757 7.062
	-9.958 7.062
	-10.159 7.062
	-10.359 7.062
	-10.56 7.062
	-10.76 7.062
	-10.961 7.062
	-11.162 7.062
	-11.362 7.062
	-11.563 7.062
	-11.764 7.062
	-11.964 7.062
	-12.165 7.062
	-12.27 7.062
	-12.27 6.957
	-12.27 6.756
	-12.27 6.556
	-12.27 6.355
	-12.27 6.154
	-12.27 5.954
	-12.27 5.753
	-12.27 5.552
	-12.27 5.352
	-12.27 5.151
	-12.27 4.95
	-12.27 4.75
	-12.27 4.549
	-12.27 4.348
	-12.27 4.148
	-12.27 3.947
	-12.27 3.747
	-12.27 3.546
	-12.27 3.345
	-12.27 3.145
	-12.27 2.944
	-12.27 2.743
	-12.27 2.543
	-12.27 2.342
	-12.27 2.141
	-12.27 1.941
	-12.27 1.74
	-12.27 1.539
	-12.27 1.339
	-12.27 1.138
	-12.27 0.937
	-12.27 0.737
	-12.27 0.536
	-12.27 0.336
	-12.27 0.135
	-12.27 -0.066
	-12.27 -0.266
	-12.27 -0.467
	-12.27 -0.668
	-12.27 -0.868
	-12.27 -1.069
	-12.27 -1.27
	-12.27 -1.47
	-12.27 -1.671
	-12.27 -1.872
	-12.27 -2.072
	-12.27 -2.273
	-12.27 -2.474
	-12.27 -2.674
	-12.27 -2.875
	-12.27 -3.075
	-12.27 -3.276
	-12.27 -3.477
	-12.27 -3.677
	-12.27 -3.878
	-12.27 -4.079
	-12.27 -4.279
	-12.27 -4.48
	-12.27 -4.681
	-12.27 -4.881
	-12.27 -5.082
	-12.27 -5.283
	-12.27 -5.483
	-12.27 -5.684
	-12.27 -5.884
	-12.27 -6.085
	-12.27 -6.286
	-12.27 -6.301
	-12.075 -6.301
	-11.874 -6.301
	-11.674 -6.301
	-11.473 -6.301
	-11.272 -6.301
	-11.072 -6.301
	-10.871 -6.301
	-10.67 -6.301
	-10.47 -6.301
	-10.269 -6.301
	-10.068 -6.301
	-9.868 -6.301
	-9.667 -6.301
	-9.466 -6.301
	-9.266 -6.301
	-9.065 -6.301
	-8.865 -6.301
	-8.664 -6.301
	-8.463 -6.301
	-8.263 -6.301
	-8.062 -6.301
	-7.861 -6.301
	-7.661 -6.301
	-7.46 -6.301
	-7.259 -6.301
	-7.059 -6.301
	-6.858 -6.301
	-6.657 -6.301
	-6.457 -6.301
	-6.256 -6.301
	-6.056 -6.301
	-5.855 -6.301
	-5.654 -6.301
	-5.454 -6.301
	-5.253 -6.301
	-5.052 -6.301
	-4.852 -6.301
	-4.651 -6.301
	-4.45 -6.301
	-4.25 -6.301
	-4.049 -6.301
	-3.848 -6.301
	-3.648 -6.301
	-3.447 -6.301
	-3.246 -6.301
	-3.046 -6.301
	-2.845 -6.301
	-2.645 -6.301
	-2.444 -6.301
	-2.243 -6.301
	-2.043 -6.301
	-1.842 -6.301
	-1.641 -6.301
	-1.441 -6.301
	-1.24 -6.301
	-1.039 -6.301
	-0.839 -6.301
	-0.638 -6.301
	-0.437 -6.301
	-0.237 -6.301
	-0.036 -6.301
	0.164 -6.301
	0.365 -6.301
	0.566 -6.301
	0.766 -6.301
	0.967 -6.301
	1.072 -6.301
	1.072 -6.196

	-0.775335 0.381111
	-0.784099 0.0860546
	-0.811515 -0.203972
	-0.854402 -0.489889
	-0.916116 -0.779357
	-0.995141 -1.05954
	-1.08921 -1.33595
	-1.20317 -1.60917
	-1.32962 -1.86926
	-1.47341 -2.12488
	-1.63442 -2.37371
	-1.80792 -2.60793
	-1.99272 -2.82999
	-2.19196 -3.04222
	-2.40766 -3.24618
	-2.63297 -3.43249
	-2.86779 -3.60644
	-3.11412 -3.76438
	-3.36684 -3.90796
	-3.63291 -4.03733
	-3.90304 -4.14856
	-4.17851 -4.24375
	-4.45842 -4.32166
	-4.74575 -4.38406
	-5.03382 -4.42749
	-5.32529 -4.4549
	-5.61889 -4.46366
	-5.91395 -4.4549
	-6.20397 -4.42749
	-6.49349 -4.38406
	-6.77937 -4.32166
	-7.05955 -4.24407
	-7.33596 -4.14856
	-7.60609 -4.03733
	-7.87216 -3.90796
	-8.12488 -3.76438
	-8.37121 -3.60644
	-8.60793 -3.43108
	-8.83207 -3.24455
	-9.04408 -3.04407
	-9.24455 -2.83207
	-9.43108 -2.60794
	-9.60644 -2.3712
	-9.76438 -2.12488
	-9.90796 -1.87216
	-10.0373 -1.60609
	-10.1486 -1.33596
	-10.2441 -1.05955
	-10.3217 -0.779375
	-10.3841 -0.493491
	-10.4275 -0.203971
	-10.4549 0.0860528
	-10.4637 0.381111
	-10.4549 0.67471
	-10.4275 0.966178
	-10.3841 1.25425
	-10.3217 1.54159
	-10.2437 1.82149
	-10.1486 2.09696
	-10.0373 2.36709
	-9.90796 2.63316
	-9.76438 2.88588
	-9.60644 3.1322
	-9.43249 3.36703
	-9.24618 3.59234
	-9.04222 3.80804
	-8.82999 4.00728
	-8.60793 4.19208
	-8.37371 4.36558
	-8.12488 4.52659
	-7.86926 4.67038
	-7.60917 4.79683
	-7.33595 4.91079
	-7.05954 5.00486
	-6.77936 5.08388
	-6.48989 5.1456
	-6.20397 5.18849
	-5.91395 5.2159
	-5.61889 5.22466
	-5.32529 5.2159
	-5.03382 5.18849
	-4.74934 5.1456
	-4.4584 5.08388
	-4.17851 5.00453
	-3.90305 4.91079
	-3.62983 4.79683
	-3.36975 4.67038
	-3.11412 4.52659
	-2.86529 4.36558
	-2.63297 4.19349
	-2.40974 4.0089
	-2.19381 3.80619
	-1.9911 3.59026
	-1.80651 3.36703
	-1.63442 3.13471
	-1.47341 2.88588
	-1.32962 2.63026
	-1.20317 2.37017
	-1.08921 2.09695
	-0.995467 1.82149
	-0.916116 1.5416
	-0.854402 1.25067
	-0.811515 0.966179
	-0.784099 0.674708
	-0.775335 0.381111

	-0.128 -4.992
	-0.128 -4.791
	-0.128 -4.591
	-0.128 -4.39
	-0.128 -4.189
	-0.128 -3.989
	-0.128 -3.788
	-0.128 -3.587
	-0.128 -3.387
	-0.128 -3.186
	-0.128 -2.985
	-0.128 -2.785
	-0.128 -2.584
	-0.128 -2.383
	-0.128 -2.183
	-0.128 -2.14217
	-0.26612 -2.42626
	-0.445738 -2.74558
	-0.647559 -3.05748
	-0.863853 -3.34948
	-1.0933 -3.62517
	-1.34153 -3.88959
	-1.61219 -4.14552
	-1.89295 -4.37769
	-2.18603 -4.59479
	-2.49342 -4.79188
	-2.80751 -4.97034
	-3.07626 -5.101
	-3.046 -5.101
	-2.845 -5.101
	-2.645 -5.101
	-2.444 -5.101
	-2.243 -5.101
	-2.043 -5.101
	-1.842 -5.101
	-1.641 -5.101
	-1.441 -5.101
	-1.24 -5.101
	-1.039 -5.101
	-0.839 -5.101
	-0.638 -5.101
	-0.437 -5.101
	-0.237 -5.101
	-0.128 -5.101
	-0.128 -4.992

	-0.128 3.034
	-0.128 3.235
	-0.128 3.435
	-0.128 3.636
	-0.128 3.837
	-0.128 4.037
	-0.128 4.238
	-0.128 4.439
	-0.128 4.639
	-0.128 4.84
	-0.128 5.04
	-0.128 5.241
	-0.128 5.442
	-0.128 5.642
	-0.128 5.843
	-0.128 5.862
	-0.327 5.862
	-0.528 5.862
	-0.728 5.862
	-0.929 5.862
	-1.129 5.862
	-1.33 5.862
	-1.531 5.862
	-1.731 5.862
	-1.932 5.862
	-2.133 5.862
	-2.333 5.862
	-2.534 5.862
	-2.735 5.862
	-2.935 5.862
	-3.07626 5.862
	-2.81274 5.73388
	-2.49342 5.55426
	-2.18152 5.35244
	-1.89295 5.13869
	-1.61594 4.90962
	-1.34486 4.65514
	-1.09038 4.38406
	-0.861311 4.10705
	-0.647559 3.81848
	-0.445738 3.50658
	-0.26612 3.18726
	-0.128 2.90317
	-0.128 3.034

	-8.353 5.862
	-8.553 5.862
	-8.754 5.862
	-8.955 5.862
	-9.155 5.862
	-9.356 5.862
	-9.557 5.862
	-9.757 5.862
	-9.958 5.862
	-10.159 5.862
	-10.359 5.862
	-10.56 5.862
	-10.76 5.862
	-10.961 5.862
	-11.07 5.862
	-11.07 5.753
	-11.07 5.552
	-11.07 5.352
	-11.07 5.151
	-11.07 4.95
	-11.07 4.75
	-11.07 4.549
	-11.07 4.348
	-11.07 4.148
	-11.07 3.947
	-11.07 3.747
	-11.07 3.546
	-11.07 3.345
	-11.07 3.145
	-11.07 2.9875
	-10.9703 3.1925
	-10.7919 3.50658
	-10.5948 3.81397
	-10.3777 4.10705
	-10.1455 4.38782
	-9.88959 4.65847
	-9.62518 4.9067
	-9.34948 5.13615
	-9.05748 5.35244
	-8.74558 5.55426
	-8.42626 5.73388
	-8.16274 5.862
	-8.353 5.862

	-11.07 -2.273
	-11.07 -2.474
	-11.07 -2.674
	-11.07 -2.875
	-11.07 -3.075
	-11.07 -3.276
	-11.07 -3.477
	-11.07 -3.677
	-11.07 -3.878
	-11.07 -4.079
	-11.07 -4.279
	-11.07 -4.48
	-11.07 -4.681
	-11.07 -4.881
	-11.07 -5.082
	-11.07 -5.101
	-10.871 -5.101
	-10.67 -5.101
	-10.47 -5.101
	-10.269 -5.101
	-10.068 -5.101
	-9.868 -5.101
	-9.667 -5.101
	-9.466 -5.101
	-9.266 -5.101
	-9.065 -5.101
	-8.865 -5.101
	-8.664 -5.101
	-8.463 -5.101
	-8.263 -5.101
	-8.16274 -5.101
	-8.43149 -4.97034
	-8.74558 -4.79188
	-9.05297 -4.59479
	-9.34948 -4.37515
	-9.62892 -4.14258
	-9.89294 -3.89293
	-10.1426 -3.62892
	-10.3751 -3.34948
	-10.5948 -3.05297
	-10.7919 -2.74558
	-10.9703 -2.4315
	-11.07 -2.2265
	-11.07 -2.273

-22.5
	1.072 -6.196
	1.072 -5.995
	1.072 -5.794
	1.072 -5.594
	1.072 -5.393
	1.072 -5.192
	1.072 -4.992
	1.072 -4.791
	1.072 -4.591
	1.072 -4.39
	1.072 -4.189
	1.072 -3.989
	1.072 -3.788
	1.072 -3.587
	1.072 -3.387
	1.072 -3.186
	1.072 -2.985
	1.072 -2.785
	1.072 -2.584
	1.072 -2.383
	1.072 -2.183
	1.072 -1.982
	1.072 -1.781
	1.072 -1.581
	1.072 -1.38
	1.072 -1.18
	1.072 -0.979
	1.072 -0.778
	1.072 -0.578
	1.072 -0.377
	1.072 -0.176
	1.072 0.024
	1.072 0.225
	1.072 0.426
	1.072 0.626
	1.072 0.827
	1.072 1.028
	1.072 1.228
	1.072 1.429
	1.072 1.629
	1.072 1.83
	1.072 2.031
	1.072 2.231
	1.072 2.432
	1.072 2.633
	1.072 2.833
	1.072 3.034
	1.072 3.235
	1.072 3.435
	1.072 3.636
	1.072 3.837
	1.072 4.037
	1.072 4.238
	1.072 4.439
	1.072 4.639
	1.072 4.84
	1.072 5.04
	1.072 5.241
	1.072 5.442
	1.072 5.642
	1.072 5.843
	1.072 6.044
	1.072 6.244
	1.072 6.445
	1.072 6.646
	1.072 6.846
	1.072 7.047
	1.072 7.062
	0.877 7.062
	0.676 7.062
	0.476 7.062
	0.275 7.062
	0.074 7.062
	-0.126 7.062
	-0.327 7.062
	-0.528 7.062
	-0.728 7.062
	-0.929 7.062
	-1.129 7.062
	-1.33 7.062
	-1.531 7.062
	-1.731 7.062
	-1.932 7.062
	-2.133 7.062
	-2.333 7.062
	-2.534 7.062
	-2.735 7.062
	-2.935 7.062
	-3.136 7.062
	-3.337 7.062
	-3.537 7.062
	-3.738 7.062
	-3.939 7.062
	-4.139 7.062
	-4.34 7.062
	-4.54 7.062
	-4.741 7.062
	-4.942 7.062
	-5.142 7.062
	-5.343 7.062
	-5.544 7.062
	-5.744 7.062
	-5.945 7.062
	-6.146 7.062
	-6.346 7.062
	-6.547 7.062
	-6.748 7.062
	-6.948 7.062
	-7.149 7.062
	-7.349 7.062
	-7.55 7.062
	-7.751 7.062
	-7.951 7.062
	-8.152 7.062
	-8.353 7.062
	-8.553 7.062
	-8.754 7.062
	-8.955 7.062
	-9.155 7.062
	-9.356 7.062
	-9.557 7.062
	-9.757 7.062
	-9.958 7.062
	-10.159 7.062
	-10.359 7.062
	-10.56 7.062
	-10.76 7.062
	-10.961 7.062
	-11.162 7.062
	-11.362 7.062
	-11.563 7.062
	-11.764 7.062
	-11.964 7.062
	-12.165 7.062
	-12.27 7.062
	-12.27 6.957
	-12.27 6.756
	-12.27 6.556
	-12.27 6.355
	-12.27 6.154
	-12.27 5.954
	-12.27 5.753
	-12.27 5.552
	-12.27 5.352
	-12.27 5.151
	-12.27 4.95
	-12.27 4.75
	-12.27 4.549
	-12.27 4.348
	-12.27 4.148
	-12.27 3.947
	-12.27 3.747
	-12.27 3.546
	-12.27 3.345
	-12.27 3.145
	-12.27 2.944
	-12.27 2.743
	-12.27 2.543
	-12.27 2.342
	-12.27 2.141
	-12.27 1.941
	-12.27 1.74
	-12.27 1.539
	-12.27 1.339
	-12.27 1.138
	-12.27 0.937
	-12.27 0.737
	-12.27 0.536
	-12.27 0.336
	-12.27 0.135
	-12.27 -0.066
	-12.27 -0.266
	-12.27 -0.467
	-12.27 -0.668
	-12.27 -0.868
	-12.27 -1.069
	-12.27 -1.27
	-12.27 -1.47
	-12.27 -1.671
	-12.27 -1.872
	-12.27 -2.072
	-12.27 -2.273
	-12.27 -2.474
	-12.27 -2.674
	-12.27 -2.875
	-12.27 -3.075
	-12.27 -3.276
	-12.27 -3.477
	-12.27 -3.677
	-12.27 -3.878
	-12.27 -4.079
	-12.27 -4.279
	-12.27 -4.48
	-12.27 -4.681
	-12.27 -4.881
	-12.27 -5.082
	-12.27 -5.283
	-12.27 -5.483
	-12.27 -5.684
	-12.27 -5.884
	-12.27 -6.085
	-12.27 -6.286
	-12.27 -6.301
	-12.075 -6.301
	-11.874 -6.301
	-11.674 -6.301
	-11.473 -6.301
	-11.272 -6.301
	-11.072 -6.301
	-10.871 -6.301
	-10.67 -6.301
	-10.47 -6.301
	-10.269 -6.301
	-10.068 -6.301
	-9.868 -6.301
	-9.667 -6.301
	-9.466 -6.301
	-9.266 -6.301
	-9.065 -6.301
	-8.865 -6.301
	-8.664 -6.301
	-8.463 -6.301
	-8.263 -6.301
	-8.062 -6.301
	-7.861 -6.301
	-7.661 -6.301
	-7.46 -6.301
	-7.259 -6.301
	-7.059 -6.301
	-6.858 -6.301
	-6.657 -6.301
	-6.457 -6.301
	-6.256 -6.301
	-6.056 -6.301
	-5.855 -6.301
	-5.654 -6.301
	-5.454 -6.301
	-5.253 -6.301
	-5.052 -6.301
	-4.852 -6.301
	-4.651 -6.301
	-4.45 -6.301
	-4.25 -6.301
	-4.049 -6.301
	-3.848 -6.301
	-3.648 -6.301
	-3.447 -6.301
	-3.246 -6.301
	-3.046 -6.301
	-2.845 -6.301
	-2.645 -6.301
	-2.444 -6.301
	-2.243 -6.301
	-2.043 -6.301
	-1.842 -6.301
	-1.641 -6.301
	-1.441 -6.301
	-1.24 -6.301
	-1.039 -6.301
	-0.839 -6.301
	-0.638 -6.301
	-0.437 -6.301
	-0.237 -6.301
	-0.036 -6.301
	0.164 -6.301
	0.365 -6.301
	0.566 -6.301
	0.766 -6.301
	0.967 -6.301
	1.072 -6.301
	1.072 -6.196

	-0.848348 0.381109
	-0.857068 0.0846201
	-0.885095 -0.213345
	-0.9317 -0.506086
	-0.995424 -0.794291
	-1.07685 -1.07782
	-1.17606 -1.35794
	-1.29372 -1.63299
	-1.42751 -1.89766
	-1.57689 -2.15395
	-1.74195 -2.39863
	-1.92204 -2.63583
	-2.1181 -2.85969
	-2.32393 -3.06987
	-2.54623 -3.26877
	-2.77908 -3.45329
	-3.023 -3.62171
	-3.27583 -3.77573
	-3.54058 -3.91399
	-3.81129 -4.03479
	-4.08978 -4.13886
	-4.37422 -4.22492
	-4.66023 -4.29281
	-4.95229 -4.34392
	-5.24697 -4.37602
	-5.54703 -4.39072
	-5.84209 -4.38491
	-6.13756 -4.36308
	-6.43468 -4.32021
	-6.7215 -4.26112
	-7.00665 -4.1844
	-7.28918 -4.08925
	-7.56591 -3.97591
	-7.8336 -3.84572
	-8.08831 -3.70181
	-8.34024 -3.53975
	-8.57945 -3.36071
	-8.80353 -3.17255
	-9.01854 -2.96777
	-9.22031 -2.74992
	-9.40923 -2.51853
	-9.58248 -2.27627
	-9.7389 -2.02571
	-9.88003 -1.76673
	-10.0058 -1.49616
	-10.1129 -1.22253
	-10.2048 -0.939599
	-10.279 -0.647289
	-10.3325 -0.358357
	-10.3703 -0.064166
	-10.388 0.234707
	-10.388 0.526293
	-10.3703 0.825166
	-10.3325 1.11936
	-10.279 1.40829
	-10.2048 1.7006
	-10.1129 1.98353
	-10.0058 2.25716
	-9.88003 2.52773
	-9.7389 2.78671
	-9.58248 3.03727
	-9.40923 3.27953
	-9.22031 3.51092
	-9.02036 3.72681
	-8.80557 3.93283
	-8.57718 4.12462
	-8.33775 4.30236
	-8.08831 4.46281
	-7.8336 4.60672
	-7.56591 4.73691
	-7.28918 4.85025
	-7.00665 4.9454
	-6.7215 5.02212
	-6.43468 5.08121
	-6.1412 5.12355
	-5.84208 5.14713
	-5.54334 5.15154
	-5.24697 5.13702
	-4.95229 5.10492
	-4.66023 5.05381
	-4.37422 4.98592
	-4.08978 4.89986
	-3.81129 4.79579
	-3.54058 4.67499
	-3.27583 4.53673
	-3.023 4.38271
	-2.77908 4.21429
	-2.54623 4.02977
	-2.32587 3.8326
	-2.11811 3.62192
	-1.92058 3.3949
	-1.7432 3.16128
	-1.57689 2.9162
	-1.42668 2.657
	-1.29372 2.39399
	-1.17654 2.12007
	-1.07685 1.84005
	-0.995205 1.5543
	-0.9317 1.26709
	-0.885095 0.974345
	-0.857079 0.676488
	-0.848348 0.381109

	-0.128 -4.992
	-0.128 -4.791
	-0.128 -4.591
	-0.128 -4.39
	-0.128 -4.189
	-0.128 -3.989
	-0.128 -3.788
	-0.128 -3.587
	-0.128 -3.387
	-0.128 -3.186
	-0.128 -2.985
	-0.128 -2.785
	-0.128 -2.584
	-0.128 -2.383
	-0.128 -2.183
	-0.128 -1.982
	-0.128 -1.95901
	-0.205505 -2.14018
	-0.372727 -2.47099
	-0.56001 -2.79231
	-0.765902 -3.09753
	-0.991675 -3.39489
	-1.23738 -3.67544
	-1.49428 -3.93776
	-1.77281 -4.18698
	-2.06474 -4.41832
	-2.36939 -4.62867
	-2.68529 -4.82112
	-3.01784 -4.99478
	-3.25587 -5.101
	-3.246 -5.101
	-3.046 -5.101
	-2.845 -5.101
	-2.645 -5.101
	-2.444 -5.101
	-2.243 -5.101
	-2.043 -5.101
	-1.842 -5.101
	-1.641 -5.101
	-1.441 -5.101
	-1.24 -5.101
	-1.039 -5.101
	-0.839 -5.101
	-0.638 -5.101
	-0.437 -5.101
	-0.237 -5.101
	-0.128 -5.101
	-0.128 -4.992

	-0.128 2.833
	-0.128 3.034
	-0.128 3.235
	-0.128 3.435
	-0.128 3.636
	-0.128 3.837
	-0.128 4.037
	-0.128 4.238
	-0.128 4.439
	-0.128 4.639
	-0.128 4.84
	-0.128 5.04
	-0.128 5.241
	-0.128 5.442
	-0.128 5.642
	-0.128 5.843
	-0.128 5.862
	-0.327 5.862
	-0.528 5.862
	-0.728 5.862
	-0.929 5.862
	-1.129 5.862
	-1.33 5.862
	-1.531 5.862
	-1.731 5.862
	-1.932 5.862
	-2.133 5.862
	-2.333 5.862
	-2.534 5.862
	-2.735 5.862
	-2.935 5.862
	-3.136 5.862
	-3.25588 5.862
	-3.01784 5.75578
	-2.68529 5.58212
	-2.36939 5.38967
	-2.06474 5.17932
	-1.77281 4.94798
	-1.49776 4.70188
	-1.2374 4.43785
	-0.989038 4.15242
	-0.768153 3.8615
	-0.560006 3.55476
	-0.371218 3.229
	-0.205505 2.90118
	-0.128 2.72001
	-0.128 2.833

	-8.152 5.862
	-8.353 5.862
	-8.553 5.862
	-8.754 5.862
	-8.955 5.862
	-9.155 5.862
	-9.356 5.862
	-9.557 5.862
	-9.757 5.862
	-9.958 5.862
	-10.159 5.862
	-10.359 5.862
	-10.56 5.862
	-10.76 5.862
	-10.961 5.862
	-11.07 5.862
	-11.07 5.753
	-11.07 5.552
	-11.07 5.352
	-11.07 5.151
	-11.07 4.95
	-11.07 4.75
	-11.07 4.549
	-11.07 4.348
	-11.07 4.148
	-11.07 3.947
	-11.07 3.747
	-11.07 3.546
	-11.07 3.345
	-11.07 3.145
	-11.07 2.944
	-11.07 2.81459
	-10.9521 3.06831
	-10.7756 3.39208
	-10.5805 3.70468
	-10.363 4.00876
	-10.1262 4.29885
	-9.87664 4.56826
	-9.60763 4.82629
	-9.32133 5.06671
	-9.02075 5.28984
	-8.70856 5.49066
	-8.39168 5.66969
	-8.05623 5.83283
	-7.98502 5.862
	-8.152 5.862

	-11.07 -2.072
	-11.07 -2.273
	-11.07 -2.474
	-11.07 -2.674
	-11.07 -2.875
	-11.07 -3.075
	-11.07 -3.276
	-11.07 -3.477
	-11.07 -3.677
	-11.07 -3.878
	-11.07 -4.079
	-11.07 -4.279
	-11.07 -4.48
	-11.07 -4.681
	-11.07 -4.881
	-11.07 -5.082
	-11.07 -5.101
	-10.871 -5.101
	-10.67 -5.101
	-10.47 -5.101
	-10.269 -5.101
	-10.068 -5.101
	-9.868 -5.101
	-9.667 -5.101
	-9.466 -5.101
	-9.266 -5.101
	-9.065 -5.101
	-8.865 -5.101
	-8.664 -5.101
	-8.463 -5.101
	-8.263 -5.101
	-8.062 -5.101
	-7.98502 -5.101
	-8.05623 -5.07183
	-8.39168 -4.90869
	-8.70856 -4.72966
	-9.02523 -4.52596
	-9.32541 -4.30128
	-9.60395 -4.06738
	-9.87338 -3.81078
	-10.1262 -3.53785
	-10.363 -3.24776
	-10.5805 -2.94368
	-10.7756 -2.63108
	-10.9521 -2.30731
	-11.07 -2.05359
	-11.07 -2.072

-22
	1.072 -6.196
	1.072 -5.995
	1.072 -5.794
	1.072 -5.594
	1.072 -5.393
	1.072 -5.192
	1.072 -4.992
	1.072 -4.791
	1.072 -4.591
	1.072 -4.39
	1.072 -4.189
	1.072 -3.989
	1.072 -3.788
	1.072 -3.587
	1.072 -3.387
	1.072 -3.186
	1.072 -2.985
	1.072 -2.785
	1.072 -2.584
	1.072 -2.383
	1.072 -2.183
	1.072 -1.982
	1.072 -1.781
	1.072 -1.581
	1.072 -1.38
	1.072 -1.18
	1.072 -0.979
	1.072 -0.778
	1.072 -0.578
	1.072 -0.377
	1.072 -0.176
	1.072 0.024
	1.072 0.225
	1.072 0.426
	1.072 0.626
	1.072 0.827
	1.072 1.028
	1.072 1.228
	1.072 1.429
	1.072 1.629
	1.072 1.83
	1.072 2.031
	1.072 2.231
	1.072 2.432
	1.072 2.633
	1.072 2.833
	1.072 3.034
	1.072 3.235
	1.072 3.435
	1.072 3.636
	1.072 3.837
	1.072 4.037
	1.072 4.238
	1.072 4.439
	1.072 4.639
	1.072 4.84
	1.072 5.04
	1.072 5.241
	1.072 5.442
	1.072 5.642
	1.072 5.843
	1.072 6.044
	1.072 6.244
	1.072 6.445
	1.072 6.646
	1.072 6.846
	1.072 7.047
	1.072 7.062
	0.877 7.062
	0.676 7.062
	0.476 7.062
	0.275 7.062
	0.074 7.062
	-0.126 7.062
	-0.327 7.062
	-0.528 7.062
	-0.728 7.062
	-0.929 7.062
	-1.129 7.062
	-1.33 7.062
	-1.531 7.062
	-1.731 7.062
	-1.932 7.062
	-2.133 7.062
	-2.333 7.062
	-2.534 7.062
	-2.735 7.062
	-2.935 7.062
	-3.136 7.062
	-3.337 7.062
	-3.537 7.062
	-3.738 7.062
	-3.939 7.062
	-4.139 7.062
	-4.34 7.062
	-4.54 7.062
	-4.741 7.062
	-4.942 7.062
	-5.142 7.062
	-5.343 7.062
	-5.544 7.062
	-5.744 7.062
	-5.945 7.062
	-6.146 7.062
	-6.346 7.062
	-6.547 7.062
	-6.748 7.062
	-6.948 7.062
	-7.149 7.062
	-7.349 7.062
	-7.55 7.062
	-7.751 7.062
	-7.951 7.062
	-8.152 7.062
	-8.353 7.062
	-8.553 7.062
	-8.754 7.062
	-8.955 7.062
	-9.155 7.062
	-9.356 7.062
	-9.557 7.062
	-9.757 7.062
	-9.958 7.062
	-10.159 7.062
	-10.359 7.062
	-10.56 7.062
	-10.76 7.062
	-10.961 7.062
	-11.162 7.062
	-11.362 7.062
	-11.563 7.062
	-11.764 7.062
	-11.964 7.062
	-12.165 7.062
	-12.27 7.062
	-12.27 6.957
	-12.27 6.756
	-12.27 6.556
	-12.27 6.355
	-12.27 6.154
	-12.27 5.954
	-12.27 5.753
	-12.27 5.552
	-12.27 5.352
	-12.27 5.151
	-12.27 4.95
	-12.27 4.75
	-12.27 4.549
	-12.27 4.348
	-12.27 4.148
	-12.27 3.947
	-12.27 3.747
	-12.27 3.546
	-12.27 3.345
	-12.27 3.145
	-12.27 2.944
	-12.27 2.743
	-12.27 2.543
	-12.27 2.342
	-12.27 2.141
	-12.27 1.941
	-12.27 1.74
	-12.27 1.539
	-12.27 1.339
	-12.27 1.138
	-12.27 0.937
	-12.27 0.737
	-12.27 0.536
	-12.27 0.336
	-12.27 0.135
	-12.27 -0.066
	-12.27 -0.266
	-12.27 -0.467
	-12.27 -0.668
	-12.27 -0.868
	-12.27 -1.069
	-12.27 -1.27
	-12.27 -1.47
	-12.27 -1.671
	-12.27 -1.872
	-12.27 -2.072
	-12.27 -2.273
	-12.27 -2.474
	-12.27 -2.674
	-12.27 -2.875
	-12.27 -3.075
	-12.27 -3.276
	-12.27 -3.477
	-12.27 -3.677
	-12.27 -3.878
	-12.27 -4.079
	-12.27 -4.279
	-12.27 -4.48
	-12.27 -4.681
	-12.27 -4.881
	-12.27 -5.082
	-12.27 -5.283
	-12.27 -5.483
	-12.27 -5.684
	-12.27 -5.884
	-12.27 -6.085
	-12.27 -6.286
	-12.27 -6.301
	-12.075 -6.301
	-11.874 -6.301
	-11.674 -6.301
	-11.473 -6.301
	-11.272 -6.301
	-11.072 -6.301
	-10.871 -6.301
	-10.67 -6.301
	-10.47 -6.301
	-10.269 -6.301
	-10.068 -6.301
	-9.868 -6.301
	-9.667 -6.301
	-9.466 -6.301
	-9.266 -6.301
	-9.065 -6.301
	-8.865 -6.301
	-8.664 -6.301
	-8.463 -6.301
	-8.263 -6.301
	-8.062 -6.301
	-7.861 -6.301
	-7.661 -6.301
	-7.46 -6.301
	-7.259 -6.301
	-7.059 -6.301
	-6.858 -6.301
	-6.657 -6.301
	-6.457 -6.301
	-6.256 -6.301
	-6.056 -6.301
	-5.855 -6.301
	-5.654 -6.301
	-5.454 -6.301
	-5.253 -6.301
	-5.052 -6.301
	-4.852 -6.301
	-4.651 -6.301
	-4.45 -6.301
	-4.25 -6.301
	-4.049 -6.301
	-3.848 -6.301
	-3.648 -6.301
	-3.447 -6.301
	-3.246 -6.301
	-3.046 -6.301
	-2.845 -6.301
	-2.645 -6.301
	-2.444 -6.301
	-2.243 -6.301
	-2.043 -6.301
	-1.842 -6.301
	-1.641 -6.301
	-1.441 -6.301
	-1.24 -6.301
	-1.039 -6.301
	-0.839 -6.301
	-0.638 -6.301
	-0.437 -6.301
	-0.237 -6.301
	-0.036 -6.301
	0.164 -6.301
	0.365 -6.301
	0.566 -6.301
	0.766 -6.301
	0.967 -6.301
	1.072 -6.301
	1.072 -6.196

	-0.921342 0.38111
	-0.930079 0.0855119
	-0.958095 -0.212346
	-1.00539 -0.509439
	-1.07166 -0.801006
	-1.15569 -1.08701
	-1.25795 -1.36603
	-1.37657 -1.63842
	-1.51366 -1.90374
	-1.66621 -2.15899
	-1.83583 -2.4053
	-2.02053 -2.63984
	-2.21817 -2.8609
	-2.43231 -3.07209
	-2.65862 -3.26734
	-2.89217 -3.44466
	-3.14011 -3.61143
	-3.40258 -3.76205
	-3.66613 -3.89238
	-3.94169 -4.00879
	-4.22655 -4.10671
	-4.51084 -4.18504
	-4.80099 -4.24658
	-5.09851 -4.28951
	-5.39663 -4.31312
	-5.69584 -4.31755
	-5.99121 -4.303
	-6.28998 -4.27046
	-6.58095 -4.21782
	-6.87178 -4.14878
	-7.15718 -4.05858
	-7.43287 -3.95411
	-7.70563 -3.82959
	-7.9677 -3.68904
	-8.22272 -3.5313
	-8.46521 -3.35789
	-8.69682 -3.17026
	-8.91489 -2.96828
	-9.12186 -2.75244
	-9.31421 -2.52162
	-9.48897 -2.28424
	-9.64956 -2.0346
	-9.79538 -1.77389
	-9.92497 -1.5013
	-10.0342 -1.22612
	-10.1273 -0.945389
	-10.2031 -0.653899
	-10.2589 -0.361637
	-10.2968 -0.0670571
	-10.316 0.230784
	-10.316 0.529979
	-10.2968 0.829294
	-10.2588 1.1231
	-10.2033 1.41399
	-10.1273 1.70764
	-10.0337 1.98821
	-9.92497 2.26231
	-9.79538 2.53489
	-9.64956 2.7956
	-9.48897 3.04524
	-9.31421 3.28262
	-9.1235 3.51148
	-8.91489 3.73051
	-8.6947 3.93297
	-8.46521 4.11889
	-8.22272 4.2923
	-7.9677 4.45004
	-7.70562 4.59059
	-7.436 4.71368
	-7.15716 4.82081
	-6.87175 4.90954
	-6.58093 4.98004
	-6.28635 5.03185
	-5.99121 5.064
	-5.69584 5.07855
	-5.39662 5.07412
	-5.09851 5.05051
	-4.80099 5.00758
	-4.51084 4.94604
	-4.22655 4.86771
	-3.94169 4.76979
	-3.66613 4.65338
	-3.40258 4.52305
	-3.14011 4.37243
	-2.89461 4.2073
	-2.65862 4.02958
	-2.43032 3.83112
	-2.21817 3.6219
	-2.02205 3.40254
	-1.83583 3.16754
	-1.66514 2.91819
	-1.51366 2.66474
	-1.37657 2.39942
	-1.25795 2.12703
	-1.15569 1.84801
	-1.07166 1.56201
	-1.00539 1.27044
	-0.958095 0.973346
	-0.930089 0.675597
	-0.921342 0.38111

	-0.128 -4.992
	-0.128 -4.791
	-0.128 -4.591
	-0.128 -4.39
	-0.128 -4.189
	-0.128 -3.989
	-0.128 -3.788
	-0.128 -3.587
	-0.128 -3.387
	-0.128 -3.186
	-0.128 -2.985
	-0.128 -2.785
	-0.128 -2.584
	-0.128 -2.383
	-0.128 -2.183
	-0.128 -1.982
	-0.128 -1.781
	-0.128 -1.77014
	-0.143505 -1.81245
	-0.292228 -2.15396
	-0.46458 -2.48754
	-0.655987 -2.80778
	-0.86929 -3.11753
	-1.10095 -3.41171
	-1.3487 -3.68882
	-1.61816 -3.95456
	-1.90312 -4.20041
	-2.1939 -4.42119
	-2.5058 -4.63098
	-2.83744 -4.82129
	-3.16623 -4.98388
	-3.44346 -5.101
	-3.246 -5.101
	-3.046 -5.101
	-2.845 -5.101
	-2.645 -5.101
	-2.444 -5.101
	-2.243 -5.101
	-2.043 -5.101
	-1.842 -5.101
	-1.641 -5.101
	-1.441 -5.101
	-1.24 -5.101
	-1.039 -5.101
	-0.839 -5.101
	-0.638 -5.101
	-0.437 -5.101
	-0.237 -5.101
	-0.128 -5.101
	-0.128 -4.992

	-0.128 2.633
	-0.128 2.833
	-0.128 3.034
	-0.128 3.235
	-0.128 3.435
	-0.128 3.636
	-0.128 3.837
	-0.128 4.037
	-0.128 4.238
	-0.128 4.439
	-0.128 4.639
	-0.128 4.84
	-0.128 5.04
	-0.128 5.241
	-0.128 5.442
	-0.128 5.642
	-0.128 5.843
	-0.128 5.862
	-0.327 5.862
	-0.528 5.862
	-0.728 5.862
	-0.929 5.862
	-1.129 5.862
	-1.33 5.862
	-1.531 5.862
	-1.731 5.862
	-1.932 5.862
	-2.133 5.862
	-2.333 5.862
	-2.534 5.862
	-2.735 5.862
	-2.935 5.862
	-3.136 5.862
	-3.337 5.862
	-3.44346 5.862
	-3.16623 5.74488
	-2.83744 5.58229
	-2.5058 5.39198
	-2.1983 5.18515
	-1.90311 4.96284
	-1.61457 4.71202
	-1.3487 4.44982
	-1.1037 4.17578
	-0.869289 3.87998
	-0.654055 3.56555
	-0.46458 3.24854
	-0.292228 2.91496
	-0.143505 2.57345
	-0.128 2.53114
	-0.128 2.633

	-7.951 5.862
	-8.152 5.862
	-8.353 5.862
	-8.553 5.862
	-8.754 5.862
	-8.955 5.862
	-9.155 5.862
	-9.356 5.862
	-9.557 5.862
	-9.757 5.862
	-9.958 5.862
	-10.159 5.862
	-10.359 5.862
	-10.56 5.862
	-10.76 5.862
	-10.961 5.862
	-11.07 5.862
	-11.07 5.753
	-11.07 5.552
	-11.07 5.352
	-11.07 5.151
	-11.07 4.95
	-11.07 4.75
	-11.07 4.549
	-11.07 4.348
	-11.07 4.148
	-11.07 3.947
	-11.07 3.747
	-11.07 3.546
	-11.07 3.345
	-11.07 3.145
	-11.07 2.944
	-11.07 2.743
	-11.07 2.63022
	-11.0257 2.74175
	-10.8621 3.086
	-10.6788 3.41368
	-10.4777 3.72624
	-10.2592 4.02312
	-10.0199 4.31026
	-9.7564 4.58693
	-9.47927 4.84174
	-9.19258 5.074
	-8.8881 5.29175
	-8.56746 5.49006
	-8.23892 5.66626
	-7.90081 5.82062
	-7.7931 5.862
	-7.951 5.862

	-11.07 -1.872
	-11.07 -2.072
	-11.07 -2.273
	-11.07 -2.474
	-11.07 -2.674
	-11.07 -2.875
	-11.07 -3.075
	-11.07 -3.276
	-11.07 -3.477
	-11.07 -3.677
	-11.07 -3.878
	-11.07 -4.079
	-11.07 -4.279
	-11.07 -4.48
	-11.07 -4.681
	-11.07 -4.881
	-11.07 -5.082
	-11.07 -5.101
	-10.871 -5.101
	-10.67 -5.101
	-10.47 -5.101
	-10.269 -5.101
	-10.068 -5.101
	-9.868 -5.101
	-9.667 -5.101
	-9.466 -5.101
	-9.266 -5.101
	-9.065 -5.101
	-8.865 -5.101
	-8.664 -5.101
	-8.463 -5.101
	-8.263 -5.101
	-8.062 -5.101
	-7.861 -5.101
	-7.79276 -5.101
	-7.89516 -5.06219
	-8.23893 -4.90526
	-8.56745 -4.72906
	-8.8881 -4.53075
	-9.19258 -4.313
	-9.48307 -4.07766
	-9.7564 -3.82451
	-10.0169 -3.5528
	-10.2592 -3.26212
	-10.4777 -2.96524
	-10.6788 -2.65268
	-10.8621 -2.325
	-11.0257 -1.98075
	-11.07 -1.86922
	-11.07 -1.872

-21.5
	1.072 -6.196
	1.072 -5.995
	1.072 -5.794
	1.072 -5.594
	1.072 -5.393
	1.072 -5.192
	1.072 -4.992
	1.072 -4.791
	1.072 -4.591
	1.072 -4.39
	1.072 -4.189
	1.072 -3.989
	1.072 -3.788
	1.072 -3.587
	1.072 -3.387
	1.072 -3.186
	1.072 -2.985
	1.072 -2.785
	1.072 -2.584
	1.072 -2.383
	1.072 -2.183
	1.072 -1.982
	1.072 -1.781
	1.072 -1.581
	1.072 -1.38
	1.072 -1.18
	1.072 -0.979
	1.072 -0.778
	1.072 -0.578
	1.072 -0.377
	1.072 -0.176
	1.072 0.024
	1.072 0.225
	1.072 0.426
	1.072 0.626
	1.072 0.827
	1.072 1.028
	1.072 1.228
	1.072 1.429
	1.072 1.629
	1.072 1.83
	1.072 2.031
	1.072 2.231
	1.072 2.432
	1.072 2.633
	1.072 2.833
	1.072 3.034
	1.072 3.235
	1.072 3.435
	1.072 3.636
	1.072 3.837
	1.072 4.037
	1.072 4.238
	1.072 4.439
	1.072 4.639
	1.072 4.84
	1.072 5.04
	1.072 5.241
	1.072 5.442
	1.072 5.642
	1.072 5.843
	1.072 6.044
	1.072 6.244
	1.072 6.445
	1.072 6.646
	1.072 6.846
	1.072 7.047
	1.072 7.062
	0.877 7.062
	0.676 7.062
	0.476 7.062
	0.275 7.062
	0.074 7.062
	-0.126 7.062
	-0.327 7.062
	-0.528 7.062
	-0.728 7.062
	-0.929 7.062
	-1.129 7.062
	-1.33 7.062
	-1.531 7.062
	-1.731 7.062
	-1.932 7.062
	-2.133 7.062
	-2.333 7.062
	-2.534 7.062
	-2.735 7.062
	-2.935 7.062
	-3.136 7.062
	-3.337 7.062
	-3.537 7.062
	-3.738 7.062
	-3.939 7.062
	-4.139 7.062
	-4.34 7.062
	-4.54 7.062
	-4.741 7.062
	-4.942 7.062
	-5.142 7.062
	-5.343 7.062
	-5.544 7.062
	-5.744 7.062
	-5.945 7.062
	-6.146 7.062
	-6.346 7.062
	-6.547 7.062
	-6.748 7.062
	-6.948 7.062
	-7.149 7.062
	-7.349 7.062
	-7.55 7.062
	-7.751 7.062
	-7.951 7.062
	-8.152 7.062
	-8.353 7.062
	-8.553 7.062
	-8.754 7.062
	-8.955 7.062
	-9.155 7.062
	-9.356 7.062
	-9.557 7.062
	-9.757 7.062
	-9.958 7.062
	-10.159 7.062
	-10.359 7.062
	-10.56 7.062
	-10.76 7.062
	-10.961 7.062
	-11.162 7.062
	-11.362 7.062
	-11.563 7.062
	-11.764 7.062
	-11.964 7.062
	-12.165 7.062
	-12.27 7.062
	-12.27 6.957
	-12.27 6.756
	-12.27 6.556
	-12.27 6.355
	-12.27 6.154
	-12.27 5.954
	-12.27 5.753
	-12.27 5.552
	-12.27 5.352
	-12.27 5.151
	-12.27 4.95
	-12.27 4.75
	-12.27 4.549
	-12.27 4.348
	-12.27 4.148
	-12.27 3.947
	-12.27 3.747
	-12.27 3.546
	-12.27 3.345
	-12.27 3.145
	-12.27 2.944
	-12.27 2.743
	-12.27 2.543
	-12.27 2.342
	-12.27 2.141
	-12.27 1.941
	-12.27 1.74
	-12.27 1.539
	-12.27 1.339
	-12.27 1.138
	-12.27 0.937
	-12.27 0.737
	-12.27 0.536
	-12.27 0.336
	-12.27 0.135
	-12.27 -0.066
	-12.27 -0.266
	-12.27 -0.467
	-12.27 -0.668
	-12.27 -0.868
	-12.27 -1.069
	-12.27 -1.27
	-12.27 -1.47
	-12.27 -1.671
	-12.27 -1.872
	-12.27 -2.072
	-12.27 -2.273
	-12.27 -2.474
	-12.27 -2.674
	-12.27 -2.875
	-12.27 -3.075
	-12.27 -3.276
	-12.27 -3.477
	-12.27 -3.677
	-12.27 -3.878
	-12.27 -4.079
	-12.27 -4.279
	-12.27 -4.48
	-12.27 -4.681
	-12.27 -4.881
	-12.27 -5.082
	-12.27 -5.283
	-12.27 -5.483
	-12.27 -5.684
	-12.27 -5.884
	-12.27 -6.085
	-12.27 -6.286
	-12.27 -6.301
	-12.075 -6.301
	-11.874 -6.301
	-11.674 -6.301
	-11.473 -6.301
	-11.272 -6.301
	-11.072 -6.301
	-10.871 -6.301
	-10.67 -6.301
	-10.47 -6.301
	-10.269 -6.301
	-10.068 -6.301
	-9.868 -6.301
	-9.667 -6.301
	-9.466 -6.301
	-9.266 -6.301
	-9.065 -6.301
	-8.865 -6.301
	-8.664 -6.301
	-8.463 -6.301
	-8.263 -6.301
	-8.062 -6.301
	-7.861 -6.301
	-7.661 -6.301
	-7.46 -6.301
	-7.259 -6.301
	-7.059 -6.301
	-6.858 -6.301
	-6.657 -6.301
	-6.457 -6.301
	-6.256 -6.301
	-6.056 -6.301
	-5.855 -6.301
	-5.654 -6.301
	-5.454 -6.301
	-5.253 -6.301
	-5.052 -6.301
	-4.852 -6.301
	-4.651 -6.301
	-4.45 -6.301
	-4.25 -6.301
	-4.049 -6.301
	-3.848 -6.301
	-3.648 -6.301
	-3.447 -6.301
	-3.246 -6.301
	-3.046 -6.301
	-2.845 -6.301
	-2.645 -6.301
	-2.444 -6.301
	-2.243 -6.301
	-2.043 -6.301
	-1.842 -6.301
	-1.641 -6.301
	-1.441 -6.301
	-1.24 -6.301
	-1.039 -6.301
	-0.839 -6.301
	-0.638 -6.301
	-0.437 -6.301
	-0.237 -6.301
	-0.036 -6.301
	0.164 -6.301
	0.365 -6.301
	0.566 -6.301
	0.766 -6.301
	0.967 -6.301
	1.072 -6.301
	1.072 -6.196

	-0.993104 0.381128
	-1.00344 0.0814861
	-1.03155 -0.215912
	-1.08106 -0.515956
	-1.14872 -0.805731
	-1.23328 -1.08857
	-1.33784 -1.37238
	-1.46247 -1.64867
	-1.60029 -1.90835
	-1.75546 -2.16401
	-1.93256 -2.41377
	-2.12061 -2.64442
	-2.31975 -2.86101
	-2.53756 -3.06986
	-2.77068 -3.26413
	-3.01079 -3.43942
	-3.26359 -3.60056
	-3.52629 -3.74453
	-3.79616 -3.87067
	-4.07568 -3.98069
	-4.36169 -4.07109
	-4.65441 -4.14427
	-4.95126 -4.19622
	-5.24453 -4.22977
	-5.54303 -4.24455
	-5.84143 -4.24012
	-6.14368 -4.21618
	-6.44012 -4.17171
	-6.73061 -4.11009
	-7.02166 -4.028
	-7.30223 -3.92811
	-7.57833 -3.81085
	-7.84708 -3.67349
	-8.10094 -3.52321
	-8.35074 -3.3537
	-8.58837 -3.16688
	-8.80993 -2.96881
	-9.02011 -2.75566
	-9.21727 -2.52714
	-9.39639 -2.28928
	-9.56075 -2.04128
	-9.70931 -1.7813
	-9.8428 -1.50833
	-9.95445 -1.23213
	-10.0496 -0.952464
	-10.1275 -0.658934
	-10.1853 -0.364175
	-10.2238 -0.0680056
	-10.243 0.230781
	-10.243 0.530219
	-10.2238 0.829006
	-10.1853 1.12517
	-10.1275 1.41993
	-10.0499 1.71231
	-9.95445 1.99434
	-9.84219 2.27058
	-9.71012 2.54065
	-9.56177 2.80175
	-9.39516 3.05315
	-9.2158 3.28984
	-9.02011 3.51666
	-8.80993 3.72981
	-8.58837 3.92788
	-8.35074 4.1147
	-8.10094 4.28421
	-7.84708 4.43449
	-7.57833 4.57185
	-7.30223 4.68911
	-7.02166 4.789
	-6.73061 4.87109
	-6.44012 4.93271
	-6.14368 4.97718
	-5.84143 5.00112
	-5.54303 5.00555
	-5.24821 4.99096
	-4.95128 4.95846
	-4.65088 4.90438
	-4.36169 4.83209
	-4.07568 4.74169
	-3.79616 4.63167
	-3.52629 4.50553
	-3.26359 4.36156
	-3.01079 4.20042
	-2.77068 4.02513
	-2.53756 3.83086
	-2.32157 3.62375
	-2.12062 3.40666
	-1.93121 3.17286
	-1.75658 2.92658
	-1.6012 2.67205
	-1.46176 2.40932
	-1.33731 2.13195
	-1.23328 1.84957
	-1.14872 1.56673
	-1.08106 1.27696
	-1.03155 0.976911
	-1.00345 0.679641
	-0.993104 0.381128

	-0.128 -4.992
	-0.128 -4.791
	-0.128 -4.591
	-0.128 -4.39
	-0.128 -4.189
	-0.128 -3.989
	-0.128 -3.788
	-0.128 -3.587
	-0.128 -3.387
	-0.128 -3.186
	-0.128 -2.985
	-0.128 -2.785
	-0.128 -2.584
	-0.128 -2.383
	-0.128 -2.183
	-0.128 -1.982
	-0.128 -1.781
	-0.128 -1.581
	-0.128 -1.55969
	-0.226514 -1.82709
	-0.384446 -2.1772
	-0.55652 -2.50142
	-0.751824 -2.82321
	-0.97701 -3.14078
	-1.2131 -3.43036
	-1.46196 -3.70101
	-1.7372 -3.96495
	-2.03202 -4.21063
	-2.33382 -4.43096
	-2.65206 -4.63382
	-2.98333 -4.81536
	-3.32189 -4.9736
	-3.64556 -5.101
	-3.447 -5.101
	-3.246 -5.101
	-3.046 -5.101
	-2.845 -5.101
	-2.645 -5.101
	-2.444 -5.101
	-2.243 -5.101
	-2.043 -5.101
	-1.842 -5.101
	-1.641 -5.101
	-1.441 -5.101
	-1.24 -5.101
	-1.039 -5.101
	-0.839 -5.101
	-0.638 -5.101
	-0.437 -5.101
	-0.237 -5.101
	-0.128 -5.101
	-0.128 -4.992

	-0.128 2.432
	-0.128 2.633
	-0.128 2.833
	-0.128 3.034
	-0.128 3.235
	-0.128 3.435
	-0.128 3.636
	-0.128 3.837
	-0.128 4.037
	-0.128 4.238
	-0.128 4.439
	-0.128 4.639
	-0.128 4.84
	-0.128 5.04
	-0.128 5.241
	-0.128 5.442
	-0.128 5.642
	-0.128 5.843
	-0.128 5.862
	-0.327 5.862
	-0.528 5.862
	-0.728 5.862
	-0.929 5.862
	-1.129 5.862
	-1.33 5.862
	-1.531 5.862
	-1.731 5.862
	-1.932 5.862
	-2.133 5.862
	-2.333 5.862
	-2.534 5.862
	-2.735 5.862
	-2.935 5.862
	-3.136 5.862
	-3.337 5.862
	-3.537 5.862
	-3.64556 5.862
	-3.32189 5.7346
	-2.98333 5.57636
	-2.65206 5.39482
	-2.33382 5.19196
	-2.03202 4.97163
	-1.7372 4.72595
	-1.46523 4.46515
	-1.21311 4.19279
	-0.974581 3.89835
	-0.753837 3.58705
	-0.558151 3.2665
	-0.383161 2.93678
	-0.225567 2.58551
	-0.128 2.32069
	-0.128 2.432

	-7.751 5.862
	-7.951 5.862
	-8.152 5.862
	-8.353 5.862
	-8.553 5.862
	-8.754 5.862
	-8.955 5.862
	-9.155 5.862
	-9.356 5.862
	-9.557 5.862
	-9.757 5.862
	-9.958 5.862
	-10.159 5.862
	-10.359 5.862
	-10.56 5.862
	-10.76 5.862
	-10.961 5.862
	-11.07 5.862
	-11.07 5.753
	-11.07 5.552
	-11.07 5.352
	-11.07 5.151
	-11.07 4.95
	-11.07 4.75
	-11.07 4.549
	-11.07 4.348
	-11.07 4.148
	-11.07 3.947
	-11.07 3.747
	-11.07 3.546
	-11.07 3.345
	-11.07 3.145
	-11.07 2.944
	-11.07 2.743
	-11.07 2.543
	-11.07 2.43668
	-10.9383 2.76065
	-10.7718 3.10117
	-10.5848 3.43035
	-10.3745 3.74767
	-10.1492 4.04491
	-9.90261 4.33079
	-9.63787 4.59925
	-9.35987 4.84779
	-9.05933 5.08407
	-8.74409 5.29798
	-8.42634 5.48608
	-8.08659 5.65972
	-7.73842 5.8076
	-7.58563 5.862
	-7.751 5.862

	-11.07 -1.872
	-11.07 -2.072
	-11.07 -2.273
	-11.07 -2.474
	-11.07 -2.674
	-11.07 -2.875
	-11.07 -3.075
	-11.07 -3.276
	-11.07 -3.477
	-11.07 -3.677
	-11.07 -3.878
	-11.07 -4.079
	-11.07 -4.279
	-11.07 -4.48
	-11.07 -4.681
	-11.07 -4.881
	-11.07 -5.082
	-11.07 -5.101
	-10.871 -5.101
	-10.67 -5.101
	-10.47 -5.101
	-10.269 -5.101
	-10.068 -5.101
	-9.868 -5.101
	-9.667 -5.101
	-9.466 -5.101
	-9.266 -5.101
	-9.065 -5.101
	-8.865 -5.101
	-8.664 -5.101
	-8.463 -5.101
	-8.263 -5.101
	-8.062 -5.101
	-7.861 -5.101
	-7.661 -5.101
	-7.58563 -5.101
	-7.73842 -5.0466
	-8.08659 -4.89872
	-8.42634 -4.72508
	-8.74409 -4.53698
	-9.05934 -4.32306
	-9.35987 -4.08679
	-9.63787 -3.83825
	-9.90261 -3.56979
	-10.1519 -3.28086
	-10.3767 -2.98231
	-10.583 -2.67111
	-10.7704 -2.34315
	-10.9394 -1.99739
	-11.07 -1.67442
	-11.07 -1.872

-21
	1.072 -6.196
	1.072 -5.995
	1.072 -5.794
	1.072 -5.594
	1.072 -5.393
	1.072 -5.192
	1.072 -4.992
	1.072 -4.791
	1.072 -4.591
	1.072 -4.39
	1.072 -4.189
	1.072 -3.989
	1.072 -3.788
	1.072 -3.587
	1.072 -3.387
	1.072 -3.186
	1.072 -2.985
	1.072 -2.785
	1.072 -2.584
	1.072 -2.383
	1.072 -2.183
	1.072 -1.982
	1.072 -1.781
	1.072 -1.581
	1.072 -1.38
	1.072 -1.18
	1.072 -0.979
	1.072 -0.778
	1.072 -0.578
	1.072 -0.377
	1.072 -0.176
	1.072 0.024
	1.072 0.225
	1.072 0.426
	1.072 0.626
	1.072 0.827
	1.072 1.028
	1.072 1.228
	1.072 1.429
	1.072 1.629
	1.072 1.83
	1.072 2.031
	1.072 2.231
	1.072 2.432
	1.072 2.633
	1.072 2.833
	1.072 3.034
	1.072 3.235
	1.072 3.435
	1.072 3.636
	1.072 3.837
	1.072 4.037
	1.072 4.238
	1.072 4.439
	1.072 4.639
	1.072 4.84
	1.072 5.04
	1.072 5.241
	1.072 5.442
	1.072 5.642
	1.072 5.843
	1.072 6.044
	1.072 6.244
	1.072 6.445
	1.072 6.646
	1.072 6.846
	1.072 7.047
	1.072 7.062
	0.877 7.062
	0.676 7.062
	0.476 7.062
	0.275 7.062
	0.074 7.062
	-0.126 7.062
	-0.327 7.062
	-0.528 7.062
	-0.728 7.062
	-0.929 7.062
	-1.129 7.062
	-1.33 7.062
	-1.531 7.062
	-1.731 7.062
	-1.932 7.062
	-2.133 7.062
	-2.333 7.062
	-2.534 7.062
	-2.735 7.062
	-2.935 7.062
	-3.136 7.062
	-3.337 7.062
	-3.537 7.062
	-3.738 7.062
	-3.939 7.062
	-4.139 7.062
	-4.34 7.062
	-4.54 7.062
	-4.741 7.062
	-4.942 7.062
	-5.142 7.062
	-5.343 7.062
	-5.544 7.062
	-5.744 7.062
	-5.945 7.062
	-6.146 7.062
	-6.346 7.062
	-6.547 7.062
	-6.748 7.062
	-6.948 7.062
	-7.149 7.062
	-7.349 7.062
	-7.55 7.062
	-7.751 7.062
	-7.951 7.062
	-8.152 7.062
	-8.353 7.062
	-8.553 7.062
	-8.754 7.062
	-8.955 7.062
	-9.155 7.062
	-9.356 7.062
	-9.557 7.062
	-9.757 7.062
	-9.958 7.062
	-10.159 7.062
	-10.359 7.062
	-10.56 7.062
	-10.76 7.062
	-10.961 7.062
	-11.162 7.062
	-11.362 7.062
	-11.563 7.062
	-11.764 7.062
	-11.964 7.062
	-12.165 7.062
	-12.27 7.062
	-12.27 6.957
	-12.27 6.756
	-12.27 6.556
	-12.27 6.355
	-12.27 6.154
	-12.27 5.954
	-12.27 5.753
	-12.27 5.552
	-12.27 5.352
	-12.27 5.151
	-12.27 4.95
	-12.27 4.75
	-12.27 4.549
	-12.27 4.348
	-12.27 4.148
	-12.27 3.947
	-12.27 3.747
	-12.27 3.546
	-12.27 3.345
	-12.27 3.145
	-12.27 2.944
	-12.27 2.743
	-12.27 2.543
	-12.27 2.342
	-12.27 2.141
	-12.27 1.941
	-12.27 1.74
	-12.27 1.539
	-12.27 1.339
	-12.27 1.138
	-12.27 0.937
	-12.27 0.737
	-12.27 0.536
	-12.27 0.336
	-12.27 0.135
	-12.27 -0.066
	-12.27 -0.266
	-12.27 -0.467
	-12.27 -0.668
	-12.27 -0.868
	-12.27 -1.069
	-12.27 -1.27
	-12.27 -1.47
	-12.27 -1.671
	-12.27 -1.872
	-12.27 -2.072
	-12.27 -2.273
	-12.27 -2.474
	-12.27 -2.674
	-12.27 -2.875
	-12.27 -3.075
	-12.27 -3.276
	-12.27 -3.477
	-12.27 -3.677
	-12.27 -3.878
	-12.27 -4.079
	-12.27 -4.279
	-12.27 -4.48
	-12.27 -4.681
	-12.27 -4.881
	-12.27 -5.082
	-12.27 -5.283
	-12.27 -5.483
	-12.27 -5.684
	-12.27 -5.884
	-12.27 -6.085
	-12.27 -6.286
	-12.27 -6.301
	-12.075 -6.301
	-11.874 -6.301
	-11.674 -6.301
	-11.473 -6.301
	-11.272 -6.301
	-11.072 -6.301
	-10.871 -6.301
	-10.67 -6.301
	-10.47 -6.301
	-10.269 -6.301
	-10.068 -6.301
	-9.868 -6.301
	-9.667 -6.301
	-9.466 -6.301
	-9.266 -6.301
	-9.065 -6.301
	-8.865 -6.301
	-8.664 -6.301
	-8.463 -6.301
	-8.263 -6.301
	-8.062 -6.301
	-7.861 -6.301
	-7.661 -6.301
	-7.46 -6.301
	-7.259 -6.301
	-7.059 -6.301
	-6.858 -6.301
	-6.657 -6.301
	-6.457 -6.301
	-6.256 -6.301
	-6.056 -6.301
	-5.855 -6.301
	-5.654 -6.301
	-5.454 -6.301
	-5.253 -6.301
	-5.052 -6.301
	-4.852 -6.301
	-4.651 -6.301
	-4.45 -6.301
	-4.25 -6.301
	-4.049 -6.301
	-3.848 -6.301
	-3.648 -6.301
	-3.447 -6.301
	-3.246 -6.301
	-3.046 -6.301
	-2.845 -6.301
	-2.645 -6.301
	-2.444 -6.301
	-2.243 -6.301
	-2.043 -6.301
	-1.842 -6.301
	-1.641 -6.301
	-1.441 -6.301
	-1.24 -6.301
	-1.039 -6.301
	-0.839 -6.301
	-0.638 -6.301
	-0.437 -6.301
	-0.237 -6.301
	-0.036 -6.301
	0.164 -6.301
	0.365 -6.301
	0.566 -6.301
	0.766 -6.301
	0.967 -6.301
	1.072 -6.301
	1.072 -6.196

	-1.06611 0.381127
	-1.07653 0.0776422
	-1.10633 -0.224864
	-1.15706 -0.524789
	-1.22745 -0.822811
	-1.31867 -1.1144
	-1.42718 -1.39683
	-1.55559 -1.67306
	-1.70181 -1.94014
	-1.86627 -2.1973
	-2.04664 -2.44176
	-2.24112 -2.6716
	-2.45412 -2.89367
	-2.68178 -3.09737
	-2.91796 -3.28484
	-3.16937 -3.45693
	-3.43107 -3.61246
	-3.70253 -3.74893
	-3.98038 -3.86779
	-4.27027 -3.96843
	-4.56622 -4.04955
	-4.86171 -4.10865
	-5.16289 -4.1504
	-5.46902 -4.17
	-5.76875 -4.17
	-6.07588 -4.15043
	-6.37729 -4.10865
	-6.67278 -4.04955
	-6.96873 -3.96843
	-7.25862 -3.86779
	-7.53799 -3.74828
	-7.80667 -3.61246
	-8.06808 -3.45799
	-8.32104 -3.28484
	-8.55914 -3.09584
	-8.78361 -2.89367
	-8.99617 -2.67362
	-9.19236 -2.44176
	-9.37272 -2.1973
	-9.53719 -1.94014
	-9.68341 -1.67306
	-9.81182 -1.39683
	-9.92159 -1.11112
	-10.0103 -0.822804
	-10.0813 -0.528312
	-10.1327 -0.224863
	-10.1625 0.0776448
	-10.1729 0.381127
	-10.1625 0.683481
	-10.1327 0.985255
	-10.0813 1.29057
	-10.0101 1.58463
	-9.92159 1.87212
	-9.81182 2.15783
	-9.68341 2.43406
	-9.53719 2.70114
	-9.37272 2.9583
	-9.19236 3.20276
	-8.99617 3.43462
	-8.78551 3.6527
	-8.55915 3.85808
	-8.31865 4.04747
	-8.06808 4.21899
	-7.80667 4.37346
	-7.53799 4.50928
	-7.25862 4.62879
	-6.96873 4.72943
	-6.67626 4.8096
	-6.37728 4.87089
	-6.07224 4.91166
	-5.76875 4.931
	-5.46902 4.931
	-5.16653 4.91163
	-4.86172 4.87089
	-4.56274 4.8096
	-4.27028 4.72943
	-3.98038 4.62879
	-3.70253 4.50993
	-3.43107 4.37346
	-3.16937 4.21793
	-2.92035 4.04747
	-2.68179 3.8596
	-2.45223 3.6527
	-2.24112 3.4326
	-2.04664 3.20276
	-1.86627 2.9583
	-1.70181 2.70114
	-1.55559 2.43406
	-1.42718 2.15783
	-1.31867 1.8754
	-1.2277 1.58462
	-1.15706 1.28703
	-1.10627 0.985255
	-1.07654 0.683484
	-1.06611 0.381127

	-0.128 -4.992
	-0.128 -4.791
	-0.128 -4.591
	-0.128 -4.39
	-0.128 -4.189
	-0.128 -3.989
	-0.128 -3.788
	-0.128 -3.587
	-0.128 -3.387
	-0.128 -3.186
	-0.128 -2.985
	-0.128 -2.785
	-0.128 -2.584
	-0.128 -2.383
	-0.128 -2.183
	-0.128 -1.982
	-0.128 -1.781
	-0.128 -1.581
	-0.128 -1.38
	-0.128 -1.32755
	-0.1848 -1.50912
	-0.321719 -1.86549
	-0.484057 -2.2147
	-0.668856 -2.55225
	-0.876895 -2.87754
	-1.10475 -3.18638
	-1.34921 -3.47528
	-1.61982 -3.75741
	-1.90801 -4.01526
	-2.20514 -4.2511
	-2.52326 -4.46887
	-2.85433 -4.66562
	-3.19656 -4.83767
	-3.54708 -4.98762
	-3.87368 -5.101
	-3.848 -5.101
	-3.648 -5.101
	-3.447 -5.101
	-3.246 -5.101
	-3.046 -5.101
	-2.845 -5.101
	-2.645 -5.101
	-2.444 -5.101
	-2.243 -5.101
	-2.043 -5.101
	-1.842 -5.101
	-1.641 -5.101
	-1.441 -5.101
	-1.24 -5.101
	-1.039 -5.101
	-0.839 -5.101
	-0.638 -5.101
	-0.437 -5.101
	-0.237 -5.101
	-0.128 -5.101
	-0.128 -4.992

	-0.128 2.231
	-0.128 2.432
	-0.128 2.633
	-0.128 2.833
	-0.128 3.034
	-0.128 3.235
	-0.128 3.435
	-0.128 3.636
	-0.128 3.837
	-0.128 4.037
	-0.128 4.238
	-0.128 4.439
	-0.128 4.639
	-0.128 4.84
	-0.128 5.04
	-0.128 5.241
	-0.128 5.442
	-0.128 5.642
	-0.128 5.843
	-0.128 5.862
	-0.327 5.862
	-0.528 5.862
	-0.728 5.862
	-0.929 5.862
	-1.129 5.862
	-1.33 5.862
	-1.531 5.862
	-1.731 5.862
	-1.932 5.862
	-2.133 5.862
	-2.333 5.862
	-2.534 5.862
	-2.735 5.862
	-2.935 5.862
	-3.136 5.862
	-3.337 5.862
	-3.537 5.862
	-3.738 5.862
	-3.87368 5.862
	-3.54708 5.74862
	-3.19656 5.59867
	-2.85433 5.42662
	-2.52326 5.22987
	-2.20942 5.01504
	-1.90802 4.77768
	-1.61642 4.51486
	-1.34921 4.23628
	-1.10475 3.94738
	-0.876895 3.63854
	-0.668856 3.31325
	-0.484057 2.9757
	-0.321719 2.62649
	-0.1848 2.27012
	-0.128 2.08855
	-0.128 2.231

	-7.55 5.862
	-7.751 5.862
	-7.951 5.862
	-8.152 5.862
	-8.353 5.862
	-8.553 5.862
	-8.754 5.862
	-8.955 5.862
	-9.155 5.862
	-9.356 5.862
	-9.557 5.862
	-9.757 5.862
	-9.958 5.862
	-10.159 5.862
	-10.359 5.862
	-10.56 5.862
	-10.76 5.862
	-10.961 5.862
	-11.07 5.862
	-11.07 5.753
	-11.07 5.552
	-11.07 5.352
	-11.07 5.151
	-11.07 4.95
	-11.07 4.75
	-11.07 4.549
	-11.07 4.348
	-11.07 4.148
	-11.07 3.947
	-11.07 3.747
	-11.07 3.546
	-11.07 3.345
	-11.07 3.145
	-11.07 2.944
	-11.07 2.743
	-11.07 2.543
	-11.07 2.342
	-11.07 2.22024
	-11.0565 2.26422
	-10.9173 2.62649
	-10.7549 2.9757
	-10.5701 3.31325
	-10.3621 3.63854
	-10.1342 3.94738
	-9.88671 4.23992
	-9.62112 4.51486
	-9.33447 4.77494
	-9.02958 5.01504
	-8.71295 5.23178
	-8.38321 5.42662
	-8.04518 5.5975
	-7.69192 5.74862
	-7.36532 5.862
	-7.55 5.862

	-11.07 -1.47
	-11.07 -1.671
	-11.07 -1.872
	-11.07 -2.072
	-11.07 -2.273
	-11.07 -2.474
	-11.07 -2.674
	-11.07 -2.875
	-11.07 -3.075
	-11.07 -3.276
	-11.07 -3.477
	-11.07 -3.677
	-11.07 -3.878
	-11.07 -4.079
	-11.07 -4.279
	-11.07 -4.48
	-11.07 -4.681
	-11.07 -4.881
	-11.07 -5.082
	-11.07 -5.101
	-10.871 -5.101
	-10.67 -5.101
	-10.47 -5.101
	-10.269 -5.101
	-10.068 -5.101
	-9.868 -5.101
	-9.667 -5.101
	-9.466 -5.101
	-9.266 -5.101
	-9.065 -5.101
	-8.865 -5.101
	-8.664 -5.101
	-8.463 -5.101
	-8.263 -5.101
	-8.062 -5.101
	-7.861 -5.101
	-7.661 -5.101
	-7.46 -5.101
	-7.36533 -5.101
	-7.69192 -4.98762
	-8.04518 -4.8365
	-8.38321 -4.66562
	-8.71295 -4.47077
	-9.03386 -4.2511
	-9.33446 -4.01251
	-9.6177 -3.7574
	-9.88671 -3.47892
	-10.1342 -3.18637
	-10.3621 -2.87754
	-10.5701 -2.55225
	-10.7549 -2.2147
	-10.9173 -1.86549
	-11.0565 -1.50322
	-11.07 -1.45924
	-11.07 -1.47

-20.5
	1.072 -6.196
	1.072 -5.995
	1.072 -5.794
	1.072 -5.594
	1.072 -5.393
	1.072 -5.192
	1.072 -4.992
	1.072 -4.791
	1.072 -4.591
	1.072 -4.39
	1.072 -4.189
	1.072 -3.989
	1.072 -3.788
	1.072 -3.587
	1.072 -3.387
	1.072 -3.186
	1.072 -2.985
	1.072 -2.785
	1.072 -2.584
	1.072 -2.383
	1.072 -2.183
	1.072 -1.982
	1.072 -1.781
	1.072 -1.581
	1.072 -1.38
	1.072 -1.18
	1.072 -0.979
	1.072 -0.778
	1.072 -0.578
	1.072 -0.377
	1.072 -0.176
	1.072 0.024
	1.072 0.225
	1.072 0.426
	1.072 0.626
	1.072 0.827
	1.072 1.028
	1.072 1.228
	1.072 1.429
	1.072 1.629
	1.072 1.83
	1.072 2.031
	1.072 2.231
	1.072 2.432
	1.072 2.633
	1.072 2.833
	1.072 3.034
	1.072 3.235
	1.072 3.435
	1.072 3.636
	1.072 3.837
	1.072 4.037
	1.072 4.238
	1.072 4.439
	1.072 4.639
	1.072 4.84
	1.072 5.04
	1.072 5.241
	1.072 5.442
	1.072 5.642
	1.072 5.843
	1.072 6.044
	1.072 6.244
	1.072 6.445
	1.072 6.646
	1.072 6.846
	1.072 7.047
	1.072 7.062
	0.877 7.062
	0.676 7.062
	0.476 7.062
	0.275 7.062
	0.074 7.062
	-0.126 7.062
	-0.327 7.062
	-0.528 7.062
	-0.728 7.062
	-0.929 7.062
	-1.129 7.062
	-1.33 7.062
	-1.531 7.062
	-1.731 7.062
	-1.932 7.062
	-2.133 7.062
	-2.333 7.062
	-2.534 7.062
	-2.735 7.062
	-2.935 7.062
	-3.136 7.062
	-3.337 7.062
	-3.537 7.062
	-3.738 7.062
	-3.939 7.062
	-4.139 7.062
	-4.34 7.062
	-4.54 7.062
	-4.741 7.062
	-4.942 7.062
	-5.142 7.062
	-5.343 7.062
	-5.544 7.062
	-5.744 7.062
	-5.945 7.062
	-6.146 7.062
	-6.346 7.062
	-6.547 7.062
	-6.748 7.062
	-6.948 7.062
	-7.149 7.062
	-7.349 7.062
	-7.55 7.062
	-7.751 7.062
	-7.951 7.062
	-8.152 7.062
	-8.353 7.062
	-8.553 7.062
	-8.754 7.062
	-8.955 7.062
	-9.155 7.062
	-9.356 7.062
	-9.557 7.062
	-9.757 7.062
	-9.958 7.062
	-10.159 7.062
	-10.359 7.062
	-10.56 7.062
	-10.76 7.062
	-10.961 7.062
	-11.162 7.062
	-11.362 7.062
	-11.563 7.062
	-11.764 7.062
	-11.964 7.062
	-12.165 7.062
	-12.27 7.062
	-12.27 6.957
	-12.27 6.756
	-12.27 6.556
	-12.27 6.355
	-12.27 6.154
	-12.27 5.954
	-12.27 5.753
	-12.27 5.552
	-12.27 5.352
	-12.27 5.151
	-12.27 4.95
	-12.27 4.75
	-12.27 4.549
	-12.27 4.348
	-12.27 4.148
	-12.27 3.947
	-12.27 3.747
	-12.27 3.546
	-12.27 3.345
	-12.27 3.145
	-12.27 2.944
	-12.27 2.743
	-12.27 2.543
	-12.27 2.342
	-12.27 2.141
	-12.27 1.941
	-12.27 1.74
	-12.27 1.539
	-12.27 1.339
	-12.27 1.138
	-12.27 0.937
	-12.27 0.737
	-12.27 0.536
	-12.27 0.336
	-12.27 0.135
	-12.27 -0.066
	-12.27 -0.266
	-12.27 -0.467
	-12.27 -0.668
	-12.27 -0.868
	-12.27 -1.069
	-12.27 -1.27
	-12.27 -1.47
	-12.27 -1.671
	-12.27 -1.872
	-12.27 -2.072
	-12.27 -2.273
	-12.27 -2.474
	-12.27 -2.674
	-12.27 -2.875
	-12.27 -3.075
	-12.27 -3.276
	-12.27 -3.477
	-12.27 -3.677
	-12.27 -3.878
	-12.27 -4.079
	-12.27 -4.279
	-12.27 -4.48
	-12.27 -4.681
	-12.27 -4.881
	-12.27 -5.082
	-12.27 -5.283
	-12.27 -5.483
	-12.27 -5.684
	-12.27 -5.884
	-12.27 -6.085
	-12.27 -6.286
	-12.27 -6.301
	-12.075 -6.301
	-11.874 -6.301
	-11.674 -6.301
	-11.473 -6.301
	-11.272 -6.301
	-11.072 -6.301
	-10.871 -6.301
	-10.67 -6.301
	-10.47 -6.301
	-10.269 -6.301
	-10.068 -6.301
	-9.868 -6.301
	-9.667 -6.301
	-9.466 -6.301
	-9.266 -6.301
	-9.065 -6.301
	-8.865 -6.301
	-8.664 -6.301
	-8.463 -6.301
	-8.263 -6.301
	-8.062 -6.301
	-7.861 -6.301
	-7.661 -6.301
	-7.46 -6.301
	-7.259 -6.301
	-7.059 -6.301
	-6.858 -6.301
	-6.657 -6.301
	-6.457 -6.301
	-6.256 -6.301
	-6.056 -6.301
	-5.855 -6.301
	-5.654 -6.301
	-5.454 -6.301
	-5.253 -6.301
	-5.052 -6.301
	-4.852 -6.301
	-4.651 -6.301
	-4.45 -6.301
	-4.25 -6.301
	-4.049 -6.301
	-3.848 -6.301
	-3.648 -6.301
	-3.447 -6.301
	-3.246 -6.301
	-3.046 -6.301
	-2.845 -6.301
	-2.645 -6.301
	-2.444 -6.301
	-2.243 -6.301
	-2.043 -6.301
	-1.842 -6.301
	-1.641 -6.301
	-1.441 -6.301
	-1.24 -6.301
	-1.039 -6.301
	-0.839 -6.301
	-0.638 -6.301
	-0.437 -6.301
	-0.237 -6.301
	-0.036 -6.301
	0.164 -6.301
	0.365 -6.301
	0.566 -6.301
	0.766 -6.301
	0.967 -6.301
	1.072 -6.301
	1.072 -6.196

	-1.13911 0.381127
	-1.14954 0.0772806
	-1.17975 -0.227832
	-1.23281 -0.532547
	-1.30513 -0.829364
	-1.39737 -1.11799
	-1.50919 -1.4051
	-1.64147 -1.68018
	-1.78946 -1.94626
	-1.96 -2.20512
	-2.14504 -2.44883
	-2.34627 -2.67859
	-2.56041 -2.89273
	-2.79017 -3.09396
	-3.03634 -3.28087
	-3.29275 -3.44829
	-3.55592 -3.59614
	-3.8339 -3.72981
	-4.11996 -3.84122
	-4.40837 -3.93387
	-4.71084 -4.0072
	-5.01115 -4.058
	-5.31248 -4.08932
	-5.61887 -4.09989
	-5.9264 -4.08933
	-6.22785 -4.058
	-6.52902 -4.00705
	-6.82936 -3.93387
	-7.11799 -3.84163
	-7.4051 -3.72981
	-7.68308 -3.59614
	-7.94625 -3.44829
	-8.20266 -3.28087
	-8.44883 -3.09396
	-8.67859 -2.89273
	-8.89273 -2.67859
	-9.09396 -2.44883
	-9.28087 -2.20266
	-9.44829 -1.94625
	-9.59614 -1.68308
	-9.72981 -1.4051
	-9.84163 -1.11799
	-9.93387 -0.829363
	-10.0071 -0.529021
	-10.058 -0.22785
	-10.0893 0.0736039
	-10.0999 0.381127
	-10.0893 0.687522
	-10.058 0.98885
	-10.0072 1.28916
	-9.93387 1.59163
	-9.84122 1.88004
	-9.72981 2.1661
	-9.59614 2.44408
	-9.44829 2.70725
	-9.28087 2.96366
	-9.09396 3.20983
	-8.89273 3.43959
	-8.67859 3.65373
	-8.44883 3.85496
	-8.20512 4.04
	-7.94626 4.21054
	-7.68018 4.35853
	-7.4051 4.49081
	-7.11799 4.60263
	-6.82936 4.69487
	-6.53255 4.76719
	-6.22783 4.82025
	-5.92272 4.85046
	-5.61887 4.86089
	-5.31615 4.85045
	-5.01117 4.82025
	-4.70731 4.76734
	-4.40837 4.69487
	-4.11996 4.60222
	-3.8339 4.49081
	-3.55882 4.35853
	-3.29274 4.21054
	-3.03388 4.04
	-2.79017 3.85496
	-2.56041 3.65373
	-2.34627 3.43959
	-2.14504 3.20983
	-1.96 2.96612
	-1.78946 2.70726
	-1.64147 2.44118
	-1.50919 2.1661
	-1.39778 1.88004
	-1.30513 1.59163
	-1.23266 1.29269
	-1.17975 0.988832
	-1.14955 0.683846
	-1.13911 0.381127

	-0.128 -4.992
	-0.128 -4.791
	-0.128 -4.591
	-0.128 -4.39
	-0.128 -4.189
	-0.128 -3.989
	-0.128 -3.788
	-0.128 -3.587
	-0.128 -3.387
	-0.128 -3.186
	-0.128 -2.985
	-0.128 -2.785
	-0.128 -2.584
	-0.128 -2.383
	-0.128 -2.183
	-0.128 -1.982
	-0.128 -1.781
	-0.128 -1.581
	-0.128 -1.38
	-0.128 -1.18
	-0.128 -1.06732
	-0.149232 -1.15446
	-0.265664 -1.51878
	-0.407746 -1.88358
	-0.575448 -2.23233
	-0.762623 -2.56886
	-0.980003 -2.89881
	-1.21468 -3.20789
	-1.46968 -3.49906
	-1.73994 -3.76932
	-2.03111 -4.02433
	-2.34461 -4.26236
	-2.67015 -4.47492
	-3.00146 -4.66105
	-3.35542 -4.83125
	-3.71833 -4.9726
	-4.08307 -5.08977
	-4.1294 -5.101
	-4.049 -5.101
	-3.848 -5.101
	-3.648 -5.101
	-3.447 -5.101
	-3.246 -5.101
	-3.046 -5.101
	-2.845 -5.101
	-2.645 -5.101
	-2.444 -5.101
	-2.243 -5.101
	-2.043 -5.101
	-1.842 -5.101
	-1.641 -5.101
	-1.441 -5.101
	-1.24 -5.101
	-1.039 -5.101
	-0.839 -5.101
	-0.638 -5.101
	-0.437 -5.101
	-0.237 -5.101
	-0.128 -5.101
	-0.128 -4.992

	-0.128 1.83
	-0.128 2.031
	-0.128 2.231
	-0.128 2.432
	-0.128 2.633
	-0.128 2.833
	-0.128 3.034
	-0.128 3.235
	-0.128 3.435
	-0.128 3.636
	-0.128 3.837
	-0.128 4.037
	-0.128 4.238
	-0.128 4.439
	-0.128 4.639
	-0.128 4.84
	-0.128 5.04
	-0.128 5.241
	-0.128 5.442
	-0.128 5.642
	-0.128 5.843
	-0.128 5.862
	-0.327 5.862
	-0.528 5.862
	-0.728 5.862
	-0.929 5.862
	-1.129 5.862
	-1.33 5.862
	-1.531 5.862
	-1.731 5.862
	-1.932 5.862
	-2.133 5.862
	-2.333 5.862
	-2.534 5.862
	-2.735 5.862
	-2.935 5.862
	-3.136 5.862
	-3.337 5.862
	-3.537 5.862
	-3.738 5.862
	-3.939 5.862
	-4.1294 5.862
	-4.08307 5.85077
	-3.71833 5.7336
	-3.35542 5.59225
	-3.00667 5.42455
	-2.67014 5.23738
	-2.34019 5.02
	-2.03111 4.78533
	-1.73994 4.53032
	-1.46968 4.26006
	-1.21467 3.96889
	-0.980004 3.65981
	-0.762623 3.32986
	-0.575448 2.99333
	-0.407746 2.64458
	-0.2664 2.28167
	-0.149232 1.91693
	-0.128 1.82935
	-0.128 1.83

	-7.149 5.862
	-7.349 5.862
	-7.55 5.862
	-7.751 5.862
	-7.951 5.862
	-8.152 5.862
	-8.353 5.862
	-8.553 5.862
	-8.754 5.862
	-8.955 5.862
	-9.155 5.862
	-9.356 5.862
	-9.557 5.862
	-9.757 5.862
	-9.958 5.862
	-10.159 5.862
	-10.359 5.862
	-10.56 5.862
	-10.76 5.862
	-10.961 5.862
	-11.07 5.862
	-11.07 5.753
	-11.07 5.552
	-11.07 5.352
	-11.07 5.151
	-11.07 4.95
	-11.07 4.75
	-11.07 4.549
	-11.07 4.348
	-11.07 4.148
	-11.07 3.947
	-11.07 3.747
	-11.07 3.546
	-11.07 3.345
	-11.07 3.145
	-11.07 2.944
	-11.07 2.743
	-11.07 2.543
	-11.07 2.342
	-11.07 2.141
	-11.07 1.97847
	-10.9726 2.28167
	-10.8313 2.64458
	-10.661 2.99854
	-10.4749 3.32985
	-10.2624 3.65538
	-10.0243 3.96889
	-9.76931 4.26006
	-9.49906 4.53032
	-9.20789 4.78533
	-8.89881 5.02
	-8.56886 5.23738
	-8.23233 5.42455
	-7.88358 5.59225
	-7.51877 5.73434
	-7.15445 5.85077
	-7.10836 5.862
	-7.149 5.862

	-11.07 -1.27
	-11.07 -1.47
	-11.07 -1.671
	-11.07 -1.872
	-11.07 -2.072
	-11.07 -2.273
	-11.07 -2.474
	-11.07 -2.674
	-11.07 -2.875
	-11.07 -3.075
	-11.07 -3.276
	-11.07 -3.477
	-11.07 -3.677
	-11.07 -3.878
	-11.07 -4.079
	-11.07 -4.279
	-11.07 -4.48
	-11.07 -4.681
	-11.07 -4.881
	-11.07 -5.082
	-11.07 -5.101
	-10.871 -5.101
	-10.67 -5.101
	-10.47 -5.101
	-10.269 -5.101
	-10.068 -5.101
	-9.868 -5.101
	-9.667 -5.101
	-9.466 -5.101
	-9.266 -5.101
	-9.065 -5.101
	-8.865 -5.101
	-8.664 -5.101
	-8.463 -5.101
	-8.263 -5.101
	-8.062 -5.101
	-7.861 -5.101
	-7.661 -5.101
	-7.46 -5.101
	-7.259 -5.101
	-7.10836 -5.101
	-7.15445 -5.08977
	-7.51878 -4.97334
	-7.88358 -4.83125
	-8.23754 -4.66105
	-8.56885 -4.47492
	-8.89439 -4.26236
	-9.20789 -4.02433
	-9.49906 -3.76932
	-9.76931 -3.49906
	-10.0243 -3.20789
	-10.2624 -2.89438
	-10.4749 -2.56885
	-10.661 -2.23754
	-10.8313 -1.88358
	-10.9733 -1.51878
	-11.07 -1.21631
	-11.07 -1.27

-20
	1.072 -6.196
	1.072 -5.995
	1.072 -5.794
	1.072 -5.594
	1.072 -5.393
	1.072 -5.192
	1.072 -4.992
	1.072 -4.791
	1.072 -4.591
	1.072 -4.39
	1.072 -4.189
	1.072 -3.989
	1.072 -3.788
	1.072 -3.587
	1.072 -3.387
	1.072 -3.186
	1.072 -2.985
	1.072 -2.785
	1.072 -2.584
	1.072 -2.383
	1.072 -2.183
	1.072 -1.982
	1.072 -1.781
	1.072 -1.581
	1.072 -1.38
	1.072 -1.18
	1.072 -0.979
	1.072 -0.778
	1.072 -0.578
	1.072 -0.377
	1.072 -0.176
	1.072 0.024
	1.072 0.225
	1.072 0.426
	1.072 0.626
	1.072 0.827
	1.072 1.028
	1.072 1.228
	1.072 1.429
	1.072 1.629
	1.072 1.83
	1.072 2.031
	1.072 2.231
	1.072 2.432
	1.072 2.633
	1.072 2.833
	1.072 3.034
	1.072 3.235
	1.072 3.435
	1.072 3.636
	1.072 3.837
	1.072 4.037
	1.072 4.238
	1.072 4.439
	1.072 4.639
	1.072 4.84
	1.072 5.04
	1.072 5.241
	1.072 5.442
	1.072 5.642
	1.072 5.843
	1.072 6.044
	1.072 6.244
	1.072 6.445
	1.072 6.646
	1.072 6.846
	1.072 7.047
	1.072 7.062
	0.877 7.062
	0.676 7.062
	0.476 7.062
	0.275 7.062
	0.074 7.062
	-0.126 7.062
	-0.327 7.062
	-0.528 7.062
	-0.728 7.062
	-0.929 7.062
	-1.129 7.062
	-1.33 7.062
	-1.531 7.062
	-1.731 7.062
	-1.932 7.062
	-2.133 7.062
	-2.333 7.062
	-2.534 7.062
	-2.735 7.062
	-2.935 7.062
	-3.136 7.062
	-3.337 7.062
	-3.537 7.062
	-3.738 7.062
	-3.939 7.062
	-4.139 7.062
	-4.34 7.062
	-4.54 7.062
	-4.741 7.062
	-4.942 7.062
	-5.142 7.062
	-5.343 7.062
	-5.544 7.062
	-5.744 7.062
	-5.945 7.062
	-6.146 7.062
	-6.346 7.062
	-6.547 7.062
	-6.748 7.062
	-6.948 7.062
	-7.149 7.062
	-7.349 7.062
	-7.55 7.062
	-7.751 7.062
	-7.951 7.062
	-8.152 7.062
	-8.353 7.062
	-8.553 7.062
	-8.754 7.062
	-8.955 7.062
	-9.155 7.062
	-9.356 7.062
	-9.557 7.062
	-9.757 7.062
	-9.958 7.062
	-10.159 7.062
	-10.359 7.062
	-10.56 7.062
	-10.76 7.062
	-10.961 7.062
	-11.162 7.062
	-11.362 7.062
	-11.563 7.062
	-11.764 7.062
	-11.964 7.062
	-12.165 7.062
	-12.27 7.062
	-12.27 6.957
	-12.27 6.756
	-12.27 6.556
	-12.27 6.355
	-12.27 6.154
	-12.27 5.954
	-12.27 5.753
	-12.27 5.552
	-12.27 5.352
	-12.27 5.151
	-12.27 4.95
	-12.27 4.75
	-12.27 4.549
	-12.27 4.348
	-12.27 4.148
	-12.27 3.947
	-12.27 3.747
	-12.27 3.546
	-12.27 3.345
	-12.27 3.145
	-12.27 2.944
	-12.27 2.743
	-12.27 2.543
	-12.27 2.342
	-12.27 2.141
	-12.27 1.941
	-12.27 1.74
	-12.27 1.539
	-12.27 1.339
	-12.27 1.138
	-12.27 0.937
	-12.27 0.737
	-12.27 0.536
	-12.27 0.336
	-12.27 0.135
	-12.27 -0.066
	-12.27 -0.266
	-12.27 -0.467
	-12.27 -0.668
	-12.27 -0.868
	-12.27 -1.069
	-12.27 -1.27
	-12.27 -1.47
	-12.27 -1.671
	-12.27 -1.872
	-12.27 -2.072
	-12.27 -2.273
	-12.27 -2.474
	-12.27 -2.674
	-12.27 -2.875
	-12.27 -3.075
	-12.27 -3.276
	-12.27 -3.477
	-12.27 -3.677
	-12.27 -3.878
	-12.27 -4.079
	-12.27 -4.279
	-12.27 -4.48
	-12.27 -4.681
	-12.27 -4.881
	-12.27 -5.082
	-12.27 -5.283
	-12.27 -5.483
	-12.27 -5.684
	-12.27 -5.884
	-12.27 -6.085
	-12.27 -6.286
	-12.27 -6.301
	-12.075 -6.301
	-11.874 -6.301
	-11.674 -6.301
	-11.473 -6.301
	-11.272 -6.301
	-11.072 -6.301
	-10.871 -6.301
	-10.67 -6.301
	-10.47 -6.301
	-10.269 -6.301
	-10.068 -6.301
	-9.868 -6.301
	-9.667 -6.301
	-9.466 -6.301
	-9.266 -6.301
	-9.065 -6.301
	-8.865 -6.301
	-8.664 -6.301
	-8.463 -6.301
	-8.263 -6.301
	-8.062 -6.301
	-7.861 -6.301
	-7.661 -6.301
	-7.46 -6.301
	-7.259 -6.301
	-7.059 -6.301
	-6.858 -6.301
	-6.657 -6.301
	-6.457 -6.301
	-6.256 -6.301
	-6.056 -6.301
	-5.855 -6.301
	-5.654 -6.301
	-5.454 -6.301
	-5.253 -6.301
	-5.052 -6.301
	-4.852 -6.301
	-4.651 -6.301
	-4.45 -6.301
	-4.25 -6.301
	-4.049 -6.301
	-3.848 -6.301
	-3.648 -6.301
	-3.447 -6.301
	-3.246 -6.301
	-3.046 -6.301
	-2.845 -6.301
	-2.645 -6.301
	-2.444 -6.301
	-2.243 -6.301
	-2.043 -6.301
	-1.842 -6.301
	-1.641 -6.301
	-1.441 -6.301
	-1.24 -6.301
	-1.039 -6.301
	-0.839 -6.301
	-0.638 -6.301
	-0.437 -6.301
	-0.237 -6.301
	-0.036 -6.301
	0.164 -6.301
	0.365 -6.301
	0.566 -6.301
	0.766 -6.301
	0.967 -6.301
	1.072 -6.301
	1.072 -6.196

	-1.2111 0.381128
	-1.22181 0.0708034
	-1.25508 -0.234709
	-1.30758 -0.534704
	-1.38234 -0.835298
	-1.47803 -1.12843
	-1.5932 -1.41333
	-1.7273 -1.68754
	-1.88109 -1.95555
	-2.05337 -2.20943
	-2.24033 -2.45067
	-2.44839 -2.68168
	-2.67151 -2.89715
	-2.90606 -3.09261
	-3.15376 -3.27386
	-3.41736 -3.43784
	-3.68568 -3.58024
	-3.96738 -3.70663
	-4.25864 -3.81185
	-4.55364 -3.89657
	-4.85275 -3.95969
	-5.15683 -4.00357
	-5.46608 -4.025
	-5.77292 -4.025
	-6.08217 -4.00357
	-6.38625 -3.95969
	-6.68536 -3.89657
	-6.98157 -3.8115
	-7.27035 -3.70663
	-7.55199 -3.58095
	-7.82164 -3.43784
	-8.08524 -3.27386
	-8.33294 -3.09261
	-8.56749 -2.89715
	-8.79259 -2.67977
	-8.99741 -2.45067
	-9.18399 -2.21185
	-9.35791 -1.95555
	-9.51171 -1.68754
	-9.6458 -1.41333
	-9.76097 -1.12843
	-9.85665 -0.8353
	-9.93142 -0.534706
	-9.98456 -0.231088
	-10.0159 0.0708025
	-10.0282 0.381146
	-10.0159 0.690343
	-9.98456 0.992088
	-9.93142 1.29571
	-9.85665 1.5963
	-9.76097 1.88943
	-9.6458 2.17433
	-9.51171 2.44854
	-9.35791 2.71655
	-9.18399 2.97285
	-8.99741 3.21167
	-8.79259 3.44077
	-8.56749 3.65815
	-8.33294 3.85361
	-8.08524 4.03486
	-7.82164 4.19884
	-7.55199 4.34195
	-7.27035 4.46763
	-6.98157 4.5725
	-6.68883 4.65657
	-6.38625 4.72195
	-6.07852 4.76482
	-5.77292 4.786
	-5.46608 4.786
	-5.16048 4.76482
	-4.85275 4.72195
	-4.55017 4.65657
	-4.25864 4.57285
	-3.96738 4.46763
	-3.68568 4.34124
	-3.41736 4.19884
	-3.15376 4.03486
	-2.90606 3.85361
	-2.67151 3.65815
	-2.44839 3.44268
	-2.24033 3.21167
	-2.05337 2.97043
	-1.88109 2.71655
	-1.7273 2.44854
	-1.5932 2.17433
	-1.47803 1.88943
	-1.38234 1.5963
	-1.30758 1.2957
	-1.25508 0.995709
	-1.22182 0.690324
	-1.2111 0.381128

	-0.128 -4.992
	-0.128 -4.791
	-0.128 -4.591
	-0.128 -4.39
	-0.128 -4.189
	-0.128 -3.989
	-0.128 -3.788
	-0.128 -3.587
	-0.128 -3.387
	-0.128 -3.186
	-0.128 -2.985
	-0.128 -2.785
	-0.128 -2.584
	-0.128 -2.383
	-0.128 -2.183
	-0.128 -1.982
	-0.128 -1.781
	-0.128 -1.581
	-0.128 -1.38
	-0.128 -1.18
	-0.128 -0.979
	-0.128 -0.778
	-0.128 -0.755611
	-0.13284 -0.783268
	-0.228221 -1.16674
	-0.350055 -1.53998
	-0.496563 -1.90239
	-0.666731 -2.25037
	-0.86277 -2.59199
	-1.08167 -2.91458
	-1.319 -3.2208
	-1.58471 -3.51582
	-1.86951 -3.79087
	-2.16691 -4.0387
	-2.48157 -4.26895
	-2.81844 -4.47851
	-3.15822 -4.65884
	-3.51728 -4.81993
	-3.88875 -4.95413
	-4.26375 -5.06182
	-4.44939 -5.101
	-4.25 -5.101
	-4.049 -5.101
	-3.848 -5.101
	-3.648 -5.101
	-3.447 -5.101
	-3.246 -5.101
	-3.046 -5.101
	-2.845 -5.101
	-2.645 -5.101
	-2.444 -5.101
	-2.243 -5.101
	-2.043 -5.101
	-1.842 -5.101
	-1.641 -5.101
	-1.441 -5.101
	-1.24 -5.101
	-1.039 -5.101
	-0.839 -5.101
	-0.638 -5.101
	-0.437 -5.101
	-0.237 -5.101
	-0.128 -5.101
	-0.128 -4.992

	-0.128 1.629
	-0.128 1.83
	-0.128 2.031
	-0.128 2.231
	-0.128 2.432
	-0.128 2.633
	-0.128 2.833
	-0.128 3.034
	-0.128 3.235
	-0.128 3.435
	-0.128 3.636
	-0.128 3.837
	-0.128 4.037
	-0.128 4.238
	-0.128 4.439
	-0.128 4.639
	-0.128 4.84
	-0.128 5.04
	-0.128 5.241
	-0.128 5.442
	-0.128 5.642
	-0.128 5.843
	-0.128 5.862
	-0.327 5.862
	-0.528 5.862
	-0.728 5.862
	-0.929 5.862
	-1.129 5.862
	-1.33 5.862
	-1.531 5.862
	-1.731 5.862
	-1.932 5.862
	-2.133 5.862
	-2.333 5.862
	-2.534 5.862
	-2.735 5.862
	-2.935 5.862
	-3.136 5.862
	-3.337 5.862
	-3.537 5.862
	-3.738 5.862
	-3.939 5.862
	-4.139 5.862
	-4.34 5.862
	-4.44713 5.862
	-4.25751 5.82103
	-3.88875 5.71513
	-3.51728 5.58093
	-3.15822 5.41984
	-2.81844 5.23951
	-2.48157 5.02995
	-2.16691 4.7997
	-1.86951 4.55187
	-1.58471 4.27682
	-1.319 3.9818
	-1.08167 3.67558
	-0.86277 3.35299
	-0.666731 3.01137
	-0.496563 2.66339
	-0.350055 2.30098
	-0.228221 1.92774
	-0.13284 1.54427
	-0.128 1.51661
	-0.128 1.629

	-6.948 5.862
	-7.149 5.862
	-7.349 5.862
	-7.55 5.862
	-7.751 5.862
	-7.951 5.862
	-8.152 5.862
	-8.353 5.862
	-8.553 5.862
	-8.754 5.862
	-8.955 5.862
	-9.155 5.862
	-9.356 5.862
	-9.557 5.862
	-9.757 5.862
	-9.958 5.862
	-10.159 5.862
	-10.359 5.862
	-10.56 5.862
	-10.76 5.862
	-10.961 5.862
	-11.07 5.862
	-11.07 5.753
	-11.07 5.552
	-11.07 5.352
	-11.07 5.151
	-11.07 4.95
	-11.07 4.75
	-11.07 4.549
	-11.07 4.348
	-11.07 4.148
	-11.07 3.947
	-11.07 3.747
	-11.07 3.546
	-11.07 3.345
	-11.07 3.145
	-11.07 2.944
	-11.07 2.743
	-11.07 2.543
	-11.07 2.342
	-11.07 2.141
	-11.07 1.941
	-11.07 1.74
	-11.07 1.68964
	-11.0108 1.92774
	-10.8889 2.30098
	-10.7424 2.66339
	-10.5723 3.01137
	-10.3762 3.35299
	-10.1544 3.67993
	-9.91853 3.98181
	-9.65786 4.27338
	-9.36949 4.55187
	-9.07209 4.7997
	-8.75743 5.02995
	-8.42056 5.23951
	-8.07838 5.42111
	-7.72024 5.58093
	-7.35243 5.7145
	-6.98149 5.82103
	-6.79187 5.862
	-6.948 5.862

	-11.07 -1.069
	-11.07 -1.27
	-11.07 -1.47
	-11.07 -1.671
	-11.07 -1.872
	-11.07 -2.072
	-11.07 -2.273
	-11.07 -2.474
	-11.07 -2.674
	-11.07 -2.875
	-11.07 -3.075
	-11.07 -3.276
	-11.07 -3.477
	-11.07 -3.677
	-11.07 -3.878
	-11.07 -4.079
	-11.07 -4.279
	-11.07 -4.48
	-11.07 -4.681
	-11.07 -4.881
	-11.07 -5.082
	-11.07 -5.101
	-10.871 -5.101
	-10.67 -5.101
	-10.47 -5.101
	-10.269 -5.101
	-10.068 -5.101
	-9.868 -5.101
	-9.667 -5.101
	-9.466 -5.101
	-9.266 -5.101
	-9.065 -5.101
	-8.865 -5.101
	-8.664 -5.101
	-8.463 -5.101
	-8.263 -5.101
	-8.062 -5.101
	-7.861 -5.101
	-7.661 -5.101
	-7.46 -5.101
	-7.259 -5.101
	-7.059 -5.101
	-6.858 -5.101
	-6.78961 -5.101
	-6.97525 -5.06182
	-7.35243 -4.9535
	-7.72024 -4.81993
	-8.07838 -4.66011
	-8.42056 -4.47851
	-8.75743 -4.26895
	-9.07209 -4.0387
	-9.36949 -3.79087
	-9.65786 -3.51238
	-9.91853 -3.22081
	-10.1544 -2.91893
	-10.3762 -2.59199
	-10.5723 -2.25037
	-10.7424 -1.90239
	-10.8889 -1.53998
	-11.0108 -1.16674
	-11.07 -0.928645
	-11.07 -1.069

