-35.5
	1.072 -6.196
	1.072 -5.995
	1.072 -5.794
	1.072 -5.594
	1.072 -5.393
	1.072 -5.192
	1.072 -4.992
	1.072 -4.791
	1.072 -4.591
	1.072 -4.39
	1.072 -4.189
	1.072 -3.989
	1.072 -3.788
	1.072 -3.587
	1.072 -3.387
	1.072 -3.186
	1.072 -2.985
	1.072 -2.785
	1.072 -2.584
	1.072 -2.383
	1.072 -2.183
	1.072 -1.982
	1.072 -1.781
	1.072 -1.581
	1.072 -1.38
	1.072 -1.18
	1.072 -0.979
	1.072 -0.778
	1.072 -0.578
	1.072 -0.377
	1.072 -0.176
	1.072 0.024
	1.072 0.225
	1.072 0.426
	1.072 0.626
	1.072 0.827
	1.072 1.028
	1.072 1.228
	1.072 1.429
	1.072 1.629
	1.072 1.83
	1.072 2.031
	1.072 2.231
	1.072 2.432
	1.072 2.633
	1.072 2.833
	1.072 3.034
	1.072 3.235
	1.072 3.435
	1.072 3.636
	1.072 3.837
	1.072 4.037
	1.072 4.238
	1.072 4.439
	1.072 4.639
	1.072 4.84
	1.072 5.04
	1.072 5.241
	1.072 5.442
	1.072 5.642
	1.072 5.843
	1.072 6.044
	1.072 6.244
	1.072 6.445
	1.072 6.646
	1.072 6.846
	1.072 7.047
	1.072 7.062
	0.877 7.062
	0.676 7.062
	0.476 7.062
	0.275 7.062
	0.074 7.062
	-0.126 7.062
	-0.327 7.062
	-0.528 7.062
	-0.728 7.062
	-0.929 7.062
	-1.129 7.062
	-1.33 7.062
	-1.531 7.062
	-1.731 7.062
	-1.932 7.062
	-2.133 7.062
	-2.333 7.062
	-2.534 7.062
	-2.735 7.062
	-2.935 7.062
	-3.136 7.062
	-3.337 7.062
	-3.537 7.062
	-3.738 7.062
	-3.939 7.062
	-4.139 7.062
	-4.34 7.062
	-4.54 7.062
	-4.741 7.062
	-4.942 7.062
	-5.142 7.062
	-5.343 7.062
	-5.544 7.062
	-5.744 7.062
	-5.945 7.062
	-6.146 7.062
	-6.346 7.062
	-6.547 7.062
	-6.748 7.062
	-6.948 7.062
	-7.149 7.062
	-7.349 7.062
	-7.55 7.062
	-7.751 7.062
	-7.951 7.062
	-8.152 7.062
	-8.353 7.062
	-8.553 7.062
	-8.754 7.062
	-8.955 7.062
	-9.155 7.062
	-9.356 7.062
	-9.557 7.062
	-9.757 7.062
	-9.958 7.062
	-10.159 7.062
	-10.359 7.062
	-10.56 7.062
	-10.76 7.062
	-10.961 7.062
	-11.162 7.062
	-11.362 7.062
	-11.563 7.062
	-11.764 7.062
	-11.964 7.062
	-12.165 7.062
	-12.27 7.062
	-12.27 6.957
	-12.27 6.756
	-12.27 6.556
	-12.27 6.355
	-12.27 6.154
	-12.27 5.954
	-12.27 5.753
	-12.27 5.552
	-12.27 5.352
	-12.27 5.151
	-12.27 4.95
	-12.27 4.75
	-12.27 4.549
	-12.27 4.348
	-12.27 4.148
	-12.27 3.947
	-12.27 3.747
	-12.27 3.546
	-12.27 3.345
	-12.27 3.145
	-12.27 2.944
	-12.27 2.743
	-12.27 2.543
	-12.27 2.342
	-12.27 2.141
	-12.27 1.941
	-12.27 1.74
	-12.27 1.539
	-12.27 1.339
	-12.27 1.138
	-12.27 0.937
	-12.27 0.737
	-12.27 0.73695
	-12.2686 0.771376
	-12.2479 1.03193
	-12.2172 1.28786
	-12.1775 1.54249
	-12.1268 1.79996
	-12.0661 2.0531
	-11.9965 2.30172
	-11.9167 2.54885
	-11.8271 2.79432
	-11.7284 3.03283
	-11.622 3.26746
	-11.5031 3.50253
	-11.3759 3.73095
	-11.2413 3.95149
	-11.0978 4.16863
	-10.9453 4.37931
	-10.787 4.58237
	-10.6178 4.7827
	-10.4408 4.97532
	-10.2598 5.1576
	-10.0704 5.33543
	-9.87259 5.50592
	-9.66898 5.66829
	-9.45964 5.82207
	-9.24378 5.96813
	-9.0245 6.10406
	-8.80167 6.23139
	-8.56761 6.35368
	-8.33163 6.46328
	-8.09456 6.56452
	-7.84589 6.65794
	-7.60347 6.7379
	-7.3549 6.81131
	-7.10019 6.87401
	-6.85022 6.92603
	-6.59145 6.97024
	-6.3323 7.00264
	-6.07266 7.026
	-5.81086 7.03767
	-5.55781 7.04019
	-5.2972 7.0337
	-5.03283 7.01529
	-4.77731 6.98718
	-4.52083 6.94999
	-4.26443 6.90184
	-4.01168 6.8441
	-3.76094 6.77689
	-3.51037 6.69859
	-3.2649 6.61074
	-3.02531 6.51465
	-2.78954 6.40957
	-2.55621 6.29484
	-2.32645 6.17023
	-2.10281 6.03708
	-1.88461 5.8955
	-1.67316 5.74557
	-1.46704 5.58841
	-1.26727 5.42214
	-1.07209 5.24778
	-0.886601 5.06616
	-0.709282 4.88118
	-0.534576 4.68283
	-0.370965 4.48057
	-0.217759 4.27672
	-0.067276 4.06081
	0.0710796 3.84099
	0.201871 3.61788
	0.325401 3.38396
	0.435427 3.15379
	0.539255 2.91794
	0.635351 2.67045
	0.719397 2.42478
	0.793333 2.17876
	0.858952 1.92786
	0.914885 1.67161
	0.960424 1.41399
	0.994979 1.15802
	1.02054 0.902372
	1.03611 0.641643
	1.0413 0.381074
	1.03611 0.119431
	1.02054 -0.141372
	0.994979 -0.39702
	0.960424 -0.652987
	0.914885 -0.910608
	0.858952 -1.16686
	0.79306 -1.4188
	0.719397 -1.66265
	0.635351 -1.90961
	0.539254 -2.15578
	0.436073 -2.39144
	0.324648 -2.62454
	0.201866 -2.85573
	0.0720773 -3.07841
	-0.0672762 -3.29981
	-0.217759 -3.51572
	-0.372374 -3.72145
	-0.534576 -3.92069
	-0.707583 -4.11841
	-0.886601 -4.30516
	-1.07208 -4.48678
	-1.26727 -4.66114
	-1.46705 -4.82741
	-1.67557 -4.98641
	-1.88459 -5.13335
	-2.10012 -5.27447
	-2.32645 -5.40923
	-2.55621 -5.53384
	-2.78954 -5.64857
	-3.02531 -5.75365
	-3.26816 -5.85104
	-3.51372 -5.93764
	-3.7575 -6.01382
	-4.00817 -6.0823
	-4.26442 -6.14083
	-4.52083 -6.18899
	-4.77731 -6.22618
	-5.03652 -6.2547
	-5.2972 -6.27155
	-5.55408 -6.27922
	-5.81086 -6.27667
	-6.07266 -6.265
	-6.33598 -6.2413
	-6.59145 -6.20809
	-6.84663 -6.16578
	-7.10019 -6.11301
	-7.3549 -6.05031
	-7.60348 -5.97689
	-7.84919 -5.89585
	-8.09454 -5.80238
	-8.33162 -5.70242
	-8.56759 -5.59153
	-8.79878 -5.47204
	-9.0245 -5.34306
	-9.24378 -5.20713
	-9.45964 -5.06107
	-9.66898 -4.90729
	-9.87259 -4.74492
	-10.0704 -4.57443
	-10.2598 -4.3966
	-10.4408 -4.21432
	-10.6178 -4.0217
	-10.787 -3.82137
	-10.9453 -3.61831
	-11.0978 -3.40763
	-11.2413 -3.19049
	-11.3759 -2.96995
	-11.5031 -2.74153
	-11.622 -2.50646
	-11.7284 -2.27183
	-11.8271 -2.03332
	-11.9167 -1.78785
	-11.9968 -1.53977
	-12.0661 -1.29097
	-12.1266 -1.03982
	-12.1775 -0.781487
	-12.2172 -0.526865
	-12.2479 -0.270932
	-12.2686 -0.0103761
	-12.27 0.0240497
	-12.27 -0.066
	-12.27 -0.266
	-12.27 -0.467
	-12.27 -0.668
	-12.27 -0.868
	-12.27 -1.069
	-12.27 -1.27
	-12.27 -1.47
	-12.27 -1.671
	-12.27 -1.872
	-12.27 -2.072
	-12.27 -2.273
	-12.27 -2.474
	-12.27 -2.674
	-12.27 -2.875
	-12.27 -3.075
	-12.27 -3.276
	-12.27 -3.477
	-12.27 -3.677
	-12.27 -3.878
	-12.27 -4.079
	-12.27 -4.279
	-12.27 -4.48
	-12.27 -4.681
	-12.27 -4.881
	-12.27 -5.082
	-12.27 -5.283
	-12.27 -5.483
	-12.27 -5.684
	-12.27 -5.884
	-12.27 -6.085
	-12.27 -6.286
	-12.27 -6.301
	-12.075 -6.301
	-11.874 -6.301
	-11.674 -6.301
	-11.473 -6.301
	-11.272 -6.301
	-11.072 -6.301
	-10.871 -6.301
	-10.67 -6.301
	-10.47 -6.301
	-10.269 -6.301
	-10.068 -6.301
	-9.868 -6.301
	-9.667 -6.301
	-9.466 -6.301
	-9.266 -6.301
	-9.065 -6.301
	-8.865 -6.301
	-8.664 -6.301
	-8.463 -6.301
	-8.263 -6.301
	-8.062 -6.301
	-7.861 -6.301
	-7.661 -6.301
	-7.46 -6.301
	-7.259 -6.301
	-7.059 -6.301
	-6.858 -6.301
	-6.657 -6.301
	-6.457 -6.301
	-6.256 -6.301
	-6.056 -6.301
	-5.855 -6.301
	-5.654 -6.301
	-5.454 -6.301
	-5.253 -6.301
	-5.052 -6.301
	-4.852 -6.301
	-4.651 -6.301
	-4.45 -6.301
	-4.25 -6.301
	-4.049 -6.301
	-3.848 -6.301
	-3.648 -6.301
	-3.447 -6.301
	-3.246 -6.301
	-3.046 -6.301
	-2.845 -6.301
	-2.645 -6.301
	-2.444 -6.301
	-2.243 -6.301
	-2.043 -6.301
	-1.842 -6.301
	-1.641 -6.301
	-1.441 -6.301
	-1.24 -6.301
	-1.039 -6.301
	-0.839 -6.301
	-0.638 -6.301
	-0.437 -6.301
	-0.237 -6.301
	-0.036 -6.301
	0.164 -6.301
	0.365 -6.301
	0.566 -6.301
	0.766 -6.301
	0.967 -6.301
	1.072 -6.301
	1.072 -6.196

-35
	1.072 -6.196
	1.072 -5.995
	1.072 -5.794
	1.072 -5.594
	1.072 -5.393
	1.072 -5.192
	1.072 -4.992
	1.072 -4.791
	1.072 -4.591
	1.072 -4.39
	1.072 -4.189
	1.072 -3.989
	1.072 -3.788
	1.072 -3.587
	1.072 -3.387
	1.072 -3.186
	1.072 -2.985
	1.072 -2.785
	1.072 -2.584
	1.072 -2.383
	1.072 -2.183
	1.072 -1.982
	1.072 -1.781
	1.072 -1.581
	1.072 -1.38
	1.072 -1.18
	1.072 -0.979
	1.072 -0.778
	1.072 -0.578
	1.072 -0.377
	1.072 -0.176
	1.072 0.024
	1.072 0.225
	1.072 0.426
	1.072 0.626
	1.072 0.827
	1.072 1.028
	1.072 1.228
	1.072 1.429
	1.072 1.629
	1.072 1.83
	1.072 2.031
	1.072 2.231
	1.072 2.432
	1.072 2.633
	1.072 2.833
	1.072 3.034
	1.072 3.235
	1.072 3.435
	1.072 3.636
	1.072 3.837
	1.072 4.037
	1.072 4.238
	1.072 4.439
	1.072 4.639
	1.072 4.84
	1.072 5.04
	1.072 5.241
	1.072 5.442
	1.072 5.642
	1.072 5.843
	1.072 6.044
	1.072 6.244
	1.072 6.445
	1.072 6.646
	1.072 6.846
	1.072 7.047
	1.072 7.062
	0.877 7.062
	0.676 7.062
	0.476 7.062
	0.275 7.062
	0.074 7.062
	-0.126 7.062
	-0.327 7.062
	-0.528 7.062
	-0.728 7.062
	-0.929 7.062
	-1.129 7.062
	-1.33 7.062
	-1.531 7.062
	-1.731 7.062
	-1.932 7.062
	-2.133 7.062
	-2.333 7.062
	-2.534 7.062
	-2.735 7.062
	-2.935 7.062
	-3.136 7.062
	-3.337 7.062
	-3.537 7.062
	-3.738 7.062
	-3.939 7.062
	-4.139 7.062
	-4.34 7.062
	-4.54 7.062
	-4.741 7.062
	-4.942 7.062
	-5.142 7.062
	-5.343 7.062
	-5.544 7.062
	-5.744 7.062
	-5.945 7.062
	-6.146 7.062
	-6.346 7.062
	-6.547 7.062
	-6.748 7.062
	-6.948 7.062
	-7.149 7.062
	-7.349 7.062
	-7.55 7.062
	-7.751 7.062
	-7.951 7.062
	-8.152 7.062
	-8.353 7.062
	-8.553 7.062
	-8.754 7.062
	-8.955 7.062
	-9.155 7.062
	-9.356 7.062
	-9.557 7.062
	-9.757 7.062
	-9.958 7.062
	-10.159 7.062
	-10.359 7.062
	-10.56 7.062
	-10.76 7.062
	-10.961 7.062
	-11.162 7.062
	-11.362 7.062
	-11.563 7.062
	-11.764 7.062
	-11.964 7.062
	-12.165 7.062
	-12.27 7.062
	-12.27 6.957
	-12.27 6.756
	-12.27 6.556
	-12.27 6.355
	-12.27 6.154
	-12.27 5.954
	-12.27 5.753
	-12.27 5.552
	-12.27 5.352
	-12.27 5.151
	-12.27 4.95
	-12.27 4.75
	-12.27 4.549
	-12.27 4.348
	-12.27 4.148
	-12.27 3.947
	-12.27 3.747
	-12.27 3.546
	-12.27 3.345
	-12.27 3.145
	-12.27 2.944
	-12.27 2.743
	-12.27 2.543
	-12.27 2.342
	-12.27 2.141
	-12.27 1.941
	-12.27 1.74
	-12.27 1.539
	-12.27 1.339
	-12.27 1.138
	-12.27 0.937
	-12.27 0.737
	-12.27 0.536
	-12.27 0.336
	-12.27 0.135
	-12.27 -0.066
	-12.27 -0.266
	-12.27 -0.467
	-12.27 -0.668
	-12.27 -0.868
	-12.27 -1.069
	-12.27 -1.27
	-12.27 -1.47
	-12.27 -1.671
	-12.27 -1.872
	-12.27 -2.072
	-12.27 -2.273
	-12.27 -2.474
	-12.27 -2.674
	-12.27 -2.875
	-12.27 -3.075
	-12.27 -3.276
	-12.27 -3.477
	-12.27 -3.677
	-12.27 -3.878
	-12.27 -4.079
	-12.27 -4.279
	-12.27 -4.48
	-12.27 -4.681
	-12.27 -4.881
	-12.27 -5.082
	-12.27 -5.283
	-12.27 -5.483
	-12.27 -5.684
	-12.27 -5.884
	-12.27 -6.085
	-12.27 -6.286
	-12.27 -6.301
	-12.075 -6.301
	-11.874 -6.301
	-11.674 -6.301
	-11.473 -6.301
	-11.272 -6.301
	-11.072 -6.301
	-10.871 -6.301
	-10.67 -6.301
	-10.47 -6.301
	-10.269 -6.301
	-10.068 -6.301
	-9.868 -6.301
	-9.667 -6.301
	-9.466 -6.301
	-9.266 -6.301
	-9.065 -6.301
	-8.865 -6.301
	-8.664 -6.301
	-8.463 -6.301
	-8.263 -6.301
	-8.062 -6.301
	-7.861 -6.301
	-7.661 -6.301
	-7.46 -6.301
	-7.259 -6.301
	-7.059 -6.301
	-6.858 -6.301
	-6.657 -6.301
	-6.457 -6.301
	-6.256 -6.301
	-6.056 -6.301
	-5.855 -6.301
	-5.654 -6.301
	-5.454 -6.301
	-5.253 -6.301
	-5.052 -6.301
	-4.852 -6.301
	-4.651 -6.301
	-4.45 -6.301
	-4.25 -6.301
	-4.049 -6.301
	-3.848 -6.301
	-3.648 -6.301
	-3.447 -6.301
	-3.246 -6.301
	-3.046 -6.301
	-2.845 -6.301
	-2.645 -6.301
	-2.444 -6.301
	-2.243 -6.301
	-2.043 -6.301
	-1.842 -6.301
	-1.641 -6.301
	-1.441 -6.301
	-1.24 -6.301
	-1.039 -6.301
	-0.839 -6.301
	-0.638 -6.301
	-0.437 -6.301
	-0.237 -6.301
	-0.036 -6.301
	0.164 -6.301
	0.365 -6.301
	0.566 -6.301
	0.766 -6.301
	0.967 -6.301
	1.072 -6.301
	1.072 -6.196

	0.968293 0.381073
	0.963123 0.118725
	0.947588 -0.142783
	0.921664 -0.403317
	0.885366 -0.662592
	0.838741 -0.920326
	0.781457 -1.1781
	0.714659 -1.42859
	0.638903 -1.67769
	0.550959 -1.9284
	0.453766 -2.17203
	0.348238 -2.41011
	0.232186 -2.64612
	0.107374 -2.87516
	-0.0270315 -3.10221
	-0.17193 -3.32283
	-0.31984 -3.53142
	-0.479771 -3.74076
	-0.648541 -3.94198
	-0.823936 -4.13687
	-1.00836 -4.32389
	-1.19722 -4.50247
	-1.39791 -4.67693
	-1.59934 -4.83756
	-1.81007 -4.99496
	-2.03099 -5.14355
	-2.24946 -5.27946
	-2.47631 -5.40909
	-2.70951 -5.52958
	-2.94799 -5.64165
	-3.19035 -5.74274
	-3.4342 -5.83435
	-3.683 -5.91598
	-3.93428 -5.98814
	-4.18981 -6.05041
	-4.44688 -6.10234
	-4.70607 -6.14381
	-4.96536 -6.17492
	-5.22707 -6.19565
	-5.48831 -6.206
	-5.75069 -6.206
	-6.01223 -6.19564
	-6.27249 -6.17492
	-6.5325 -6.14388
	-6.79212 -6.10234
	-7.04919 -6.05041
	-7.30572 -5.9879
	-7.55487 -5.91598
	-7.80372 -5.83475
	-8.04865 -5.74274
	-8.29101 -5.64165
	-8.53103 -5.52885
	-8.76154 -5.40909
	-8.98798 -5.28043
	-9.20977 -5.14246
	-9.42776 -4.99496
	-9.63793 -4.83894
	-9.84109 -4.67693
	-10.0418 -4.50247
	-10.2326 -4.32206
	-10.4139 -4.13686
	-10.5887 -3.94409
	-10.7592 -3.74076
	-10.9192 -3.53142
	-11.0671 -3.32283
	-11.212 -3.10221
	-11.3464 -2.87516
	-11.4712 -2.64612
	-11.5872 -2.41011
	-11.6942 -2.16887
	-11.7888 -1.92839
	-11.8769 -1.68103
	-11.9537 -1.42859
	-12.0205 -1.1781
	-12.0777 -0.920326
	-12.1244 -0.662589
	-12.1607 -0.403318
	-12.1866 -0.142785
	-12.2021 0.118726
	-12.2073 0.381073
	-12.2021 0.642347
	-12.1866 0.903785
	-12.1607 1.16432
	-12.1244 1.42359
	-12.0777 1.68133
	-12.0207 1.93817
	-11.9537 2.19073
	-11.8765 2.44305
	-11.7888 2.68939
	-11.6942 2.92987
	-11.5872 3.17111
	-11.4712 3.40712
	-11.3464 3.63616
	-11.212 3.86321
	-11.0682 4.08204
	-10.9192 4.29356
	-10.7578 4.50349
	-10.5887 4.70509
	-10.4157 4.89594
	-10.2326 5.08422
	-10.0397 5.26525
	-9.84327 5.43603
	-9.63793 5.60108
	-9.4253 5.75762
	-9.20977 5.90346
	-8.98798 6.04143
	-8.76154 6.17009
	-8.53103 6.28985
	-8.29101 6.40265
	-8.04865 6.50374
	-7.80372 6.59575
	-7.55487 6.67698
	-7.30572 6.7489
	-7.04919 6.81141
	-6.79212 6.86334
	-6.53249 6.90488
	-6.27249 6.93592
	-6.01223 6.95664
	-5.75069 6.967
	-5.48831 6.967
	-5.22706 6.95665
	-4.96536 6.93592
	-4.70607 6.90481
	-4.44688 6.86334
	-4.18981 6.81141
	-3.93428 6.74914
	-3.683 6.67698
	-3.4342 6.59535
	-3.19035 6.50374
	-2.94799 6.40265
	-2.70951 6.29058
	-2.47631 6.17009
	-2.24946 6.04046
	-2.03099 5.90455
	-1.81255 5.75762
	-1.59935 5.5997
	-1.39573 5.43603
	-1.19926 5.26525
	-1.00837 5.08604
	-0.8222 4.89594
	-0.648541 4.70298
	-0.481222 4.50349
	-0.319843 4.29356
	-0.170757 4.08204
	-0.0270315 3.86321
	0.107374 3.63616
	0.232186 3.40712
	0.348238 3.17111
	0.453766 2.93303
	0.550959 2.6894
	0.638545 2.43971
	0.714659 2.19073
	0.781664 1.93817
	0.838741 1.68133
	0.885366 1.42359
	0.921664 1.16432
	0.947588 0.903783
	0.963119 0.642348
	0.968293 0.381073

-34.5
	1.072 -6.196
	1.072 -5.995
	1.072 -5.794
	1.072 -5.594
	1.072 -5.393
	1.072 -5.192
	1.072 -4.992
	1.072 -4.791
	1.072 -4.591
	1.072 -4.39
	1.072 -4.189
	1.072 -3.989
	1.072 -3.788
	1.072 -3.587
	1.072 -3.387
	1.072 -3.186
	1.072 -2.985
	1.072 -2.785
	1.072 -2.584
	1.072 -2.383
	1.072 -2.183
	1.072 -1.982
	1.072 -1.781
	1.072 -1.581
	1.072 -1.38
	1.072 -1.18
	1.072 -0.979
	1.072 -0.778
	1.072 -0.578
	1.072 -0.377
	1.072 -0.176
	1.072 0.024
	1.072 0.225
	1.072 0.426
	1.072 0.626
	1.072 0.827
	1.072 1.028
	1.072 1.228
	1.072 1.429
	1.072 1.629
	1.072 1.83
	1.072 2.031
	1.072 2.231
	1.072 2.432
	1.072 2.633
	1.072 2.833
	1.072 3.034
	1.072 3.235
	1.072 3.435
	1.072 3.636
	1.072 3.837
	1.072 4.037
	1.072 4.238
	1.072 4.439
	1.072 4.639
	1.072 4.84
	1.072 5.04
	1.072 5.241
	1.072 5.442
	1.072 5.642
	1.072 5.843
	1.072 6.044
	1.072 6.244
	1.072 6.445
	1.072 6.646
	1.072 6.846
	1.072 7.047
	1.072 7.062
	0.877 7.062
	0.676 7.062
	0.476 7.062
	0.275 7.062
	0.074 7.062
	-0.126 7.062
	-0.327 7.062
	-0.528 7.062
	-0.728 7.062
	-0.929 7.062
	-1.129 7.062
	-1.33 7.062
	-1.531 7.062
	-1.731 7.062
	-1.932 7.062
	-2.133 7.062
	-2.333 7.062
	-2.534 7.062
	-2.735 7.062
	-2.935 7.062
	-3.136 7.062
	-3.337 7.062
	-3.537 7.062
	-3.738 7.062
	-3.939 7.062
	-4.139 7.062
	-4.34 7.062
	-4.54 7.062
	-4.741 7.062
	-4.942 7.062
	-5.142 7.062
	-5.343 7.062
	-5.544 7.062
	-5.744 7.062
	-5.945 7.062
	-6.146 7.062
	-6.346 7.062
	-6.547 7.062
	-6.748 7.062
	-6.948 7.062
	-7.149 7.062
	-7.349 7.062
	-7.55 7.062
	-7.751 7.062
	-7.951 7.062
	-8.152 7.062
	-8.353 7.062
	-8.553 7.062
	-8.754 7.062
	-8.955 7.062
	-9.155 7.062
	-9.356 7.062
	-9.557 7.062
	-9.757 7.062
	-9.958 7.062
	-10.159 7.062
	-10.359 7.062
	-10.56 7.062
	-10.76 7.062
	-10.961 7.062
	-11.162 7.062
	-11.362 7.062
	-11.563 7.062
	-11.764 7.062
	-11.964 7.062
	-12.165 7.062
	-12.27 7.062
	-12.27 6.957
	-12.27 6.756
	-12.27 6.556
	-12.27 6.355
	-12.27 6.154
	-12.27 5.954
	-12.27 5.753
	-12.27 5.552
	-12.27 5.352
	-12.27 5.151
	-12.27 4.95
	-12.27 4.75
	-12.27 4.549
	-12.27 4.348
	-12.27 4.148
	-12.27 3.947
	-12.27 3.747
	-12.27 3.546
	-12.27 3.345
	-12.27 3.145
	-12.27 2.944
	-12.27 2.743
	-12.27 2.543
	-12.27 2.342
	-12.27 2.141
	-12.27 1.941
	-12.27 1.74
	-12.27 1.539
	-12.27 1.339
	-12.27 1.138
	-12.27 0.937
	-12.27 0.737
	-12.27 0.536
	-12.27 0.336
	-12.27 0.135
	-12.27 -0.066
	-12.27 -0.266
	-12.27 -0.467
	-12.27 -0.668
	-12.27 -0.868
	-12.27 -1.069
	-12.27 -1.27
	-12.27 -1.47
	-12.27 -1.671
	-12.27 -1.872
	-12.27 -2.072
	-12.27 -2.273
	-12.27 -2.474
	-12.27 -2.674
	-12.27 -2.875
	-12.27 -3.075
	-12.27 -3.276
	-12.27 -3.477
	-12.27 -3.677
	-12.27 -3.878
	-12.27 -4.079
	-12.27 -4.279
	-12.27 -4.48
	-12.27 -4.681
	-12.27 -4.881
	-12.27 -5.082
	-12.27 -5.283
	-12.27 -5.483
	-12.27 -5.684
	-12.27 -5.884
	-12.27 -6.085
	-12.27 -6.286
	-12.27 -6.301
	-12.075 -6.301
	-11.874 -6.301
	-11.674 -6.301
	-11.473 -6.301
	-11.272 -6.301
	-11.072 -6.301
	-10.871 -6.301
	-10.67 -6.301
	-10.47 -6.301
	-10.269 -6.301
	-10.068 -6.301
	-9.868 -6.301
	-9.667 -6.301
	-9.466 -6.301
	-9.266 -6.301
	-9.065 -6.301
	-8.865 -6.301
	-8.664 -6.301
	-8.463 -6.301
	-8.263 -6.301
	-8.062 -6.301
	-7.861 -6.301
	-7.661 -6.301
	-7.46 -6.301
	-7.259 -6.301
	-7.059 -6.301
	-6.858 -6.301
	-6.657 -6.301
	-6.457 -6.301
	-6.256 -6.301
	-6.056 -6.301
	-5.855 -6.301
	-5.654 -6.301
	-5.454 -6.301
	-5.253 -6.301
	-5.052 -6.301
	-4.852 -6.301
	-4.651 -6.301
	-4.45 -6.301
	-4.25 -6.301
	-4.049 -6.301
	-3.848 -6.301
	-3.648 -6.301
	-3.447 -6.301
	-3.246 -6.301
	-3.046 -6.301
	-2.845 -6.301
	-2.645 -6.301
	-2.444 -6.301
	-2.243 -6.301
	-2.043 -6.301
	-1.842 -6.301
	-1.641 -6.301
	-1.441 -6.301
	-1.24 -6.301
	-1.039 -6.301
	-0.839 -6.301
	-0.638 -6.301
	-0.437 -6.301
	-0.237 -6.301
	-0.036 -6.301
	0.164 -6.301
	0.365 -6.301
	0.566 -6.301
	0.766 -6.301
	0.967 -6.301
	1.072 -6.301
	1.072 -6.196

	0.895294 0.381
	0.890119 0.119652
	0.874588 -0.141783
	0.8483 -0.405976
	0.810711 -0.66521
	0.764597 -0.920119
	0.706467 -1.18038
	0.63711 -1.43556
	0.559962 -1.68244
	0.472202 -1.92894
	0.374381 -2.17284
	0.266705 -2.41154
	0.149352 -2.64755
	0.0223453 -2.87694
	-0.111881 -3.10022
	-0.256967 -3.31981
	-0.411056 -3.53397
	-0.573686 -3.74084
	-0.743846 -3.94087
	-0.921878 -4.1332
	-1.1058 -4.31712
	-1.29813 -4.49515
	-1.50039 -4.66721
	-1.7074 -4.82865
	-1.91667 -4.97922
	-2.13612 -5.12552
	-2.36206 -5.26135
	-2.59145 -5.38835
	-2.82746 -5.5057
	-3.06616 -5.61338
	-3.3089 -5.71074
	-3.55542 -5.79896
	-3.80793 -5.87747
	-4.05862 -5.94432
	-4.31532 -6.00295
	-4.57379 -6.04971
	-4.83302 -6.0873
	-5.097 -6.11357
	-5.35743 -6.12911
	-5.619 -6.13429
	-5.88035 -6.12912
	-6.14178 -6.11359
	-6.40598 -6.0873
	-6.66521 -6.04971
	-6.92368 -6.00295
	-7.18038 -5.94432
	-7.43214 -5.87718
	-7.68244 -5.79896
	-7.92894 -5.7112
	-8.17284 -5.61338
	-8.41154 -5.5057
	-8.64755 -5.38835
	-8.87694 -5.26135
	-9.10288 -5.12552
	-9.32233 -4.97922
	-9.5316 -4.82865
	-9.73861 -4.66721
	-9.94087 -4.49515
	-10.1332 -4.31712
	-10.3171 -4.1332
	-10.4952 -3.94087
	-10.6672 -3.73861
	-10.8287 -3.5316
	-10.9792 -3.32233
	-11.1255 -3.10288
	-11.2613 -2.87695
	-11.3884 -2.64755
	-11.5057 -2.41154
	-11.6134 -2.17284
	-11.7112 -1.92894
	-11.799 -1.68244
	-11.8772 -1.43214
	-11.9443 -1.18038
	-12.003 -0.923687
	-12.0497 -0.665208
	-12.0873 -0.405975
	-12.1136 -0.141785
	-12.1291 0.119653
	-12.1343 0.381
	-12.1291 0.642568
	-12.1136 0.903005
	-12.0873 1.16698
	-12.0497 1.42621
	-12.003 1.68469
	-11.9443 1.94138
	-11.8775 2.19207
	-11.799 2.44459
	-11.7107 2.6911
	-11.6134 2.93384
	-11.5057 3.17254
	-11.3884 3.40855
	-11.2613 3.63794
	-11.1255 3.86388
	-10.9792 4.08333
	-10.8287 4.2926
	-10.6672 4.49961
	-10.4952 4.70187
	-10.3171 4.8942
	-10.1332 5.07812
	-9.94087 5.25615
	-9.74084 5.42631
	-9.53397 5.58894
	-9.31981 5.74303
	-9.10022 5.88812
	-8.87694 6.02235
	-8.64755 6.14935
	-8.41154 6.2667
	-8.17284 6.37438
	-7.92894 6.4722
	-7.68244 6.55996
	-7.43556 6.63711
	-7.18038 6.70647
	-6.92012 6.7646
	-6.66521 6.81071
	-6.40598 6.8483
	-6.14178 6.87459
	-5.88035 6.89012
	-5.619 6.89529
	-5.35743 6.89011
	-5.097 6.87457
	-4.83302 6.8483
	-4.57379 6.81071
	-4.31888 6.7646
	-4.05862 6.70647
	-3.8045 6.6374
	-3.55541 6.55996
	-3.3089 6.47174
	-3.06616 6.37438
	-2.82746 6.2667
	-2.59145 6.14935
	-2.36206 6.02235
	-2.13878 5.88812
	-1.91919 5.74303
	-1.70503 5.58894
	-1.49816 5.42631
	-1.29813 5.25615
	-1.1058 5.07812
	-0.921879 4.8942
	-0.743846 4.70187
	-0.573685 4.50184
	-0.411056 4.29497
	-0.256967 4.08081
	-0.111881 3.86122
	0.0223455 3.63794
	0.149352 3.40855
	0.266705 3.17254
	0.374381 2.93384
	0.471738 2.6911
	0.559963 2.44459
	0.637401 2.1955
	0.706467 1.94138
	0.764597 1.68112
	0.810711 1.42621
	0.8483 1.16698
	0.874566 0.903003
	0.890114 0.642569
	0.895294 0.381

	-0.128 -5.03638
	-0.192623 -5.101
	-0.128 -5.101
	-0.128 -5.03638

	-0.128 5.843
	-0.128 5.862
	-0.192623 5.862
	-0.128 5.79738
	-0.128 5.843

	-11.07 5.862
	-11.07 5.83838
	-11.0464 5.862
	-11.07 5.862

	-11.07 -5.082
	-11.07 -5.101
	-11.0464 -5.101
	-11.07 -5.07738
	-11.07 -5.082

-34
	1.072 -6.196
	1.072 -5.995
	1.072 -5.794
	1.072 -5.594
	1.072 -5.393
	1.072 -5.192
	1.072 -4.992
	1.072 -4.791
	1.072 -4.591
	1.072 -4.39
	1.072 -4.189
	1.072 -3.989
	1.072 -3.788
	1.072 -3.587
	1.072 -3.387
	1.072 -3.186
	1.072 -2.985
	1.072 -2.785
	1.072 -2.584
	1.072 -2.383
	1.072 -2.183
	1.072 -1.982
	1.072 -1.781
	1.072 -1.581
	1.072 -1.38
	1.072 -1.18
	1.072 -0.979
	1.072 -0.778
	1.072 -0.578
	1.072 -0.377
	1.072 -0.176
	1.072 0.024
	1.072 0.225
	1.072 0.426
	1.072 0.626
	1.072 0.827
	1.072 1.028
	1.072 1.228
	1.072 1.429
	1.072 1.629
	1.072 1.83
	1.072 2.031
	1.072 2.231
	1.072 2.432
	1.072 2.633
	1.072 2.833
	1.072 3.034
	1.072 3.235
	1.072 3.435
	1.072 3.636
	1.072 3.837
	1.072 4.037
	1.072 4.238
	1.072 4.439
	1.072 4.639
	1.072 4.84
	1.072 5.04
	1.072 5.241
	1.072 5.442
	1.072 5.642
	1.072 5.843
	1.072 6.044
	1.072 6.244
	1.072 6.445
	1.072 6.646
	1.072 6.846
	1.072 7.047
	1.072 7.062
	0.877 7.062
	0.676 7.062
	0.476 7.062
	0.275 7.062
	0.074 7.062
	-0.126 7.062
	-0.327 7.062
	-0.528 7.062
	-0.728 7.062
	-0.929 7.062
	-1.129 7.062
	-1.33 7.062
	-1.531 7.062
	-1.731 7.062
	-1.932 7.062
	-2.133 7.062
	-2.333 7.062
	-2.534 7.062
	-2.735 7.062
	-2.935 7.062
	-3.136 7.062
	-3.337 7.062
	-3.537 7.062
	-3.738 7.062
	-3.939 7.062
	-4.139 7.062
	-4.34 7.062
	-4.54 7.062
	-4.741 7.062
	-4.942 7.062
	-5.142 7.062
	-5.343 7.062
	-5.544 7.062
	-5.744 7.062
	-5.945 7.062
	-6.146 7.062
	-6.346 7.062
	-6.547 7.062
	-6.748 7.062
	-6.948 7.062
	-7.149 7.062
	-7.349 7.062
	-7.55 7.062
	-7.751 7.062
	-7.951 7.062
	-8.152 7.062
	-8.353 7.062
	-8.553 7.062
	-8.754 7.062
	-8.955 7.062
	-9.155 7.062
	-9.356 7.062
	-9.557 7.062
	-9.757 7.062
	-9.958 7.062
	-10.159 7.062
	-10.359 7.062
	-10.56 7.062
	-10.76 7.062
	-10.961 7.062
	-11.162 7.062
	-11.362 7.062
	-11.563 7.062
	-11.764 7.062
	-11.964 7.062
	-12.165 7.062
	-12.27 7.062
	-12.27 6.957
	-12.27 6.756
	-12.27 6.556
	-12.27 6.355
	-12.27 6.154
	-12.27 5.954
	-12.27 5.753
	-12.27 5.552
	-12.27 5.352
	-12.27 5.151
	-12.27 4.95
	-12.27 4.75
	-12.27 4.549
	-12.27 4.348
	-12.27 4.148
	-12.27 3.947
	-12.27 3.747
	-12.27 3.546
	-12.27 3.345
	-12.27 3.145
	-12.27 2.944
	-12.27 2.743
	-12.27 2.543
	-12.27 2.342
	-12.27 2.141
	-12.27 1.941
	-12.27 1.74
	-12.27 1.539
	-12.27 1.339
	-12.27 1.138
	-12.27 0.937
	-12.27 0.737
	-12.27 0.536
	-12.27 0.336
	-12.27 0.135
	-12.27 -0.066
	-12.27 -0.266
	-12.27 -0.467
	-12.27 -0.668
	-12.27 -0.868
	-12.27 -1.069
	-12.27 -1.27
	-12.27 -1.47
	-12.27 -1.671
	-12.27 -1.872
	-12.27 -2.072
	-12.27 -2.273
	-12.27 -2.474
	-12.27 -2.674
	-12.27 -2.875
	-12.27 -3.075
	-12.27 -3.276
	-12.27 -3.477
	-12.27 -3.677
	-12.27 -3.878
	-12.27 -4.079
	-12.27 -4.279
	-12.27 -4.48
	-12.27 -4.681
	-12.27 -4.881
	-12.27 -5.082
	-12.27 -5.283
	-12.27 -5.483
	-12.27 -5.684
	-12.27 -5.884
	-12.27 -6.085
	-12.27 -6.286
	-12.27 -6.301
	-12.075 -6.301
	-11.874 -6.301
	-11.674 -6.301
	-11.473 -6.301
	-11.272 -6.301
	-11.072 -6.301
	-10.871 -6.301
	-10.67 -6.301
	-10.47 -6.301
	-10.269 -6.301
	-10.068 -6.301
	-9.868 -6.301
	-9.667 -6.301
	-9.466 -6.301
	-9.266 -6.301
	-9.065 -6.301
	-8.865 -6.301
	-8.664 -6.301
	-8.463 -6.301
	-8.263 -6.301
	-8.062 -6.301
	-7.861 -6.301
	-7.661 -6.301
	-7.46 -6.301
	-7.259 -6.301
	-7.059 -6.301
	-6.858 -6.301
	-6.657 -6.301
	-6.457 -6.301
	-6.256 -6.301
	-6.056 -6.301
	-5.855 -6.301
	-5.654 -6.301
	-5.454 -6.301
	-5.253 -6.301
	-5.052 -6.301
	-4.852 -6.301
	-4.651 -6.301
	-4.45 -6.301
	-4.25 -6.301
	-4.049 -6.301
	-3.848 -6.301
	-3.648 -6.301
	-3.447 -6.301
	-3.246 -6.301
	-3.046 -6.301
	-2.845 -6.301
	-2.645 -6.301
	-2.444 -6.301
	-2.243 -6.301
	-2.043 -6.301
	-1.842 -6.301
	-1.641 -6.301
	-1.441 -6.301
	-1.24 -6.301
	-1.039 -6.301
	-0.839 -6.301
	-0.638 -6.301
	-0.437 -6.301
	-0.237 -6.301
	-0.036 -6.301
	0.164 -6.301
	0.365 -6.301
	0.566 -6.301
	0.766 -6.301
	0.967 -6.301
	1.072 -6.301
	1.072 -6.196

	0.823296 0.381074
	0.818041 0.115713
	0.801198 -0.144703
	0.775247 -0.405509
	0.73709 -0.667346
	0.688988 -0.926059
	0.630299 -1.18168
	0.56211 -1.43256
	0.483548 -1.68396
	0.39278 -1.9339
	0.294106 -2.1754
	0.185128 -2.41411
	0.0671223 -2.64753
	-0.0625636 -2.88043
	-0.200156 -3.1024
	-0.344877 -3.31948
	-0.501709 -3.53298
	-0.665844 -3.7388
	-0.837503 -3.93647
	-1.017 -4.12767
	-1.2061 -4.31284
	-1.40114 -4.48837
	-1.60077 -4.65452
	-1.80915 -4.8147
	-2.02646 -4.96748
	-2.24858 -5.1099
	-2.47712 -5.24387
	-2.70665 -5.36508
	-2.94007 -5.47857
	-3.18604 -5.58494
	-3.43121 -5.67833
	-3.67675 -5.76189
	-3.92949 -5.83654
	-4.18869 -5.90134
	-4.44498 -5.95338
	-4.70019 -5.9957
	-4.96338 -6.0286
	-5.22777 -6.04964
	-5.48931 -6.06
	-5.74969 -6.06
	-6.01123 -6.04964
	-6.27562 -6.0286
	-6.53881 -5.9957
	-6.79402 -5.95338
	-7.05031 -5.90134
	-7.30951 -5.83654
	-7.56225 -5.76189
	-7.80904 -5.67791
	-8.05317 -5.58441
	-8.29644 -5.47921
	-8.53092 -5.36584
	-8.76188 -5.24387
	-8.99042 -5.1099
	-9.21254 -4.96748
	-9.42985 -4.8147
	-9.63823 -4.65452
	-9.83978 -4.48677
	-10.0337 -4.31109
	-10.2191 -4.12957
	-10.3997 -3.93851
	-10.5751 -3.7366
	-10.7362 -3.53299
	-10.8925 -3.32198
	-11.0406 -3.09975
	-11.1753 -2.88042
	-11.3047 -2.65042
	-11.4241 -2.41411
	-11.5331 -2.1754
	-11.6318 -1.9339
	-11.7225 -1.68396
	-11.8011 -1.43256
	-11.8693 -1.18168
	-11.928 -0.926061
	-11.9761 -0.667346
	-12.0142 -0.405508
	-12.0406 -0.141005
	-12.0559 0.115725
	-12.0625 0.381092
	-12.0559 0.645367
	-12.0406 0.902005
	-12.0143 1.16598
	-11.9761 1.42949
	-11.9278 1.68772
	-11.8693 1.94268
	-11.8011 2.19356
	-11.7225 2.44496
	-11.6318 2.6949
	-11.5331 2.9364
	-11.4241 3.17511
	-11.3047 3.41142
	-11.1753 3.64142
	-11.0406 3.86075
	-10.8925 4.08298
	-10.7362 4.29399
	-10.5751 4.4976
	-10.3997 4.69951
	-10.2191 4.89057
	-10.0356 5.07016
	-9.83978 5.24894
	-9.63595 5.41726
	-9.42985 5.5757
	-9.21254 5.72848
	-8.99042 5.8709
	-8.76472 6.00321
	-8.53093 6.12798
	-8.29336 6.24154
	-8.05317 6.34541
	-7.80904 6.43891
	-7.56225 6.52289
	-7.30951 6.59754
	-7.05385 6.66145
	-6.79403 6.71553
	-6.53517 6.75715
	-6.27562 6.7896
	-6.01492 6.81035
	-5.7534 6.822
	-5.4856 6.822
	-5.22408 6.81035
	-4.96338 6.7896
	-4.70383 6.75715
	-4.44497 6.71553
	-4.18515 6.66145
	-3.92949 6.59754
	-3.67675 6.52289
	-3.43121 6.43933
	-3.18604 6.34594
	-2.94316 6.2409
	-2.70665 6.12722
	-2.47428 6.00321
	-2.24858 5.8709
	-2.02646 5.72848
	-1.80915 5.5757
	-1.60305 5.41726
	-1.40114 5.25053
	-1.20414 5.07191
	-1.017 4.88867
	-0.837503 4.69747
	-0.665844 4.4998
	-0.501709 4.29398
	-0.344877 4.08048
	-0.200157 3.8634
	-0.0625634 3.64143
	0.0671224 3.40853
	0.185128 3.17511
	0.294106 2.9364
	0.39278 2.6949
	0.483548 2.44496
	0.56211 2.19356
	0.630299 1.94268
	0.688835 1.68772
	0.73709 1.42949
	0.7753 1.16598
	0.801198 0.905703
	0.818036 0.64536
	0.823296 0.381074

	-0.128 -4.992
	-0.128 -4.93396
	-0.159403 -4.96741
	-0.295831 -5.101
	-0.237 -5.101
	-0.128 -5.101
	-0.128 -4.992

	-0.128 5.843
	-0.128 5.862
	-0.295831 5.862
	-0.159403 5.72841
	-0.128 5.69496
	-0.128 5.843

	-10.961 5.862
	-11.07 5.862
	-11.07 5.753
	-11.07 5.73683
	-10.9422 5.862
	-10.961 5.862

	-11.07 -5.082
	-11.07 -5.101
	-10.9422 -5.101
	-11.07 -4.97583
	-11.07 -5.082

-33.5
	1.072 -6.196
	1.072 -5.995
	1.072 -5.794
	1.072 -5.594
	1.072 -5.393
	1.072 -5.192
	1.072 -4.992
	1.072 -4.791
	1.072 -4.591
	1.072 -4.39
	1.072 -4.189
	1.072 -3.989
	1.072 -3.788
	1.072 -3.587
	1.072 -3.387
	1.072 -3.186
	1.072 -2.985
	1.072 -2.785
	1.072 -2.584
	1.072 -2.383
	1.072 -2.183
	1.072 -1.982
	1.072 -1.781
	1.072 -1.581
	1.072 -1.38
	1.072 -1.18
	1.072 -0.979
	1.072 -0.778
	1.072 -0.578
	1.072 -0.377
	1.072 -0.176
	1.072 0.024
	1.072 0.225
	1.072 0.426
	1.072 0.626
	1.072 0.827
	1.072 1.028
	1.072 1.228
	1.072 1.429
	1.072 1.629
	1.072 1.83
	1.072 2.031
	1.072 2.231
	1.072 2.432
	1.072 2.633
	1.072 2.833
	1.072 3.034
	1.072 3.235
	1.072 3.435
	1.072 3.636
	1.072 3.837
	1.072 4.037
	1.072 4.238
	1.072 4.439
	1.072 4.639
	1.072 4.84
	1.072 5.04
	1.072 5.241
	1.072 5.442
	1.072 5.642
	1.072 5.843
	1.072 6.044
	1.072 6.244
	1.072 6.445
	1.072 6.646
	1.072 6.846
	1.072 7.047
	1.072 7.062
	0.877 7.062
	0.676 7.062
	0.476 7.062
	0.275 7.062
	0.074 7.062
	-0.126 7.062
	-0.327 7.062
	-0.528 7.062
	-0.728 7.062
	-0.929 7.062
	-1.129 7.062
	-1.33 7.062
	-1.531 7.062
	-1.731 7.062
	-1.932 7.062
	-2.133 7.062
	-2.333 7.062
	-2.534 7.062
	-2.735 7.062
	-2.935 7.062
	-3.136 7.062
	-3.337 7.062
	-3.537 7.062
	-3.738 7.062
	-3.939 7.062
	-4.139 7.062
	-4.34 7.062
	-4.54 7.062
	-4.741 7.062
	-4.942 7.062
	-5.142 7.062
	-5.343 7.062
	-5.544 7.062
	-5.744 7.062
	-5.945 7.062
	-6.146 7.062
	-6.346 7.062
	-6.547 7.062
	-6.748 7.062
	-6.948 7.062
	-7.149 7.062
	-7.349 7.062
	-7.55 7.062
	-7.751 7.062
	-7.951 7.062
	-8.152 7.062
	-8.353 7.062
	-8.553 7.062
	-8.754 7.062
	-8.955 7.062
	-9.155 7.062
	-9.356 7.062
	-9.557 7.062
	-9.757 7.062
	-9.958 7.062
	-10.159 7.062
	-10.359 7.062
	-10.56 7.062
	-10.76 7.062
	-10.961 7.062
	-11.162 7.062
	-11.362 7.062
	-11.563 7.062
	-11.764 7.062
	-11.964 7.062
	-12.165 7.062
	-12.27 7.062
	-12.27 6.957
	-12.27 6.756
	-12.27 6.556
	-12.27 6.355
	-12.27 6.154
	-12.27 5.954
	-12.27 5.753
	-12.27 5.552
	-12.27 5.352
	-12.27 5.151
	-12.27 4.95
	-12.27 4.75
	-12.27 4.549
	-12.27 4.348
	-12.27 4.148
	-12.27 3.947
	-12.27 3.747
	-12.27 3.546
	-12.27 3.345
	-12.27 3.145
	-12.27 2.944
	-12.27 2.743
	-12.27 2.543
	-12.27 2.342
	-12.27 2.141
	-12.27 1.941
	-12.27 1.74
	-12.27 1.539
	-12.27 1.339
	-12.27 1.138
	-12.27 0.937
	-12.27 0.737
	-12.27 0.536
	-12.27 0.336
	-12.27 0.135
	-12.27 -0.066
	-12.27 -0.266
	-12.27 -0.467
	-12.27 -0.668
	-12.27 -0.868
	-12.27 -1.069
	-12.27 -1.27
	-12.27 -1.47
	-12.27 -1.671
	-12.27 -1.872
	-12.27 -2.072
	-12.27 -2.273
	-12.27 -2.474
	-12.27 -2.674
	-12.27 -2.875
	-12.27 -3.075
	-12.27 -3.276
	-12.27 -3.477
	-12.27 -3.677
	-12.27 -3.878
	-12.27 -4.079
	-12.27 -4.279
	-12.27 -4.48
	-12.27 -4.681
	-12.27 -4.881
	-12.27 -5.082
	-12.27 -5.283
	-12.27 -5.483
	-12.27 -5.684
	-12.27 -5.884
	-12.27 -6.085
	-12.27 -6.286
	-12.27 -6.301
	-12.075 -6.301
	-11.874 -6.301
	-11.674 -6.301
	-11.473 -6.301
	-11.272 -6.301
	-11.072 -6.301
	-10.871 -6.301
	-10.67 -6.301
	-10.47 -6.301
	-10.269 -6.301
	-10.068 -6.301
	-9.868 -6.301
	-9.667 -6.301
	-9.466 -6.301
	-9.266 -6.301
	-9.065 -6.301
	-8.865 -6.301
	-8.664 -6.301
	-8.463 -6.301
	-8.263 -6.301
	-8.062 -6.301
	-7.861 -6.301
	-7.661 -6.301
	-7.46 -6.301
	-7.259 -6.301
	-7.059 -6.301
	-6.858 -6.301
	-6.657 -6.301
	-6.457 -6.301
	-6.256 -6.301
	-6.056 -6.301
	-5.855 -6.301
	-5.654 -6.301
	-5.454 -6.301
	-5.253 -6.301
	-5.052 -6.301
	-4.852 -6.301
	-4.651 -6.301
	-4.45 -6.301
	-4.25 -6.301
	-4.049 -6.301
	-3.848 -6.301
	-3.648 -6.301
	-3.447 -6.301
	-3.246 -6.301
	-3.046 -6.301
	-2.845 -6.301
	-2.645 -6.301
	-2.444 -6.301
	-2.243 -6.301
	-2.043 -6.301
	-1.842 -6.301
	-1.641 -6.301
	-1.441 -6.301
	-1.24 -6.301
	-1.039 -6.301
	-0.839 -6.301
	-0.638 -6.301
	-0.437 -6.301
	-0.237 -6.301
	-0.036 -6.301
	0.164 -6.301
	0.365 -6.301
	0.566 -6.301
	0.766 -6.301
	0.967 -6.301
	1.072 -6.301
	1.072 -6.196

	0.750293 0.381073
	0.74505 0.115026
	0.728009 -0.149769
	0.700825 -0.411252
	0.662665 -0.674423
	0.612808 -0.935518
	0.552979 -1.19304
	0.482452 -1.44772
	0.401447 -1.69988
	0.308397 -1.95245
	0.205507 -2.196
	0.0947381 -2.43448
	-0.0276874 -2.66891
	-0.158092 -2.89842
	-0.300682 -3.12419
	-0.450634 -3.34194
	-0.609159 -3.55245
	-0.776993 -3.7583
	-0.955699 -3.95819
	-1.13868 -4.14636
	-1.3312 -4.32971
	-1.53173 -4.50403
	-1.73707 -4.66908
	-1.95138 -4.82685
	-2.17221 -4.97539
	-2.3962 -5.11264
	-2.62415 -5.24086
	-2.86278 -5.36215
	-3.1053 -5.47227
	-3.35081 -5.57205
	-3.60264 -5.6617
	-3.85499 -5.73975
	-4.1089 -5.80746
	-4.36732 -5.86488
	-4.62968 -5.91211
	-4.89236 -5.94757
	-5.15763 -5.97252
	-5.41882 -5.98545
	-5.68477 -5.98938
	-5.95073 -5.98021
	-6.21586 -5.96184
	-6.47986 -5.93031
	-6.7388 -5.89018
	-7.00048 -5.83758
	-7.25772 -5.7749
	-7.51136 -5.70169
	-7.76115 -5.61842
	-8.01037 -5.52398
	-8.25564 -5.41849
	-8.49546 -5.30316
	-8.72888 -5.17859
	-8.95553 -5.04519
	-9.1773 -4.903
	-9.39612 -4.74877
	-9.60701 -4.58634
	-9.80809 -4.41769
	-10.0048 -4.23936
	-10.1934 -4.05203
	-10.3725 -3.86
	-10.5456 -3.65805
	-10.7113 -3.44727
	-10.8646 -3.23286
	-11.0106 -3.01253
	-11.1469 -2.78448
	-11.2742 -2.55229
	-11.3909 -2.31361
	-11.4977 -2.07264
	-11.5935 -1.82786
	-11.6814 -1.57735
	-11.7582 -1.31937
	-11.823 -1.06516
	-11.8784 -0.80387
	-11.9212 -0.544379
	-11.9554 -0.280529
	-11.9764 -0.0156294
	-11.988 0.245601
	-11.988 0.515399
	-11.9764 0.776629
	-11.9554 1.04153
	-11.9212 1.30538
	-11.8784 1.56487
	-11.8232 1.82527
	-11.7582 2.08151
	-11.6811 2.33934
	-11.5935 2.58886
	-11.4977 2.83364
	-11.3909 3.07461
	-11.275 3.31169
	-11.1469 3.54663
	-11.0106 3.77338
	-10.8646 3.99501
	-10.7099 4.20997
	-10.5456 4.41905
	-10.3741 4.61909
	-10.1934 4.81419
	-10.0048 5.00021
	-9.81019 5.17793
	-9.60476 5.35023
	-9.39372 5.51146
	-9.1773 5.664
	-8.95553 5.80619
	-8.72888 5.93959
	-8.49546 6.06416
	-8.25564 6.17949
	-8.01037 6.28498
	-7.76115 6.37942
	-7.51136 6.46269
	-7.25772 6.5359
	-7.00048 6.59858
	-6.7424 6.65046
	-6.47986 6.69246
	-6.21219 6.72309
	-5.95073 6.74121
	-5.68847 6.75025
	-5.41881 6.7476
	-5.15394 6.73317
	-4.89236 6.70857
	-4.62968 6.67311
	-4.36732 6.62588
	-4.1089 6.56846
	-3.85499 6.50075
	-3.60264 6.4227
	-3.35081 6.33305
	-3.1053 6.23327
	-2.86277 6.12315
	-2.62705 6.00333
	-2.39622 5.8748
	-2.16961 5.73464
	-1.95138 5.58786
	-1.73707 5.43008
	-1.53173 5.26503
	-1.33322 5.09247
	-1.13868 4.90851
	-0.953982 4.71727
	-0.776992 4.5193
	-0.609159 4.31345
	-0.450634 4.10294
	-0.300681 3.88519
	-0.158092 3.65942
	-0.0276875 3.42991
	0.0947381 3.19548
	0.205507 2.957
	0.308397 2.71345
	0.401447 2.46088
	0.482452 2.20872
	0.552979 1.95404
	0.612808 1.69652
	0.662665 1.43542
	0.700825 1.17225
	0.728009 0.910769
	0.745046 0.646047
	0.750293 0.381073

	-0.128 -4.992
	-0.128 -4.82831
	-0.294416 -4.99944
	-0.40105 -5.101
	-0.237 -5.101
	-0.128 -5.101
	-0.128 -4.992

	-0.128 5.642
	-0.128 5.843
	-0.128 5.862
	-0.327 5.862
	-0.400465 5.862
	-0.294416 5.76172
	-0.128 5.58941
	-0.128 5.642

	-10.961 5.862
	-11.07 5.862
	-11.07 5.753
	-11.07 5.63372
	-11.0553 5.64954
	-10.8399 5.862
	-10.961 5.862

	-11.07 -4.881
	-11.07 -5.082
	-11.07 -5.101
	-10.871 -5.101
	-10.8401 -5.101
	-11.0553 -4.88726
	-11.07 -4.87155
	-11.07 -4.881

-33
	1.072 -6.196
	1.072 -5.995
	1.072 -5.794
	1.072 -5.594
	1.072 -5.393
	1.072 -5.192
	1.072 -4.992
	1.072 -4.791
	1.072 -4.591
	1.072 -4.39
	1.072 -4.189
	1.072 -3.989
	1.072 -3.788
	1.072 -3.587
	1.072 -3.387
	1.072 -3.186
	1.072 -2.985
	1.072 -2.785
	1.072 -2.584
	1.072 -2.383
	1.072 -2.183
	1.072 -1.982
	1.072 -1.781
	1.072 -1.581
	1.072 -1.38
	1.072 -1.18
	1.072 -0.979
	1.072 -0.778
	1.072 -0.578
	1.072 -0.377
	1.072 -0.176
	1.072 0.024
	1.072 0.225
	1.072 0.426
	1.072 0.626
	1.072 0.827
	1.072 1.028
	1.072 1.228
	1.072 1.429
	1.072 1.629
	1.072 1.83
	1.072 2.031
	1.072 2.231
	1.072 2.432
	1.072 2.633
	1.072 2.833
	1.072 3.034
	1.072 3.235
	1.072 3.435
	1.072 3.636
	1.072 3.837
	1.072 4.037
	1.072 4.238
	1.072 4.439
	1.072 4.639
	1.072 4.84
	1.072 5.04
	1.072 5.241
	1.072 5.442
	1.072 5.642
	1.072 5.843
	1.072 6.044
	1.072 6.244
	1.072 6.445
	1.072 6.646
	1.072 6.846
	1.072 7.047
	1.072 7.062
	0.877 7.062
	0.676 7.062
	0.476 7.062
	0.275 7.062
	0.074 7.062
	-0.126 7.062
	-0.327 7.062
	-0.528 7.062
	-0.728 7.062
	-0.929 7.062
	-1.129 7.062
	-1.33 7.062
	-1.531 7.062
	-1.731 7.062
	-1.932 7.062
	-2.133 7.062
	-2.333 7.062
	-2.534 7.062
	-2.735 7.062
	-2.935 7.062
	-3.136 7.062
	-3.337 7.062
	-3.537 7.062
	-3.738 7.062
	-3.939 7.062
	-4.139 7.062
	-4.34 7.062
	-4.54 7.062
	-4.741 7.062
	-4.942 7.062
	-5.142 7.062
	-5.343 7.062
	-5.544 7.062
	-5.744 7.062
	-5.945 7.062
	-6.146 7.062
	-6.346 7.062
	-6.547 7.062
	-6.748 7.062
	-6.948 7.062
	-7.149 7.062
	-7.349 7.062
	-7.55 7.062
	-7.751 7.062
	-7.951 7.062
	-8.152 7.062
	-8.353 7.062
	-8.553 7.062
	-8.754 7.062
	-8.955 7.062
	-9.155 7.062
	-9.356 7.062
	-9.557 7.062
	-9.757 7.062
	-9.958 7.062
	-10.159 7.062
	-10.359 7.062
	-10.56 7.062
	-10.76 7.062
	-10.961 7.062
	-11.162 7.062
	-11.362 7.062
	-11.563 7.062
	-11.764 7.062
	-11.964 7.062
	-12.165 7.062
	-12.27 7.062
	-12.27 6.957
	-12.27 6.756
	-12.27 6.556
	-12.27 6.355
	-12.27 6.154
	-12.27 5.954
	-12.27 5.753
	-12.27 5.552
	-12.27 5.352
	-12.27 5.151
	-12.27 4.95
	-12.27 4.75
	-12.27 4.549
	-12.27 4.348
	-12.27 4.148
	-12.27 3.947
	-12.27 3.747
	-12.27 3.546
	-12.27 3.345
	-12.27 3.145
	-12.27 2.944
	-12.27 2.743
	-12.27 2.543
	-12.27 2.342
	-12.27 2.141
	-12.27 1.941
	-12.27 1.74
	-12.27 1.539
	-12.27 1.339
	-12.27 1.138
	-12.27 0.937
	-12.27 0.737
	-12.27 0.536
	-12.27 0.336
	-12.27 0.135
	-12.27 -0.066
	-12.27 -0.266
	-12.27 -0.467
	-12.27 -0.668
	-12.27 -0.868
	-12.27 -1.069
	-12.27 -1.27
	-12.27 -1.47
	-12.27 -1.671
	-12.27 -1.872
	-12.27 -2.072
	-12.27 -2.273
	-12.27 -2.474
	-12.27 -2.674
	-12.27 -2.875
	-12.27 -3.075
	-12.27 -3.276
	-12.27 -3.477
	-12.27 -3.677
	-12.27 -3.878
	-12.27 -4.079
	-12.27 -4.279
	-12.27 -4.48
	-12.27 -4.681
	-12.27 -4.881
	-12.27 -5.082
	-12.27 -5.283
	-12.27 -5.483
	-12.27 -5.684
	-12.27 -5.884
	-12.27 -6.085
	-12.27 -6.286
	-12.27 -6.301
	-12.075 -6.301
	-11.874 -6.301
	-11.674 -6.301
	-11.473 -6.301
	-11.272 -6.301
	-11.072 -6.301
	-10.871 -6.301
	-10.67 -6.301
	-10.47 -6.301
	-10.269 -6.301
	-10.068 -6.301
	-9.868 -6.301
	-9.667 -6.301
	-9.466 -6.301
	-9.266 -6.301
	-9.065 -6.301
	-8.865 -6.301
	-8.664 -6.301
	-8.463 -6.301
	-8.263 -6.301
	-8.062 -6.301
	-7.861 -6.301
	-7.661 -6.301
	-7.46 -6.301
	-7.259 -6.301
	-7.059 -6.301
	-6.858 -6.301
	-6.657 -6.301
	-6.457 -6.301
	-6.256 -6.301
	-6.056 -6.301
	-5.855 -6.301
	-5.654 -6.301
	-5.454 -6.301
	-5.253 -6.301
	-5.052 -6.301
	-4.852 -6.301
	-4.651 -6.301
	-4.45 -6.301
	-4.25 -6.301
	-4.049 -6.301
	-3.848 -6.301
	-3.648 -6.301
	-3.447 -6.301
	-3.246 -6.301
	-3.046 -6.301
	-2.845 -6.301
	-2.645 -6.301
	-2.444 -6.301
	-2.243 -6.301
	-2.043 -6.301
	-1.842 -6.301
	-1.641 -6.301
	-1.441 -6.301
	-1.24 -6.301
	-1.039 -6.301
	-0.839 -6.301
	-0.638 -6.301
	-0.437 -6.301
	-0.237 -6.301
	-0.036 -6.301
	0.164 -6.301
	0.365 -6.301
	0.566 -6.301
	0.766 -6.301
	0.967 -6.301
	1.072 -6.301
	1.072 -6.196

	0.677293 0.381073
	0.672046 0.114787
	0.654984 -0.149007
	0.627445 -0.413905
	0.587873 -0.67772
	0.538492 -0.935023
	0.477943 -1.19433
	0.405093 -1.45262
	0.322345 -1.7048
	0.22954 -1.95184
	0.125272 -2.19866
	0.0111489 -2.4374
	-0.111381 -2.67073
	-0.245084 -2.90012
	-0.388371 -3.12491
	-0.540997 -3.342
	-0.70104 -3.55149
	-0.870396 -3.75498
	-1.0524 -3.95572
	-1.23988 -4.1432
	-1.43206 -4.32239
	-1.63416 -4.49431
	-1.84103 -4.65694
	-2.05849 -4.81341
	-2.28294 -4.95996
	-2.50997 -5.09513
	-2.74224 -5.2204
	-2.97944 -5.33639
	-3.22369 -5.44333
	-3.47305 -5.53965
	-3.72389 -5.62457
	-3.97997 -5.69981
	-4.23895 -5.76323
	-4.49688 -5.81534
	-4.75651 -5.85688
	-5.02414 -5.88884
	-5.28915 -5.9072
	-5.55044 -5.91626
	-5.81923 -5.9136
	-6.08441 -5.89916
	-6.34814 -5.87423
	-6.61209 -5.83746
	-6.87112 -5.7906
	-7.13138 -5.73247
	-7.38891 -5.66247
	-7.64125 -5.58272
	-7.89082 -5.49209
	-8.13324 -5.39226
	-8.37612 -5.28138
	-8.61505 -5.15793
	-8.84469 -5.02746
	-9.06801 -4.88772
	-9.28605 -4.73888
	-9.49915 -4.57971
	-9.7073 -4.41001
	-9.90719 -4.2313
	-10.0954 -4.04824
	-10.2778 -3.85671
	-10.4539 -3.65409
	-10.6178 -3.4486
	-10.7739 -3.23662
	-10.9242 -3.01316
	-11.0628 -2.78472
	-11.1889 -2.55692
	-11.3099 -2.31771
	-11.4188 -2.07202
	-11.516 -1.8284
	-11.6035 -1.57871
	-11.6807 -1.3263
	-11.7483 -1.06667
	-11.8035 -0.806051
	-11.8477 -0.547617
	-11.8819 -0.283496
	-11.9045 -0.0159321
	-11.915 0.249307
	-11.915 0.511693
	-11.9045 0.776932
	-11.8819 1.0445
	-11.8477 1.30862
	-11.8035 1.56705
	-11.7483 1.82767
	-11.6807 2.0873
	-11.6035 2.33971
	-11.516 2.5894
	-11.4188 2.83302
	-11.3105 3.07719
	-11.1897 3.31746
	-11.0619 3.54841
	-10.9231 3.77577
	-10.7739 3.99762
	-10.6178 4.2096
	-10.4539 4.41509
	-10.2778 4.61771
	-10.0954 4.80924
	-9.90719 4.9923
	-9.7073 5.17101
	-9.49915 5.34072
	-9.28605 5.49988
	-9.07061 5.64695
	-8.84469 5.78963
	-8.61218 5.92042
	-8.37911 6.04084
	-8.13324 6.15442
	-7.88758 6.25426
	-7.64125 6.34372
	-7.38891 6.42347
	-7.13138 6.49347
	-6.87112 6.5516
	-6.61209 6.59846
	-6.34814 6.63523
	-6.08441 6.66016
	-5.81923 6.6746
	-5.55415 6.67722
	-5.28915 6.66935
	-5.02047 6.6494
	-4.7565 6.61788
	-4.49688 6.57634
	-4.23895 6.52423
	-3.97997 6.46081
	-3.72389 6.38557
	-3.47305 6.30065
	-3.22369 6.20433
	-2.98249 6.09873
	-2.74224 5.98256
	-2.50717 5.85447
	-2.28294 5.72096
	-2.05849 5.57441
	-1.8434 5.41965
	-1.63417 5.25648
	-1.43206 5.08324
	-1.23988 4.90535
	-1.05064 4.71478
	-0.870396 4.51598
	-0.70104 4.31249
	-0.540997 4.103
	-0.388371 3.88591
	-0.246091 3.6627
	-0.112252 3.43438
	0.0118913 3.19798
	0.125273 2.95949
	0.22954 2.714
	0.32275 2.46456
	0.405093 2.21362
	0.477943 1.95533
	0.538492 1.69602
	0.587873 1.43872
	0.627388 1.17528
	0.654984 0.911152
	0.672046 0.646047
	0.677293 0.381073

	-0.128 -4.992
	-0.128 -4.791
	-0.128 -4.7227
	-0.183111 -4.78349
	-0.40618 -5.00656
	-0.507467 -5.101
	-0.437 -5.101
	-0.237 -5.101
	-0.128 -5.101
	-0.128 -4.992

	-0.128 5.642
	-0.128 5.843
	-0.128 5.862
	-0.327 5.862
	-0.506848 5.862
	-0.406189 5.76882
	-0.17995 5.541
	-0.128 5.4837
	-0.128 5.642

	-10.76 5.862
	-10.961 5.862
	-11.07 5.862
	-11.07 5.753
	-11.07 5.552
	-11.07 5.52592
	-10.9486 5.65342
	-10.7341 5.862
	-10.76 5.862

	-11.07 -4.881
	-11.07 -5.082
	-11.07 -5.101
	-10.871 -5.101
	-10.7341 -5.101
	-10.9486 -4.89242
	-11.07 -4.76492
	-11.07 -4.881

-32.5
	1.072 -6.196
	1.072 -5.995
	1.072 -5.794
	1.072 -5.594
	1.072 -5.393
	1.072 -5.192
	1.072 -4.992
	1.072 -4.791
	1.072 -4.591
	1.072 -4.39
	1.072 -4.189
	1.072 -3.989
	1.072 -3.788
	1.072 -3.587
	1.072 -3.387
	1.072 -3.186
	1.072 -2.985
	1.072 -2.785
	1.072 -2.584
	1.072 -2.383
	1.072 -2.183
	1.072 -1.982
	1.072 -1.781
	1.072 -1.581
	1.072 -1.38
	1.072 -1.18
	1.072 -0.979
	1.072 -0.778
	1.072 -0.578
	1.072 -0.377
	1.072 -0.176
	1.072 0.024
	1.072 0.225
	1.072 0.426
	1.072 0.626
	1.072 0.827
	1.072 1.028
	1.072 1.228
	1.072 1.429
	1.072 1.629
	1.072 1.83
	1.072 2.031
	1.072 2.231
	1.072 2.432
	1.072 2.633
	1.072 2.833
	1.072 3.034
	1.072 3.235
	1.072 3.435
	1.072 3.636
	1.072 3.837
	1.072 4.037
	1.072 4.238
	1.072 4.439
	1.072 4.639
	1.072 4.84
	1.072 5.04
	1.072 5.241
	1.072 5.442
	1.072 5.642
	1.072 5.843
	1.072 6.044
	1.072 6.244
	1.072 6.445
	1.072 6.646
	1.072 6.846
	1.072 7.047
	1.072 7.062
	0.877 7.062
	0.676 7.062
	0.476 7.062
	0.275 7.062
	0.074 7.062
	-0.126 7.062
	-0.327 7.062
	-0.528 7.062
	-0.728 7.062
	-0.929 7.062
	-1.129 7.062
	-1.33 7.062
	-1.531 7.062
	-1.731 7.062
	-1.932 7.062
	-2.133 7.062
	-2.333 7.062
	-2.534 7.062
	-2.735 7.062
	-2.935 7.062
	-3.136 7.062
	-3.337 7.062
	-3.537 7.062
	-3.738 7.062
	-3.939 7.062
	-4.139 7.062
	-4.34 7.062
	-4.54 7.062
	-4.741 7.062
	-4.942 7.062
	-5.142 7.062
	-5.343 7.062
	-5.544 7.062
	-5.744 7.062
	-5.945 7.062
	-6.146 7.062
	-6.346 7.062
	-6.547 7.062
	-6.748 7.062
	-6.948 7.062
	-7.149 7.062
	-7.349 7.062
	-7.55 7.062
	-7.751 7.062
	-7.951 7.062
	-8.152 7.062
	-8.353 7.062
	-8.553 7.062
	-8.754 7.062
	-8.955 7.062
	-9.155 7.062
	-9.356 7.062
	-9.557 7.062
	-9.757 7.062
	-9.958 7.062
	-10.159 7.062
	-10.359 7.062
	-10.56 7.062
	-10.76 7.062
	-10.961 7.062
	-11.162 7.062
	-11.362 7.062
	-11.563 7.062
	-11.764 7.062
	-11.964 7.062
	-12.165 7.062
	-12.27 7.062
	-12.27 6.957
	-12.27 6.756
	-12.27 6.556
	-12.27 6.355
	-12.27 6.154
	-12.27 5.954
	-12.27 5.753
	-12.27 5.552
	-12.27 5.352
	-12.27 5.151
	-12.27 4.95
	-12.27 4.75
	-12.27 4.549
	-12.27 4.348
	-12.27 4.148
	-12.27 3.947
	-12.27 3.747
	-12.27 3.546
	-12.27 3.345
	-12.27 3.145
	-12.27 2.944
	-12.27 2.743
	-12.27 2.543
	-12.27 2.342
	-12.27 2.141
	-12.27 1.941
	-12.27 1.74
	-12.27 1.539
	-12.27 1.339
	-12.27 1.138
	-12.27 0.937
	-12.27 0.737
	-12.27 0.536
	-12.27 0.336
	-12.27 0.135
	-12.27 -0.066
	-12.27 -0.266
	-12.27 -0.467
	-12.27 -0.668
	-12.27 -0.868
	-12.27 -1.069
	-12.27 -1.27
	-12.27 -1.47
	-12.27 -1.671
	-12.27 -1.872
	-12.27 -2.072
	-12.27 -2.273
	-12.27 -2.474
	-12.27 -2.674
	-12.27 -2.875
	-12.27 -3.075
	-12.27 -3.276
	-12.27 -3.477
	-12.27 -3.677
	-12.27 -3.878
	-12.27 -4.079
	-12.27 -4.279
	-12.27 -4.48
	-12.27 -4.681
	-12.27 -4.881
	-12.27 -5.082
	-12.27 -5.283
	-12.27 -5.483
	-12.27 -5.684
	-12.27 -5.884
	-12.27 -6.085
	-12.27 -6.286
	-12.27 -6.301
	-12.075 -6.301
	-11.874 -6.301
	-11.674 -6.301
	-11.473 -6.301
	-11.272 -6.301
	-11.072 -6.301
	-10.871 -6.301
	-10.67 -6.301
	-10.47 -6.301
	-10.269 -6.301
	-10.068 -6.301
	-9.868 -6.301
	-9.667 -6.301
	-9.466 -6.301
	-9.266 -6.301
	-9.065 -6.301
	-8.865 -6.301
	-8.664 -6.301
	-8.463 -6.301
	-8.263 -6.301
	-8.062 -6.301
	-7.861 -6.301
	-7.661 -6.301
	-7.46 -6.301
	-7.259 -6.301
	-7.059 -6.301
	-6.858 -6.301
	-6.657 -6.301
	-6.457 -6.301
	-6.256 -6.301
	-6.056 -6.301
	-5.855 -6.301
	-5.654 -6.301
	-5.454 -6.301
	-5.253 -6.301
	-5.052 -6.301
	-4.852 -6.301
	-4.651 -6.301
	-4.45 -6.301
	-4.25 -6.301
	-4.049 -6.301
	-3.848 -6.301
	-3.648 -6.301
	-3.447 -6.301
	-3.246 -6.301
	-3.046 -6.301
	-2.845 -6.301
	-2.645 -6.301
	-2.444 -6.301
	-2.243 -6.301
	-2.043 -6.301
	-1.842 -6.301
	-1.641 -6.301
	-1.441 -6.301
	-1.24 -6.301
	-1.039 -6.301
	-0.839 -6.301
	-0.638 -6.301
	-0.437 -6.301
	-0.237 -6.301
	-0.036 -6.301
	0.164 -6.301
	0.365 -6.301
	0.566 -6.301
	0.766 -6.301
	0.967 -6.301
	1.072 -6.301
	1.072 -6.196

	0.605462 0.381092
	0.598807 0.112248
	0.581984 -0.149152
	0.554331 -0.413834
	0.514225 -0.679874
	0.462964 -0.940117
	0.401729 -1.19678
	0.328495 -1.4551
	0.243589 -1.70849
	0.150674 -1.95239
	0.0463393 -2.19804
	-0.0705933 -2.43988
	-0.196193 -2.67522
	-0.331449 -2.90239
	-0.475133 -3.12445
	-0.632187 -3.34459
	-0.796686 -3.55384
	-0.966846 -3.75387
	-1.14667 -3.94813
	-1.33623 -4.13637
	-1.53502 -4.3166
	-1.74078 -4.48785
	-1.95041 -4.6467
	-2.16765 -4.79943
	-2.39372 -4.94221
	-2.61946 -5.07324
	-2.85896 -5.19901
	-3.10209 -5.31194
	-3.34457 -5.41308
	-3.59515 -5.50589
	-3.84759 -5.58609
	-4.10612 -5.65769
	-4.36566 -5.71565
	-4.62312 -5.76377
	-4.89035 -5.80118
	-5.15459 -5.82616
	-5.41977 -5.8406
	-5.68485 -5.84322
	-5.95012 -5.83534
	-6.21781 -5.81536
	-6.48208 -5.78381
	-6.74429 -5.74165
	-7.006 -5.68745
	-7.26381 -5.62267
	-7.51662 -5.54709
	-7.76761 -5.46167
	-8.01787 -5.36316
	-8.26062 -5.25557
	-8.49717 -5.13861
	-8.73094 -5.01049
	-8.95953 -4.87176
	-9.18065 -4.72434
	-9.39526 -4.56766
	-9.6028 -4.40216
	-9.80251 -4.22873
	-9.99739 -4.04445
	-10.1811 -3.8542
	-10.3599 -3.65416
	-10.5284 -3.44584
	-10.6846 -3.23674
	-10.8365 -3.01557
	-10.9777 -2.78649
	-11.106 -2.55831
	-11.2283 -2.31911
	-11.338 -2.07598
	-11.4366 -1.83335
	-11.5272 -1.58024
	-11.6044 -1.32764
	-11.6733 -1.06911
	-11.7287 -0.808265
	-11.7741 -0.55089
	-11.8089 -0.282496
	-11.8315 -0.0149321
	-11.842 0.250307
	-11.842 0.51184
	-11.8315 0.776079
	-11.8089 1.0435
	-11.7742 1.31125
	-11.7287 1.57039
	-11.6731 1.83085
	-11.6044 2.08864
	-11.5272 2.34124
	-11.437 2.59303
	-11.338 2.83814
	-11.2276 3.08148
	-11.106 3.31931
	-10.9777 3.54749
	-10.8376 3.77478
	-10.6846 3.9989
	-10.527 4.20857
	-10.3599 4.41516
	-10.1811 4.6152
	-9.99739 4.80545
	-9.80251 4.98973
	-9.6028 5.16316
	-9.39526 5.32866
	-9.18065 5.48534
	-8.95953 5.63276
	-8.73094 5.77149
	-8.49717 5.89961
	-8.26062 6.01657
	-8.01787 6.12416
	-7.77088 6.22138
	-7.51662 6.30924
	-7.26036 6.38454
	-7.006 6.44845
	-6.74429 6.50265
	-6.48208 6.54481
	-6.21781 6.57636
	-5.95012 6.59634
	-5.68485 6.60422
	-5.41977 6.6016
	-5.15459 6.58716
	-4.89035 6.56218
	-4.62675 6.52527
	-4.36567 6.4778
	-4.10263 6.41772
	-3.8476 6.34709
	-3.59515 6.26689
	-3.34456 6.17408
	-3.10209 6.07294
	-2.85896 5.96001
	-2.61947 5.83424
	-2.39372 5.70321
	-2.16765 5.56043
	-1.95041 5.4077
	-1.74078 5.24885
	-1.53502 5.0776
	-1.33624 4.89737
	-1.14667 4.70913
	-0.966846 4.51487
	-0.796686 4.31484
	-0.632187 4.10559
	-0.476306 3.88709
	-0.331447 3.66454
	-0.195299 3.43454
	-0.0705934 3.20088
	0.0463391 2.95904
	0.150156 2.71461
	0.243588 2.47065
	0.328817 2.21497
	0.401494 1.95861
	0.462964 1.70227
	0.514331 1.44017
	0.554331 1.17483
	0.581984 0.910152
	0.598801 0.648845
	0.605462 0.381092

	-0.128 -4.992
	-0.128 -4.791
	-0.128 -4.61417
	-0.2832 -4.78183
	-0.510023 -5.00707
	-0.61362 -5.101
	-0.437 -5.101
	-0.237 -5.101
	-0.128 -5.101
	-0.128 -4.992

	-0.128 5.442
	-0.128 5.642
	-0.128 5.843
	-0.128 5.862
	-0.327 5.862
	-0.528 5.862
	-0.61362 5.862
	-0.510024 5.76807
	-0.283201 5.54284
	-0.128 5.37517
	-0.128 5.442

	-10.76 5.862
	-10.961 5.862
	-11.07 5.862
	-11.07 5.753
	-11.07 5.552
	-11.07 5.42136
	-11.0603 5.43216
	-10.8417 5.65861
	-10.6266 5.862
	-10.76 5.862

	-11.07 -4.681
	-11.07 -4.881
	-11.07 -5.082
	-11.07 -5.101
	-10.871 -5.101
	-10.67 -5.101
	-10.6266 -5.101
	-10.8417 -4.89761
	-11.0603 -4.67116
	-11.07 -4.66036
	-11.07 -4.681

-32
	1.072 -6.196
	1.072 -5.995
	1.072 -5.794
	1.072 -5.594
	1.072 -5.393
	1.072 -5.192
	1.072 -4.992
	1.072 -4.791
	1.072 -4.591
	1.072 -4.39
	1.072 -4.189
	1.072 -3.989
	1.072 -3.788
	1.072 -3.587
	1.072 -3.387
	1.072 -3.186
	1.072 -2.985
	1.072 -2.785
	1.072 -2.584
	1.072 -2.383
	1.072 -2.183
	1.072 -1.982
	1.072 -1.781
	1.072 -1.581
	1.072 -1.38
	1.072 -1.18
	1.072 -0.979
	1.072 -0.778
	1.072 -0.578
	1.072 -0.377
	1.072 -0.176
	1.072 0.024
	1.072 0.225
	1.072 0.426
	1.072 0.626
	1.072 0.827
	1.072 1.028
	1.072 1.228
	1.072 1.429
	1.072 1.629
	1.072 1.83
	1.072 2.031
	1.072 2.231
	1.072 2.432
	1.072 2.633
	1.072 2.833
	1.072 3.034
	1.072 3.235
	1.072 3.435
	1.072 3.636
	1.072 3.837
	1.072 4.037
	1.072 4.238
	1.072 4.439
	1.072 4.639
	1.072 4.84
	1.072 5.04
	1.072 5.241
	1.072 5.442
	1.072 5.642
	1.072 5.843
	1.072 6.044
	1.072 6.244
	1.072 6.445
	1.072 6.646
	1.072 6.846
	1.072 7.047
	1.072 7.062
	0.877 7.062
	0.676 7.062
	0.476 7.062
	0.275 7.062
	0.074 7.062
	-0.126 7.062
	-0.327 7.062
	-0.528 7.062
	-0.728 7.062
	-0.929 7.062
	-1.129 7.062
	-1.33 7.062
	-1.531 7.062
	-1.731 7.062
	-1.932 7.062
	-2.133 7.062
	-2.333 7.062
	-2.534 7.062
	-2.735 7.062
	-2.935 7.062
	-3.136 7.062
	-3.337 7.062
	-3.537 7.062
	-3.738 7.062
	-3.939 7.062
	-4.139 7.062
	-4.34 7.062
	-4.54 7.062
	-4.741 7.062
	-4.942 7.062
	-5.142 7.062
	-5.343 7.062
	-5.544 7.062
	-5.744 7.062
	-5.945 7.062
	-6.146 7.062
	-6.346 7.062
	-6.547 7.062
	-6.748 7.062
	-6.948 7.062
	-7.149 7.062
	-7.349 7.062
	-7.55 7.062
	-7.751 7.062
	-7.951 7.062
	-8.152 7.062
	-8.353 7.062
	-8.553 7.062
	-8.754 7.062
	-8.955 7.062
	-9.155 7.062
	-9.356 7.062
	-9.557 7.062
	-9.757 7.062
	-9.958 7.062
	-10.159 7.062
	-10.359 7.062
	-10.56 7.062
	-10.76 7.062
	-10.961 7.062
	-11.162 7.062
	-11.362 7.062
	-11.563 7.062
	-11.764 7.062
	-11.964 7.062
	-12.165 7.062
	-12.27 7.062
	-12.27 6.957
	-12.27 6.756
	-12.27 6.556
	-12.27 6.355
	-12.27 6.154
	-12.27 5.954
	-12.27 5.753
	-12.27 5.552
	-12.27 5.352
	-12.27 5.151
	-12.27 4.95
	-12.27 4.75
	-12.27 4.549
	-12.27 4.348
	-12.27 4.148
	-12.27 3.947
	-12.27 3.747
	-12.27 3.546
	-12.27 3.345
	-12.27 3.145
	-12.27 2.944
	-12.27 2.743
	-12.27 2.543
	-12.27 2.342
	-12.27 2.141
	-12.27 1.941
	-12.27 1.74
	-12.27 1.539
	-12.27 1.339
	-12.27 1.138
	-12.27 0.937
	-12.27 0.737
	-12.27 0.536
	-12.27 0.336
	-12.27 0.135
	-12.27 -0.066
	-12.27 -0.266
	-12.27 -0.467
	-12.27 -0.668
	-12.27 -0.868
	-12.27 -1.069
	-12.27 -1.27
	-12.27 -1.47
	-12.27 -1.671
	-12.27 -1.872
	-12.27 -2.072
	-12.27 -2.273
	-12.27 -2.474
	-12.27 -2.674
	-12.27 -2.875
	-12.27 -3.075
	-12.27 -3.276
	-12.27 -3.477
	-12.27 -3.677
	-12.27 -3.878
	-12.27 -4.079
	-12.27 -4.279
	-12.27 -4.48
	-12.27 -4.681
	-12.27 -4.881
	-12.27 -5.082
	-12.27 -5.283
	-12.27 -5.483
	-12.27 -5.684
	-12.27 -5.884
	-12.27 -6.085
	-12.27 -6.286
	-12.27 -6.301
	-12.075 -6.301
	-11.874 -6.301
	-11.674 -6.301
	-11.473 -6.301
	-11.272 -6.301
	-11.072 -6.301
	-10.871 -6.301
	-10.67 -6.301
	-10.47 -6.301
	-10.269 -6.301
	-10.068 -6.301
	-9.868 -6.301
	-9.667 -6.301
	-9.466 -6.301
	-9.266 -6.301
	-9.065 -6.301
	-8.865 -6.301
	-8.664 -6.301
	-8.463 -6.301
	-8.263 -6.301
	-8.062 -6.301
	-7.861 -6.301
	-7.661 -6.301
	-7.46 -6.301
	-7.259 -6.301
	-7.059 -6.301
	-6.858 -6.301
	-6.657 -6.301
	-6.457 -6.301
	-6.256 -6.301
	-6.056 -6.301
	-5.855 -6.301
	-5.654 -6.301
	-5.454 -6.301
	-5.253 -6.301
	-5.052 -6.301
	-4.852 -6.301
	-4.651 -6.301
	-4.45 -6.301
	-4.25 -6.301
	-4.049 -6.301
	-3.848 -6.301
	-3.648 -6.301
	-3.447 -6.301
	-3.246 -6.301
	-3.046 -6.301
	-2.845 -6.301
	-2.645 -6.301
	-2.444 -6.301
	-2.243 -6.301
	-2.043 -6.301
	-1.842 -6.301
	-1.641 -6.301
	-1.441 -6.301
	-1.24 -6.301
	-1.039 -6.301
	-0.839 -6.301
	-0.638 -6.301
	-0.437 -6.301
	-0.237 -6.301
	-0.036 -6.301
	0.164 -6.301
	0.365 -6.301
	0.566 -6.301
	0.766 -6.301
	0.967 -6.301
	1.072 -6.301
	1.072 -6.196

	0.532296 0.381074
	0.526967 0.111997
	0.508547 -0.152472
	0.480948 -0.415314
	0.439512 -0.682642
	0.388629 -0.939667
	0.32666 -1.19809
	0.251382 -1.45888
	0.165906 -1.71004
	0.0706546 -1.95876
	-0.0372652 -2.20391
	-0.153378 -2.44135
	-0.281213 -2.67705
	-0.418942 -2.90483
	-0.564167 -3.12463
	-0.721459 -3.34191
	-0.888844 -3.5518
	-1.06228 -3.75151
	-1.24477 -3.94451
	-1.43585 -4.13028
	-1.638 -4.30967
	-1.84475 -4.47691
	-2.05704 -4.63514
	-2.27884 -4.78522
	-2.50628 -4.92539
	-2.74038 -5.05574
	-2.97694 -5.17402
	-3.21716 -5.28238
	-3.46642 -5.38235
	-3.71984 -5.47038
	-3.9727 -5.54637
	-4.23146 -5.61272
	-4.49312 -5.6669
	-4.75484 -5.7103
	-5.02175 -5.74233
	-5.28605 -5.76206
	-5.55402 -5.77139
	-5.82314 -5.76739
	-6.08396 -5.75312
	-6.347 -5.72813
	-6.61388 -5.69077
	-6.87929 -5.64117
	-7.13767 -5.58053
	-7.39293 -5.50984
	-7.64757 -5.42718
	-7.89499 -5.33424
	-8.14087 -5.23113
	-8.38296 -5.1154
	-8.61855 -4.99099
	-8.8487 -4.85529
	-9.0709 -4.71152
	-9.28881 -4.55738
	-9.50061 -4.39221
	-9.70287 -4.22015
	-9.89907 -4.03853
	-10.0844 -3.85058
	-10.263 -3.6549
	-10.4377 -3.44494
	-10.5972 -3.23272
	-10.7471 -3.01777
	-10.8899 -2.79154
	-11.0222 -2.56134
	-11.146 -2.32188
	-11.2571 -2.08112
	-11.3589 -1.83375
	-11.4484 -1.58512
	-11.5294 -1.32896
	-11.5968 -1.07229
	-11.6552 -0.81098
	-11.7 -0.548723
	-11.7355 -0.285959
	-11.7582 -0.018943
	-11.77 0.246598
	-11.77 0.514402
	-11.7582 0.779943
	-11.7355 1.04696
	-11.7 1.30972
	-11.6552 1.57198
	-11.5968 1.83329
	-11.5294 2.08996
	-11.4484 2.34612
	-11.3589 2.59475
	-11.2577 2.84067
	-11.146 3.08405
	-11.0222 3.32217
	-10.8899 3.5537
	-10.7471 3.7786
	-10.5972 3.99487
	-10.4363 4.20767
	-10.263 4.4159
	-10.0862 4.60965
	-9.90099 4.79876
	-9.70079 4.98408
	-9.49837 5.15495
	-9.28881 5.31838
	-9.0709 5.47252
	-8.8487 5.6163
	-8.61855 5.75199
	-8.38296 5.8764
	-8.14396 5.99065
	-7.89499 6.09639
	-7.64425 6.18926
	-7.39293 6.27084
	-7.13767 6.34153
	-6.87929 6.40217
	-6.61388 6.45177
	-6.35068 6.48861
	-6.08767 6.51491
	-5.81943 6.52959
	-5.55031 6.53226
	-5.28605 6.52306
	-5.02175 6.50333
	-4.75484 6.4713
	-4.49312 6.4279
	-4.23146 6.37372
	-3.9727 6.30737
	-3.71984 6.23138
	-3.46642 6.14335
	-3.22031 6.04465
	-2.97694 5.93619
	-2.73747 5.81512
	-2.50628 5.68639
	-2.27884 5.54622
	-2.05704 5.39614
	-1.84475 5.23791
	-1.638 5.07067
	-1.43585 4.89128
	-1.24477 4.70551
	-1.06228 4.51251
	-0.888844 4.3128
	-0.72146 4.10291
	-0.564168 3.88563
	-0.418941 3.66583
	-0.281213 3.43805
	-0.154157 3.20379
	-0.0372629 2.96606
	0.0711901 2.71836
	0.165906 2.47104
	0.251382 2.21988
	0.32666 1.95909
	0.388629 1.70067
	0.439401 1.4442
	0.480948 1.1775
	0.508573 0.913085
	0.526962 0.649076
	0.532296 0.381074

	-0.128 -4.992
	-0.128 -4.791
	-0.128 -4.591
	-0.128 -4.50582
	-0.172896 -4.55752
	-0.390182 -4.78731
	-0.618933 -5.00971
	-0.721808 -5.101
	-0.638 -5.101
	-0.437 -5.101
	-0.237 -5.101
	-0.128 -5.101
	-0.128 -4.992

	-0.128 5.442
	-0.128 5.642
	-0.128 5.843
	-0.128 5.862
	-0.327 5.862
	-0.528 5.862
	-0.721808 5.862
	-0.618932 5.77071
	-0.390182 5.54831
	-0.172896 5.31852
	-0.128 5.26682
	-0.128 5.442

	-10.56 5.862
	-10.76 5.862
	-10.961 5.862
	-11.07 5.862
	-11.07 5.753
	-11.07 5.552
	-11.07 5.352
	-11.07 5.31178
	-10.9583 5.43417
	-10.7378 5.65936
	-10.5189 5.862
	-10.56 5.862

	-11.07 -4.681
	-11.07 -4.881
	-11.07 -5.082
	-11.07 -5.101
	-10.871 -5.101
	-10.67 -5.101
	-10.5178 -5.101
	-10.7343 -4.90056
	-10.9551 -4.67664
	-11.07 -4.55078
	-11.07 -4.681

