-15.5
	1.072 -6.196
	1.072 -5.995
	1.072 -5.794
	1.072 -5.594
	1.072 -5.393
	1.072 -5.192
	1.072 -4.992
	1.072 -4.791
	1.072 -4.591
	1.072 -4.39
	1.072 -4.189
	1.072 -3.989
	1.072 -3.788
	1.072 -3.587
	1.072 -3.387
	1.072 -3.186
	1.072 -2.985
	1.072 -2.785
	1.072 -2.584
	1.072 -2.383
	1.072 -2.183
	1.072 -1.982
	1.072 -1.781
	1.072 -1.581
	1.072 -1.38
	1.072 -1.18
	1.072 -0.979
	1.072 -0.778
	1.072 -0.578
	1.072 -0.377
	1.072 -0.176
	1.072 0.024
	1.072 0.225
	1.072 0.426
	1.072 0.626
	1.072 0.827
	1.072 1.028
	1.072 1.228
	1.072 1.429
	1.072 1.629
	1.072 1.83
	1.072 2.031
	1.072 2.231
	1.072 2.432
	1.072 2.633
	1.072 2.833
	1.072 3.034
	1.072 3.235
	1.072 3.435
	1.072 3.636
	1.072 3.837
	1.072 4.037
	1.072 4.238
	1.072 4.439
	1.072 4.639
	1.072 4.84
	1.072 5.04
	1.072 5.241
	1.072 5.442
	1.072 5.642
	1.072 5.843
	1.072 6.044
	1.072 6.244
	1.072 6.445
	1.072 6.646
	1.072 6.846
	1.072 7.047
	1.072 7.062
	0.877 7.062
	0.676 7.062
	0.476 7.062
	0.275 7.062
	0.074 7.062
	-0.126 7.062
	-0.327 7.062
	-0.528 7.062
	-0.728 7.062
	-0.929 7.062
	-1.129 7.062
	-1.33 7.062
	-1.531 7.062
	-1.731 7.062
	-1.932 7.062
	-2.133 7.062
	-2.333 7.062
	-2.534 7.062
	-2.735 7.062
	-2.935 7.062
	-3.136 7.062
	-3.337 7.062
	-3.537 7.062
	-3.738 7.062
	-3.939 7.062
	-4.139 7.062
	-4.34 7.062
	-4.54 7.062
	-4.741 7.062
	-4.942 7.062
	-5.142 7.062
	-5.343 7.062
	-5.544 7.062
	-5.744 7.062
	-5.945 7.062
	-6.146 7.062
	-6.346 7.062
	-6.547 7.062
	-6.748 7.062
	-6.948 7.062
	-7.149 7.062
	-7.349 7.062
	-7.55 7.062
	-7.751 7.062
	-7.951 7.062
	-8.152 7.062
	-8.353 7.062
	-8.553 7.062
	-8.754 7.062
	-8.955 7.062
	-9.155 7.062
	-9.356 7.062
	-9.557 7.062
	-9.757 7.062
	-9.958 7.062
	-10.159 7.062
	-10.359 7.062
	-10.56 7.062
	-10.76 7.062
	-10.961 7.062
	-11.162 7.062
	-11.362 7.062
	-11.563 7.062
	-11.764 7.062
	-11.964 7.062
	-12.165 7.062
	-12.27 7.062
	-12.27 6.957
	-12.27 6.756
	-12.27 6.556
	-12.27 6.355
	-12.27 6.154
	-12.27 5.954
	-12.27 5.753
	-12.27 5.552
	-12.27 5.352
	-12.27 5.151
	-12.27 4.95
	-12.27 4.75
	-12.27 4.549
	-12.27 4.348
	-12.27 4.148
	-12.27 3.947
	-12.27 3.747
	-12.27 3.546
	-12.27 3.345
	-12.27 3.145
	-12.27 2.944
	-12.27 2.743
	-12.27 2.543
	-12.27 2.342
	-12.27 2.141
	-12.27 1.941
	-12.27 1.74
	-12.27 1.539
	-12.27 1.339
	-12.27 1.138
	-12.27 0.937
	-12.27 0.737
	-12.27 0.536
	-12.27 0.336
	-12.27 0.135
	-12.27 -0.066
	-12.27 -0.266
	-12.27 -0.467
	-12.27 -0.668
	-12.27 -0.868
	-12.27 -1.069
	-12.27 -1.27
	-12.27 -1.47
	-12.27 -1.671
	-12.27 -1.872
	-12.27 -2.072
	-12.27 -2.273
	-12.27 -2.474
	-12.27 -2.674
	-12.27 -2.875
	-12.27 -3.075
	-12.27 -3.276
	-12.27 -3.477
	-12.27 -3.677
	-12.27 -3.878
	-12.27 -4.079
	-12.27 -4.279
	-12.27 -4.48
	-12.27 -4.681
	-12.27 -4.881
	-12.27 -5.082
	-12.27 -5.283
	-12.27 -5.483
	-12.27 -5.684
	-12.27 -5.884
	-12.27 -6.085
	-12.27 -6.286
	-12.27 -6.301
	-12.075 -6.301
	-11.874 -6.301
	-11.674 -6.301
	-11.473 -6.301
	-11.272 -6.301
	-11.072 -6.301
	-10.871 -6.301
	-10.67 -6.301
	-10.47 -6.301
	-10.269 -6.301
	-10.068 -6.301
	-9.868 -6.301
	-9.667 -6.301
	-9.466 -6.301
	-9.266 -6.301
	-9.065 -6.301
	-8.865 -6.301
	-8.664 -6.301
	-8.463 -6.301
	-8.263 -6.301
	-8.062 -6.301
	-7.861 -6.301
	-7.661 -6.301
	-7.46 -6.301
	-7.259 -6.301
	-7.059 -6.301
	-6.858 -6.301
	-6.657 -6.301
	-6.457 -6.301
	-6.256 -6.301
	-6.056 -6.301
	-5.855 -6.301
	-5.654 -6.301
	-5.454 -6.301
	-5.253 -6.301
	-5.052 -6.301
	-4.852 -6.301
	-4.651 -6.301
	-4.45 -6.301
	-4.25 -6.301
	-4.049 -6.301
	-3.848 -6.301
	-3.648 -6.301
	-3.447 -6.301
	-3.246 -6.301
	-3.046 -6.301
	-2.845 -6.301
	-2.645 -6.301
	-2.444 -6.301
	-2.243 -6.301
	-2.043 -6.301
	-1.842 -6.301
	-1.641 -6.301
	-1.441 -6.301
	-1.24 -6.301
	-1.039 -6.301
	-0.839 -6.301
	-0.638 -6.301
	-0.437 -6.301
	-0.237 -6.301
	-0.036 -6.301
	0.164 -6.301
	0.365 -6.301
	0.566 -6.301
	0.766 -6.301
	0.967 -6.301
	1.072 -6.301
	1.072 -6.196

	-1.86421 0.381179
	-1.88101 0.0367082
	-1.9272 -0.298126
	-2.00349 -0.629824
	-2.11084 -0.956911
	-2.24728 -1.26973
	-2.41112 -1.57066
	-2.60309 -1.85445
	-2.81736 -2.11855
	-3.05758 -2.36377
	-3.31672 -2.5847
	-3.59491 -2.78127
	-3.89116 -2.95269
	-4.20375 -3.09723
	-4.52573 -3.21067
	-4.85385 -3.29476
	-5.19194 -3.34972
	-5.53487 -3.37325
	-5.87551 -3.36495
	-6.21495 -3.32668
	-6.55171 -3.25631
	-6.8762 -3.15697
	-7.19118 -3.02932
	-7.49683 -2.87146
	-7.78625 -2.68577
	-8.05516 -2.47661
	-8.30563 -2.24284
	-8.53297 -1.98708
	-8.73433 -1.71475
	-8.91249 -1.42336
	-9.06365 -1.11433
	-9.18537 -0.794192
	-9.27714 -0.465506
	-9.33839 -0.131079
	-9.37 0.208298
	-9.37 0.552702
	-9.33839 0.892079
	-9.27731 1.22554
	-9.18537 1.55653
	-9.06308 1.8765
	-8.91333 2.18265
	-8.73433 2.47709
	-8.53152 2.74972
	-8.30563 3.00384
	-8.05516 3.23761
	-7.78625 3.44677
	-7.49683 3.63246
	-7.19419 3.78877
	-6.87619 3.91932
	-6.54828 4.01803
	-6.21495 4.08768
	-5.87551 4.12595
	-5.53487 4.13425
	-5.19194 4.11072
	-4.85735 4.05633
	-4.52572 3.97301
	-4.20061 3.85677
	-3.89116 3.71369
	-3.59491 3.54227
	-3.31671 3.3457
	-3.05758 3.12477
	-2.81736 2.87955
	-2.60309 2.61545
	-2.41112 2.33166
	-2.24728 2.03073
	-2.11084 1.71791
	-2.00374 1.39161
	-1.9272 1.06046
	-1.88101 0.723971
	-1.86421 0.381179

	-0.128 -4.992
	-0.128 -4.791
	-0.128 -4.591
	-0.128 -4.39
	-0.128 -4.189
	-0.128 -3.989
	-0.128 -3.788
	-0.128 -3.587
	-0.128 -3.387
	-0.128 -3.186
	-0.128 -2.985
	-0.128 -2.785
	-0.128 -2.584
	-0.128 -2.383
	-0.128 -2.183
	-0.128 -1.982
	-0.128 -1.781
	-0.128 -1.581
	-0.128 -1.38
	-0.128 -1.18
	-0.128 -0.979
	-0.128 -0.778
	-0.128 -0.578
	-0.128 -0.377
	-0.128 -0.176
	-0.128 0.024
	-0.128 0.225
	-0.128 0.426
	-0.128 0.626
	-0.128 0.827
	-0.128 1.028
	-0.128 1.228
	-0.128 1.429
	-0.128 1.629
	-0.128 1.83
	-0.128 2.031
	-0.128 2.231
	-0.128 2.432
	-0.128 2.633
	-0.128 2.833
	-0.128 3.034
	-0.128 3.235
	-0.128 3.435
	-0.128 3.636
	-0.128 3.837
	-0.128 4.037
	-0.128 4.238
	-0.128 4.439
	-0.128 4.639
	-0.128 4.84
	-0.128 5.04
	-0.128 5.241
	-0.128 5.442
	-0.128 5.642
	-0.128 5.843
	-0.128 5.862
	-0.327 5.862
	-0.528 5.862
	-0.728 5.862
	-0.929 5.862
	-1.129 5.862
	-1.33 5.862
	-1.531 5.862
	-1.731 5.862
	-1.932 5.862
	-2.133 5.862
	-2.333 5.862
	-2.534 5.862
	-2.735 5.862
	-2.935 5.862
	-3.136 5.862
	-3.337 5.862
	-3.537 5.862
	-3.738 5.862
	-3.939 5.862
	-4.139 5.862
	-4.34 5.862
	-4.54 5.862
	-4.741 5.862
	-4.942 5.862
	-5.142 5.862
	-5.343 5.862
	-5.544 5.862
	-5.744 5.862
	-5.945 5.862
	-6.146 5.862
	-6.346 5.862
	-6.547 5.862
	-6.748 5.862
	-6.948 5.862
	-7.149 5.862
	-7.349 5.862
	-7.55 5.862
	-7.751 5.862
	-7.951 5.862
	-8.152 5.862
	-8.353 5.862
	-8.553 5.862
	-8.754 5.862
	-8.955 5.862
	-9.155 5.862
	-9.356 5.862
	-9.557 5.862
	-9.757 5.862
	-9.958 5.862
	-10.159 5.862
	-10.359 5.862
	-10.56 5.862
	-10.76 5.862
	-10.961 5.862
	-11.07 5.862
	-11.07 5.753
	-11.07 5.552
	-11.07 5.352
	-11.07 5.151
	-11.07 4.95
	-11.07 4.75
	-11.07 4.549
	-11.07 4.348
	-11.07 4.148
	-11.07 3.947
	-11.07 3.747
	-11.07 3.546
	-11.07 3.345
	-11.07 3.145
	-11.07 2.944
	-11.07 2.743
	-11.07 2.543
	-11.07 2.342
	-11.07 2.141
	-11.07 1.941
	-11.07 1.74
	-11.07 1.539
	-11.07 1.339
	-11.07 1.138
	-11.07 0.937
	-11.07 0.737
	-11.07 0.536
	-11.07 0.336
	-11.07 0.135
	-11.07 -0.066
	-11.07 -0.266
	-11.07 -0.467
	-11.07 -0.668
	-11.07 -0.868
	-11.07 -1.069
	-11.07 -1.27
	-11.07 -1.47
	-11.07 -1.671
	-11.07 -1.872
	-11.07 -2.072
	-11.07 -2.273
	-11.07 -2.474
	-11.07 -2.674
	-11.07 -2.875
	-11.07 -3.075
	-11.07 -3.276
	-11.07 -3.477
	-11.07 -3.677
	-11.07 -3.878
	-11.07 -4.079
	-11.07 -4.279
	-11.07 -4.48
	-11.07 -4.681
	-11.07 -4.881
	-11.07 -5.082
	-11.07 -5.101
	-10.871 -5.101
	-10.67 -5.101
	-10.47 -5.101
	-10.269 -5.101
	-10.068 -5.101
	-9.868 -5.101
	-9.667 -5.101
	-9.466 -5.101
	-9.266 -5.101
	-9.065 -5.101
	-8.865 -5.101
	-8.664 -5.101
	-8.463 -5.101
	-8.263 -5.101
	-8.062 -5.101
	-7.861 -5.101
	-7.661 -5.101
	-7.46 -5.101
	-7.259 -5.101
	-7.059 -5.101
	-6.858 -5.101
	-6.657 -5.101
	-6.457 -5.101
	-6.256 -5.101
	-6.056 -5.101
	-5.855 -5.101
	-5.654 -5.101
	-5.454 -5.101
	-5.253 -5.101
	-5.052 -5.101
	-4.852 -5.101
	-4.651 -5.101
	-4.45 -5.101
	-4.25 -5.101
	-4.049 -5.101
	-3.848 -5.101
	-3.648 -5.101
	-3.447 -5.101
	-3.246 -5.101
	-3.046 -5.101
	-2.845 -5.101
	-2.645 -5.101
	-2.444 -5.101
	-2.243 -5.101
	-2.043 -5.101
	-1.842 -5.101
	-1.641 -5.101
	-1.441 -5.101
	-1.24 -5.101
	-1.039 -5.101
	-0.839 -5.101
	-0.638 -5.101
	-0.437 -5.101
	-0.237 -5.101
	-0.128 -5.101
	-0.128 -4.992

	-0.662774 0.381322
	-0.68502 -0.0747253
	-0.745751 -0.515026
	-0.846275 -0.952084
	-0.988307 -1.38484
	-1.1683 -1.79751
	-1.38482 -2.19519
	-1.63837 -2.57001
	-1.92085 -2.91818
	-2.23805 -3.24199
	-2.57969 -3.53326
	-2.94683 -3.79268
	-3.33769 -4.01885
	-3.75156 -4.21021
	-4.17672 -4.36001
	-4.60812 -4.47057
	-5.05429 -4.5431
	-5.50836 -4.57426
	-5.95752 -4.5633
	-6.40531 -4.51282
	-6.85068 -4.41975
	-7.27796 -4.28895
	-7.69293 -4.12078
	-8.09749 -3.91183
	-8.48005 -3.66638
	-8.83449 -3.3907
	-9.16533 -3.08192
	-9.46575 -2.74395
	-9.7306 -2.38575
	-9.96569 -2.00126
	-10.1658 -1.59219
	-10.3265 -1.16955
	-10.4476 -0.735511
	-10.5283 -0.295141
	-10.57 0.152536
	-10.57 0.608464
	-10.5283 1.05614
	-10.448 1.49477
	-10.3265 1.93216
	-10.1647 2.35531
	-9.96719 2.75918
	-9.73059 3.14836
	-9.46313 3.50789
	-9.16533 3.84292
	-8.83449 4.1517
	-8.48005 4.42738
	-8.0975 4.67283
	-7.69835 4.87898
	-7.27795 5.05157
	-6.8445 5.18205
	-6.40531 5.27382
	-5.95752 5.3243
	-5.50836 5.33526
	-5.05429 5.3041
	-4.61443 5.23259
	-4.1767 5.12261
	-3.74591 4.96859
	-3.33769 4.77985
	-2.94683 4.55368
	-2.57969 4.29426
	-2.23805 4.00299
	-1.92085 3.67919
	-1.63837 3.33101
	-1.38482 2.95619
	-1.1683 2.55851
	-0.988307 2.14584
	-0.846737 1.71449
	-0.745752 1.27762
	-0.68502 0.835148
	-0.662774 0.381322

-15
	1.072 -6.196
	1.072 -5.995
	1.072 -5.794
	1.072 -5.594
	1.072 -5.393
	1.072 -5.192
	1.072 -4.992
	1.072 -4.791
	1.072 -4.591
	1.072 -4.39
	1.072 -4.189
	1.072 -3.989
	1.072 -3.788
	1.072 -3.587
	1.072 -3.387
	1.072 -3.186
	1.072 -2.985
	1.072 -2.785
	1.072 -2.584
	1.072 -2.383
	1.072 -2.183
	1.072 -1.982
	1.072 -1.781
	1.072 -1.581
	1.072 -1.38
	1.072 -1.18
	1.072 -0.979
	1.072 -0.778
	1.072 -0.578
	1.072 -0.377
	1.072 -0.176
	1.072 0.024
	1.072 0.225
	1.072 0.426
	1.072 0.626
	1.072 0.827
	1.072 1.028
	1.072 1.228
	1.072 1.429
	1.072 1.629
	1.072 1.83
	1.072 2.031
	1.072 2.231
	1.072 2.432
	1.072 2.633
	1.072 2.833
	1.072 3.034
	1.072 3.235
	1.072 3.435
	1.072 3.636
	1.072 3.837
	1.072 4.037
	1.072 4.238
	1.072 4.439
	1.072 4.639
	1.072 4.84
	1.072 5.04
	1.072 5.241
	1.072 5.442
	1.072 5.642
	1.072 5.843
	1.072 6.044
	1.072 6.244
	1.072 6.445
	1.072 6.646
	1.072 6.846
	1.072 7.047
	1.072 7.062
	0.877 7.062
	0.676 7.062
	0.476 7.062
	0.275 7.062
	0.074 7.062
	-0.126 7.062
	-0.327 7.062
	-0.528 7.062
	-0.728 7.062
	-0.929 7.062
	-1.129 7.062
	-1.33 7.062
	-1.531 7.062
	-1.731 7.062
	-1.932 7.062
	-2.133 7.062
	-2.333 7.062
	-2.534 7.062
	-2.735 7.062
	-2.935 7.062
	-3.136 7.062
	-3.337 7.062
	-3.537 7.062
	-3.738 7.062
	-3.939 7.062
	-4.139 7.062
	-4.34 7.062
	-4.54 7.062
	-4.741 7.062
	-4.942 7.062
	-5.142 7.062
	-5.343 7.062
	-5.544 7.062
	-5.744 7.062
	-5.945 7.062
	-6.146 7.062
	-6.346 7.062
	-6.547 7.062
	-6.748 7.062
	-6.948 7.062
	-7.149 7.062
	-7.349 7.062
	-7.55 7.062
	-7.751 7.062
	-7.951 7.062
	-8.152 7.062
	-8.353 7.062
	-8.553 7.062
	-8.754 7.062
	-8.955 7.062
	-9.155 7.062
	-9.356 7.062
	-9.557 7.062
	-9.757 7.062
	-9.958 7.062
	-10.159 7.062
	-10.359 7.062
	-10.56 7.062
	-10.76 7.062
	-10.961 7.062
	-11.162 7.062
	-11.362 7.062
	-11.563 7.062
	-11.764 7.062
	-11.964 7.062
	-12.165 7.062
	-12.27 7.062
	-12.27 6.957
	-12.27 6.756
	-12.27 6.556
	-12.27 6.355
	-12.27 6.154
	-12.27 5.954
	-12.27 5.753
	-12.27 5.552
	-12.27 5.352
	-12.27 5.151
	-12.27 4.95
	-12.27 4.75
	-12.27 4.549
	-12.27 4.348
	-12.27 4.148
	-12.27 3.947
	-12.27 3.747
	-12.27 3.546
	-12.27 3.345
	-12.27 3.145
	-12.27 2.944
	-12.27 2.743
	-12.27 2.543
	-12.27 2.342
	-12.27 2.141
	-12.27 1.941
	-12.27 1.74
	-12.27 1.539
	-12.27 1.339
	-12.27 1.138
	-12.27 0.937
	-12.27 0.737
	-12.27 0.536
	-12.27 0.336
	-12.27 0.135
	-12.27 -0.066
	-12.27 -0.266
	-12.27 -0.467
	-12.27 -0.668
	-12.27 -0.868
	-12.27 -1.069
	-12.27 -1.27
	-12.27 -1.47
	-12.27 -1.671
	-12.27 -1.872
	-12.27 -2.072
	-12.27 -2.273
	-12.27 -2.474
	-12.27 -2.674
	-12.27 -2.875
	-12.27 -3.075
	-12.27 -3.276
	-12.27 -3.477
	-12.27 -3.677
	-12.27 -3.878
	-12.27 -4.079
	-12.27 -4.279
	-12.27 -4.48
	-12.27 -4.681
	-12.27 -4.881
	-12.27 -5.082
	-12.27 -5.283
	-12.27 -5.483
	-12.27 -5.684
	-12.27 -5.884
	-12.27 -6.085
	-12.27 -6.286
	-12.27 -6.301
	-12.075 -6.301
	-11.874 -6.301
	-11.674 -6.301
	-11.473 -6.301
	-11.272 -6.301
	-11.072 -6.301
	-10.871 -6.301
	-10.67 -6.301
	-10.47 -6.301
	-10.269 -6.301
	-10.068 -6.301
	-9.868 -6.301
	-9.667 -6.301
	-9.466 -6.301
	-9.266 -6.301
	-9.065 -6.301
	-8.865 -6.301
	-8.664 -6.301
	-8.463 -6.301
	-8.263 -6.301
	-8.062 -6.301
	-7.861 -6.301
	-7.661 -6.301
	-7.46 -6.301
	-7.259 -6.301
	-7.059 -6.301
	-6.858 -6.301
	-6.657 -6.301
	-6.457 -6.301
	-6.256 -6.301
	-6.056 -6.301
	-5.855 -6.301
	-5.654 -6.301
	-5.454 -6.301
	-5.253 -6.301
	-5.052 -6.301
	-4.852 -6.301
	-4.651 -6.301
	-4.45 -6.301
	-4.25 -6.301
	-4.049 -6.301
	-3.848 -6.301
	-3.648 -6.301
	-3.447 -6.301
	-3.246 -6.301
	-3.046 -6.301
	-2.845 -6.301
	-2.645 -6.301
	-2.444 -6.301
	-2.243 -6.301
	-2.043 -6.301
	-1.842 -6.301
	-1.641 -6.301
	-1.441 -6.301
	-1.24 -6.301
	-1.039 -6.301
	-0.839 -6.301
	-0.638 -6.301
	-0.437 -6.301
	-0.237 -6.301
	-0.036 -6.301
	0.164 -6.301
	0.365 -6.301
	0.566 -6.301
	0.766 -6.301
	0.967 -6.301
	1.072 -6.301
	1.072 -6.196

	-1.93721 0.381179
	-1.95404 0.0362053
	-2.0014 -0.305521
	-2.08315 -0.644443
	-2.19312 -0.966008
	-2.33294 -1.28103
	-2.50558 -1.58528
	-2.70274 -1.8667
	-2.92592 -2.13046
	-3.17553 -2.37328
	-3.44267 -2.58833
	-3.72738 -2.77758
	-4.03215 -2.94182
	-4.34915 -3.07503
	-4.68064 -3.18042
	-5.02032 -3.25176
	-5.35942 -3.29185
	-5.70439 -3.30026
	-6.05051 -3.27639
	-6.39164 -3.21897
	-6.72237 -3.13211
	-7.04784 -3.01345
	-7.36104 -2.86366
	-7.65616 -2.68659
	-7.93387 -2.48293
	-8.19198 -2.25351
	-8.4267 -2.0019
	-8.63811 -1.72791
	-8.82367 -1.43339
	-8.97847 -1.12549
	-9.10385 -0.807859
	-9.20048 -0.475565
	-9.26493 -0.134673
	-9.297 0.207956
	-9.297 0.553044
	-9.26493 0.895673
	-9.20048 1.23657
	-9.10422 1.56757
	-8.97847 1.88783
	-8.82279 2.19579
	-8.63811 2.48891
	-8.4267 2.7629
	-8.19198 3.01451
	-7.93387 3.24393
	-7.65617 3.44759
	-7.36104 3.62466
	-7.04784 3.77445
	-6.7257 3.8919
	-6.39163 3.98132
	-6.0469 4.03764
	-5.70804 4.06101
	-5.36306 4.05428
	-5.01675 4.01333
	-4.67721 3.94033
	-4.34915 3.83603
	-4.03514 3.70408
	-3.72738 3.53994
	-3.44029 3.34741
	-3.17553 3.13428
	-2.92592 2.89146
	-2.70274 2.6277
	-2.50558 2.34628
	-2.33294 2.04203
	-2.19312 1.72701
	-2.08315 1.40544
	-2.0014 1.06652
	-1.95406 0.724972
	-1.93721 0.381179

	-0.128 -4.992
	-0.128 -4.791
	-0.128 -4.591
	-0.128 -4.39
	-0.128 -4.189
	-0.128 -3.989
	-0.128 -3.788
	-0.128 -3.587
	-0.128 -3.387
	-0.128 -3.186
	-0.128 -2.985
	-0.128 -2.785
	-0.128 -2.584
	-0.128 -2.383
	-0.128 -2.183
	-0.128 -1.982
	-0.128 -1.781
	-0.128 -1.581
	-0.128 -1.38
	-0.128 -1.18
	-0.128 -0.979
	-0.128 -0.778
	-0.128 -0.578
	-0.128 -0.377
	-0.128 -0.176
	-0.128 0.024
	-0.128 0.225
	-0.128 0.426
	-0.128 0.626
	-0.128 0.827
	-0.128 1.028
	-0.128 1.228
	-0.128 1.429
	-0.128 1.629
	-0.128 1.83
	-0.128 2.031
	-0.128 2.231
	-0.128 2.432
	-0.128 2.633
	-0.128 2.833
	-0.128 3.034
	-0.128 3.235
	-0.128 3.435
	-0.128 3.636
	-0.128 3.837
	-0.128 4.037
	-0.128 4.238
	-0.128 4.439
	-0.128 4.639
	-0.128 4.84
	-0.128 5.04
	-0.128 5.241
	-0.128 5.442
	-0.128 5.642
	-0.128 5.843
	-0.128 5.862
	-0.327 5.862
	-0.528 5.862
	-0.728 5.862
	-0.929 5.862
	-1.129 5.862
	-1.33 5.862
	-1.531 5.862
	-1.731 5.862
	-1.932 5.862
	-2.133 5.862
	-2.333 5.862
	-2.534 5.862
	-2.735 5.862
	-2.935 5.862
	-3.136 5.862
	-3.337 5.862
	-3.537 5.862
	-3.738 5.862
	-3.939 5.862
	-4.139 5.862
	-4.34 5.862
	-4.54 5.862
	-4.741 5.862
	-4.942 5.862
	-5.142 5.862
	-5.343 5.862
	-5.544 5.862
	-5.744 5.862
	-5.945 5.862
	-6.146 5.862
	-6.346 5.862
	-6.547 5.862
	-6.748 5.862
	-6.948 5.862
	-7.149 5.862
	-7.349 5.862
	-7.55 5.862
	-7.751 5.862
	-7.951 5.862
	-8.152 5.862
	-8.353 5.862
	-8.553 5.862
	-8.754 5.862
	-8.955 5.862
	-9.155 5.862
	-9.356 5.862
	-9.557 5.862
	-9.757 5.862
	-9.958 5.862
	-10.159 5.862
	-10.359 5.862
	-10.56 5.862
	-10.76 5.862
	-10.961 5.862
	-11.07 5.862
	-11.07 5.753
	-11.07 5.552
	-11.07 5.352
	-11.07 5.151
	-11.07 4.95
	-11.07 4.75
	-11.07 4.549
	-11.07 4.348
	-11.07 4.148
	-11.07 3.947
	-11.07 3.747
	-11.07 3.546
	-11.07 3.345
	-11.07 3.145
	-11.07 2.944
	-11.07 2.743
	-11.07 2.543
	-11.07 2.342
	-11.07 2.141
	-11.07 1.941
	-11.07 1.74
	-11.07 1.539
	-11.07 1.339
	-11.07 1.138
	-11.07 0.937
	-11.07 0.737
	-11.07 0.536
	-11.07 0.336
	-11.07 0.135
	-11.07 -0.066
	-11.07 -0.266
	-11.07 -0.467
	-11.07 -0.668
	-11.07 -0.868
	-11.07 -1.069
	-11.07 -1.27
	-11.07 -1.47
	-11.07 -1.671
	-11.07 -1.872
	-11.07 -2.072
	-11.07 -2.273
	-11.07 -2.474
	-11.07 -2.674
	-11.07 -2.875
	-11.07 -3.075
	-11.07 -3.276
	-11.07 -3.477
	-11.07 -3.677
	-11.07 -3.878
	-11.07 -4.079
	-11.07 -4.279
	-11.07 -4.48
	-11.07 -4.681
	-11.07 -4.881
	-11.07 -5.082
	-11.07 -5.101
	-10.871 -5.101
	-10.67 -5.101
	-10.47 -5.101
	-10.269 -5.101
	-10.068 -5.101
	-9.868 -5.101
	-9.667 -5.101
	-9.466 -5.101
	-9.266 -5.101
	-9.065 -5.101
	-8.865 -5.101
	-8.664 -5.101
	-8.463 -5.101
	-8.263 -5.101
	-8.062 -5.101
	-7.861 -5.101
	-7.661 -5.101
	-7.46 -5.101
	-7.259 -5.101
	-7.059 -5.101
	-6.858 -5.101
	-6.657 -5.101
	-6.457 -5.101
	-6.256 -5.101
	-6.056 -5.101
	-5.855 -5.101
	-5.654 -5.101
	-5.454 -5.101
	-5.253 -5.101
	-5.052 -5.101
	-4.852 -5.101
	-4.651 -5.101
	-4.45 -5.101
	-4.25 -5.101
	-4.049 -5.101
	-3.848 -5.101
	-3.648 -5.101
	-3.447 -5.101
	-3.246 -5.101
	-3.046 -5.101
	-2.845 -5.101
	-2.645 -5.101
	-2.444 -5.101
	-2.243 -5.101
	-2.043 -5.101
	-1.842 -5.101
	-1.641 -5.101
	-1.441 -5.101
	-1.24 -5.101
	-1.039 -5.101
	-0.839 -5.101
	-0.638 -5.101
	-0.437 -5.101
	-0.237 -5.101
	-0.128 -5.101
	-0.128 -4.992

	-0.735774 0.381322
	-0.758064 -0.0756305
	-0.820927 -0.529138
	-0.929677 -0.979998
	-1.07481 -1.40441
	-1.26009 -1.82185
	-1.49004 -2.22711
	-1.75134 -2.60006
	-2.04745 -2.95002
	-2.37916 -3.2727
	-2.7328 -3.5574
	-3.10929 -3.80765
	-3.51387 -4.02567
	-3.93407 -4.20225
	-4.37475 -4.34236
	-4.82618 -4.43716
	-5.27416 -4.49012
	-5.7311 -4.50127
	-6.19172 -4.4695
	-6.64414 -4.39335
	-7.08107 -4.2786
	-7.51332 -4.12101
	-7.92988 -3.92179
	-8.3211 -3.68706
	-8.68897 -3.41728
	-9.03116 -3.11312
	-9.34246 -2.77942
	-9.623 -2.41584
	-9.86981 -2.02411
	-10.0748 -1.61628
	-10.2405 -1.19655
	-10.3689 -0.755218
	-10.4545 -0.302412
	-10.497 0.15192
	-10.497 0.60908
	-10.4545 1.06341
	-10.3689 1.51622
	-10.2412 1.95522
	-10.0748 2.37889
	-9.86822 2.78763
	-9.623 3.17684
	-9.34246 3.54042
	-9.03116 3.87412
	-8.68897 4.17828
	-8.3211 4.44806
	-7.92988 4.68279
	-7.51332 4.88201
	-7.08706 5.03742
	-6.64414 5.15598
	-6.18522 5.23095
	-5.73768 5.26181
	-5.28072 5.2529
	-4.81975 5.1984
	-4.36858 5.1014
	-3.93407 4.96325
	-3.51925 4.78894
	-3.10929 4.57029
	-2.72852 4.31495
	-2.37916 4.0337
	-2.04745 3.71102
	-1.75134 3.36106
	-1.49004 2.98811
	-1.26009 2.58285
	-1.07481 2.16541
	-0.929677 1.741
	-0.820927 1.29014
	-0.758108 0.83695
	-0.735774 0.381322

-14.5
	1.072 -6.196
	1.072 -5.995
	1.072 -5.794
	1.072 -5.594
	1.072 -5.393
	1.072 -5.192
	1.072 -4.992
	1.072 -4.791
	1.072 -4.591
	1.072 -4.39
	1.072 -4.189
	1.072 -3.989
	1.072 -3.788
	1.072 -3.587
	1.072 -3.387
	1.072 -3.186
	1.072 -2.985
	1.072 -2.785
	1.072 -2.584
	1.072 -2.383
	1.072 -2.183
	1.072 -1.982
	1.072 -1.781
	1.072 -1.581
	1.072 -1.38
	1.072 -1.18
	1.072 -0.979
	1.072 -0.778
	1.072 -0.578
	1.072 -0.377
	1.072 -0.176
	1.072 0.024
	1.072 0.225
	1.072 0.426
	1.072 0.626
	1.072 0.827
	1.072 1.028
	1.072 1.228
	1.072 1.429
	1.072 1.629
	1.072 1.83
	1.072 2.031
	1.072 2.231
	1.072 2.432
	1.072 2.633
	1.072 2.833
	1.072 3.034
	1.072 3.235
	1.072 3.435
	1.072 3.636
	1.072 3.837
	1.072 4.037
	1.072 4.238
	1.072 4.439
	1.072 4.639
	1.072 4.84
	1.072 5.04
	1.072 5.241
	1.072 5.442
	1.072 5.642
	1.072 5.843
	1.072 6.044
	1.072 6.244
	1.072 6.445
	1.072 6.646
	1.072 6.846
	1.072 7.047
	1.072 7.062
	0.877 7.062
	0.676 7.062
	0.476 7.062
	0.275 7.062
	0.074 7.062
	-0.126 7.062
	-0.327 7.062
	-0.528 7.062
	-0.728 7.062
	-0.929 7.062
	-1.129 7.062
	-1.33 7.062
	-1.531 7.062
	-1.731 7.062
	-1.932 7.062
	-2.133 7.062
	-2.333 7.062
	-2.534 7.062
	-2.735 7.062
	-2.935 7.062
	-3.136 7.062
	-3.337 7.062
	-3.537 7.062
	-3.738 7.062
	-3.939 7.062
	-4.139 7.062
	-4.34 7.062
	-4.54 7.062
	-4.741 7.062
	-4.942 7.062
	-5.142 7.062
	-5.343 7.062
	-5.544 7.062
	-5.744 7.062
	-5.945 7.062
	-6.146 7.062
	-6.346 7.062
	-6.547 7.062
	-6.748 7.062
	-6.948 7.062
	-7.149 7.062
	-7.349 7.062
	-7.55 7.062
	-7.751 7.062
	-7.951 7.062
	-8.152 7.062
	-8.353 7.062
	-8.553 7.062
	-8.754 7.062
	-8.955 7.062
	-9.155 7.062
	-9.356 7.062
	-9.557 7.062
	-9.757 7.062
	-9.958 7.062
	-10.159 7.062
	-10.359 7.062
	-10.56 7.062
	-10.76 7.062
	-10.961 7.062
	-11.162 7.062
	-11.362 7.062
	-11.563 7.062
	-11.764 7.062
	-11.964 7.062
	-12.165 7.062
	-12.27 7.062
	-12.27 6.957
	-12.27 6.756
	-12.27 6.556
	-12.27 6.355
	-12.27 6.154
	-12.27 5.954
	-12.27 5.753
	-12.27 5.552
	-12.27 5.352
	-12.27 5.151
	-12.27 4.95
	-12.27 4.75
	-12.27 4.549
	-12.27 4.348
	-12.27 4.148
	-12.27 3.947
	-12.27 3.747
	-12.27 3.546
	-12.27 3.345
	-12.27 3.145
	-12.27 2.944
	-12.27 2.743
	-12.27 2.543
	-12.27 2.342
	-12.27 2.141
	-12.27 1.941
	-12.27 1.74
	-12.27 1.539
	-12.27 1.339
	-12.27 1.138
	-12.27 0.937
	-12.27 0.737
	-12.27 0.536
	-12.27 0.336
	-12.27 0.135
	-12.27 -0.066
	-12.27 -0.266
	-12.27 -0.467
	-12.27 -0.668
	-12.27 -0.868
	-12.27 -1.069
	-12.27 -1.27
	-12.27 -1.47
	-12.27 -1.671
	-12.27 -1.872
	-12.27 -2.072
	-12.27 -2.273
	-12.27 -2.474
	-12.27 -2.674
	-12.27 -2.875
	-12.27 -3.075
	-12.27 -3.276
	-12.27 -3.477
	-12.27 -3.677
	-12.27 -3.878
	-12.27 -4.079
	-12.27 -4.279
	-12.27 -4.48
	-12.27 -4.681
	-12.27 -4.881
	-12.27 -5.082
	-12.27 -5.283
	-12.27 -5.483
	-12.27 -5.684
	-12.27 -5.884
	-12.27 -6.085
	-12.27 -6.286
	-12.27 -6.301
	-12.075 -6.301
	-11.874 -6.301
	-11.674 -6.301
	-11.473 -6.301
	-11.272 -6.301
	-11.072 -6.301
	-10.871 -6.301
	-10.67 -6.301
	-10.47 -6.301
	-10.269 -6.301
	-10.068 -6.301
	-9.868 -6.301
	-9.667 -6.301
	-9.466 -6.301
	-9.266 -6.301
	-9.065 -6.301
	-8.865 -6.301
	-8.664 -6.301
	-8.463 -6.301
	-8.263 -6.301
	-8.062 -6.301
	-7.861 -6.301
	-7.661 -6.301
	-7.46 -6.301
	-7.259 -6.301
	-7.059 -6.301
	-6.858 -6.301
	-6.657 -6.301
	-6.457 -6.301
	-6.256 -6.301
	-6.056 -6.301
	-5.855 -6.301
	-5.654 -6.301
	-5.454 -6.301
	-5.253 -6.301
	-5.052 -6.301
	-4.852 -6.301
	-4.651 -6.301
	-4.45 -6.301
	-4.25 -6.301
	-4.049 -6.301
	-3.848 -6.301
	-3.648 -6.301
	-3.447 -6.301
	-3.246 -6.301
	-3.046 -6.301
	-2.845 -6.301
	-2.645 -6.301
	-2.444 -6.301
	-2.243 -6.301
	-2.043 -6.301
	-1.842 -6.301
	-1.641 -6.301
	-1.441 -6.301
	-1.24 -6.301
	-1.039 -6.301
	-0.839 -6.301
	-0.638 -6.301
	-0.437 -6.301
	-0.237 -6.301
	-0.036 -6.301
	0.164 -6.301
	0.365 -6.301
	0.566 -6.301
	0.766 -6.301
	0.967 -6.301
	1.072 -6.301
	1.072 -6.196

	-2.01019 0.381181
	-2.02726 0.032859
	-2.07702 -0.31198
	-2.16072 -0.650204
	-2.27534 -0.978657
	-2.42342 -1.29722
	-2.60015 -1.59748
	-2.80447 -1.87843
	-3.03627 -2.14113
	-3.29238 -2.37834
	-3.56952 -2.59047
	-3.86499 -2.77321
	-4.17681 -2.92827
	-4.50624 -3.05311
	-4.84022 -3.14296
	-5.18362 -3.20305
	-5.53103 -3.22701
	-5.87911 -3.22019
	-6.22861 -3.17693
	-6.56748 -3.10201
	-6.89794 -2.99469
	-7.21827 -2.85594
	-7.52638 -2.68458
	-7.81108 -2.48682
	-8.07755 -2.26306
	-8.32133 -2.01241
	-8.5402 -1.74053
	-8.73006 -1.44975
	-8.89217 -1.14259
	-9.02483 -0.81698
	-9.1244 -0.4822
	-9.19083 -0.141566
	-9.225 0.205287
	-9.225 0.555713
	-9.19083 0.902566
	-9.1244 1.2432
	-9.02483 1.57798
	-8.89217 1.90359
	-8.73006 2.21075
	-8.5402 2.50153
	-8.32133 2.77341
	-8.07755 3.02406
	-7.81108 3.24782
	-7.52638 3.44558
	-7.21827 3.61694
	-6.89794 3.75569
	-6.56748 3.86301
	-6.22861 3.93793
	-5.88276 3.98074
	-5.53102 3.98936
	-5.18363 3.96369
	-4.84024 3.90531
	-4.50292 3.81285
	-4.1799 3.69044
	-3.86498 3.53556
	-3.56703 3.34956
	-3.29238 3.13934
	-3.03627 2.90213
	-2.80591 2.64106
	-2.60015 2.35985
	-2.42264 2.05652
	-2.27534 1.73966
	-2.16101 1.41204
	-2.07702 1.07435
	-2.02726 0.727795
	-2.01019 0.381181

	-1.328 -3.8302
	-1.40444 -3.901
	-1.328 -3.901
	-1.328 -3.8302

	-1.328 4.639
	-1.328 4.662
	-1.33 4.662
	-1.40444 4.662
	-1.328 4.5912
	-1.328 4.639

	-9.87 4.662
	-9.87 4.62336
	-9.83242 4.662
	-9.87 4.662

	-9.87 -3.878
	-9.87 -3.901
	-9.868 -3.901
	-9.83242 -3.901
	-9.87 -3.86236
	-9.87 -3.878

-14
	1.072 -6.196
	1.072 -5.995
	1.072 -5.794
	1.072 -5.594
	1.072 -5.393
	1.072 -5.192
	1.072 -4.992
	1.072 -4.791
	1.072 -4.591
	1.072 -4.39
	1.072 -4.189
	1.072 -3.989
	1.072 -3.788
	1.072 -3.587
	1.072 -3.387
	1.072 -3.186
	1.072 -2.985
	1.072 -2.785
	1.072 -2.584
	1.072 -2.383
	1.072 -2.183
	1.072 -1.982
	1.072 -1.781
	1.072 -1.581
	1.072 -1.38
	1.072 -1.18
	1.072 -0.979
	1.072 -0.778
	1.072 -0.578
	1.072 -0.377
	1.072 -0.176
	1.072 0.024
	1.072 0.225
	1.072 0.426
	1.072 0.626
	1.072 0.827
	1.072 1.028
	1.072 1.228
	1.072 1.429
	1.072 1.629
	1.072 1.83
	1.072 2.031
	1.072 2.231
	1.072 2.432
	1.072 2.633
	1.072 2.833
	1.072 3.034
	1.072 3.235
	1.072 3.435
	1.072 3.636
	1.072 3.837
	1.072 4.037
	1.072 4.238
	1.072 4.439
	1.072 4.639
	1.072 4.84
	1.072 5.04
	1.072 5.241
	1.072 5.442
	1.072 5.642
	1.072 5.843
	1.072 6.044
	1.072 6.244
	1.072 6.445
	1.072 6.646
	1.072 6.846
	1.072 7.047
	1.072 7.062
	0.877 7.062
	0.676 7.062
	0.476 7.062
	0.275 7.062
	0.074 7.062
	-0.126 7.062
	-0.327 7.062
	-0.528 7.062
	-0.728 7.062
	-0.929 7.062
	-1.129 7.062
	-1.33 7.062
	-1.531 7.062
	-1.731 7.062
	-1.932 7.062
	-2.133 7.062
	-2.333 7.062
	-2.534 7.062
	-2.735 7.062
	-2.935 7.062
	-3.136 7.062
	-3.337 7.062
	-3.537 7.062
	-3.738 7.062
	-3.939 7.062
	-4.139 7.062
	-4.34 7.062
	-4.54 7.062
	-4.741 7.062
	-4.942 7.062
	-5.142 7.062
	-5.343 7.062
	-5.544 7.062
	-5.744 7.062
	-5.945 7.062
	-6.146 7.062
	-6.346 7.062
	-6.547 7.062
	-6.748 7.062
	-6.948 7.062
	-7.149 7.062
	-7.349 7.062
	-7.55 7.062
	-7.751 7.062
	-7.951 7.062
	-8.152 7.062
	-8.353 7.062
	-8.553 7.062
	-8.754 7.062
	-8.955 7.062
	-9.155 7.062
	-9.356 7.062
	-9.557 7.062
	-9.757 7.062
	-9.958 7.062
	-10.159 7.062
	-10.359 7.062
	-10.56 7.062
	-10.76 7.062
	-10.961 7.062
	-11.162 7.062
	-11.362 7.062
	-11.563 7.062
	-11.764 7.062
	-11.964 7.062
	-12.165 7.062
	-12.27 7.062
	-12.27 6.957
	-12.27 6.756
	-12.27 6.556
	-12.27 6.355
	-12.27 6.154
	-12.27 5.954
	-12.27 5.753
	-12.27 5.552
	-12.27 5.352
	-12.27 5.151
	-12.27 4.95
	-12.27 4.75
	-12.27 4.549
	-12.27 4.348
	-12.27 4.148
	-12.27 3.947
	-12.27 3.747
	-12.27 3.546
	-12.27 3.345
	-12.27 3.145
	-12.27 2.944
	-12.27 2.743
	-12.27 2.543
	-12.27 2.342
	-12.27 2.141
	-12.27 1.941
	-12.27 1.74
	-12.27 1.539
	-12.27 1.339
	-12.27 1.138
	-12.27 0.937
	-12.27 0.737
	-12.27 0.536
	-12.27 0.336
	-12.27 0.135
	-12.27 -0.066
	-12.27 -0.266
	-12.27 -0.467
	-12.27 -0.668
	-12.27 -0.868
	-12.27 -1.069
	-12.27 -1.27
	-12.27 -1.47
	-12.27 -1.671
	-12.27 -1.872
	-12.27 -2.072
	-12.27 -2.273
	-12.27 -2.474
	-12.27 -2.674
	-12.27 -2.875
	-12.27 -3.075
	-12.27 -3.276
	-12.27 -3.477
	-12.27 -3.677
	-12.27 -3.878
	-12.27 -4.079
	-12.27 -4.279
	-12.27 -4.48
	-12.27 -4.681
	-12.27 -4.881
	-12.27 -5.082
	-12.27 -5.283
	-12.27 -5.483
	-12.27 -5.684
	-12.27 -5.884
	-12.27 -6.085
	-12.27 -6.286
	-12.27 -6.301
	-12.075 -6.301
	-11.874 -6.301
	-11.674 -6.301
	-11.473 -6.301
	-11.272 -6.301
	-11.072 -6.301
	-10.871 -6.301
	-10.67 -6.301
	-10.47 -6.301
	-10.269 -6.301
	-10.068 -6.301
	-9.868 -6.301
	-9.667 -6.301
	-9.466 -6.301
	-9.266 -6.301
	-9.065 -6.301
	-8.865 -6.301
	-8.664 -6.301
	-8.463 -6.301
	-8.263 -6.301
	-8.062 -6.301
	-7.861 -6.301
	-7.661 -6.301
	-7.46 -6.301
	-7.259 -6.301
	-7.059 -6.301
	-6.858 -6.301
	-6.657 -6.301
	-6.457 -6.301
	-6.256 -6.301
	-6.056 -6.301
	-5.855 -6.301
	-5.654 -6.301
	-5.454 -6.301
	-5.253 -6.301
	-5.052 -6.301
	-4.852 -6.301
	-4.651 -6.301
	-4.45 -6.301
	-4.25 -6.301
	-4.049 -6.301
	-3.848 -6.301
	-3.648 -6.301
	-3.447 -6.301
	-3.246 -6.301
	-3.046 -6.301
	-2.845 -6.301
	-2.645 -6.301
	-2.444 -6.301
	-2.243 -6.301
	-2.043 -6.301
	-1.842 -6.301
	-1.641 -6.301
	-1.441 -6.301
	-1.24 -6.301
	-1.039 -6.301
	-0.839 -6.301
	-0.638 -6.301
	-0.437 -6.301
	-0.237 -6.301
	-0.036 -6.301
	0.164 -6.301
	0.365 -6.301
	0.566 -6.301
	0.766 -6.301
	0.967 -6.301
	1.072 -6.301
	1.072 -6.196

	-2.08185 0.381195
	-2.10103 0.0219689
	-2.1547 -0.331212
	-2.2448 -0.677747
	-2.36835 -1.0136
	-2.52713 -1.33637
	-2.71586 -1.63939
	-2.93565 -1.92372
	-3.18254 -2.18278
	-3.45559 -2.41757
	-3.74994 -2.62135
	-4.05993 -2.79357
	-4.39148 -2.93666
	-4.73257 -3.04281
	-5.08129 -3.11532
	-5.43937 -3.152
	-5.79826 -3.152
	-6.15809 -3.11532
	-6.50508 -3.04281
	-6.84652 -2.93709
	-7.17907 -2.79357
	-7.48906 -2.62135
	-7.78536 -2.41622
	-8.0571 -2.18106
	-8.30036 -1.9258
	-8.52161 -1.64184
	-8.71361 -1.33359
	-8.86928 -1.0136
	-8.99333 -0.681062
	-9.0843 -0.331213
	-9.13851 0.0255678
	-9.15577 0.381177
	-9.13849 0.735608
	-9.0843 1.09221
	-8.99333 1.44206
	-8.86928 1.7746
	-8.71361 2.09459
	-8.52161 2.40284
	-8.30191 2.68482
	-8.0571 2.94342
	-7.78536 3.17684
	-7.49168 3.38189
	-7.17614 3.55719
	-6.84653 3.69771
	-6.50506 3.80518
	-6.15452 3.87668
	-5.79826 3.913
	-5.43937 3.913
	-5.08484 3.87668
	-4.73256 3.80518
	-4.39146 3.69728
	-4.06286 3.55719
	-3.74732 3.38189
	-3.45558 3.1782
	-3.18253 2.94515
	-2.93411 2.68273
	-2.71586 2.40039
	-2.52713 2.09737
	-2.36835 1.7746
	-2.2448 1.43875
	-2.1547 1.09221
	-2.10106 0.739224
	-2.08185 0.381195

	-1.328 -3.788
	-1.328 -3.7156
	-1.50469 -3.901
	-1.441 -3.901
	-1.328 -3.901
	-1.328 -3.788

	-1.328 4.639
	-1.328 4.662
	-1.33 4.662
	-1.50298 4.662
	-1.328 4.47716
	-1.328 4.639

	-9.757 4.662
	-9.87 4.662
	-9.87 4.549
	-9.87 4.51942
	-9.73502 4.662
	-9.757 4.662

	-9.87 -3.878
	-9.87 -3.901
	-9.868 -3.901
	-9.73331 -3.901
	-9.87 -3.75757
	-9.87 -3.878

-13.5
	1.072 -6.196
	1.072 -5.995
	1.072 -5.794
	1.072 -5.594
	1.072 -5.393
	1.072 -5.192
	1.072 -4.992
	1.072 -4.791
	1.072 -4.591
	1.072 -4.39
	1.072 -4.189
	1.072 -3.989
	1.072 -3.788
	1.072 -3.587
	1.072 -3.387
	1.072 -3.186
	1.072 -2.985
	1.072 -2.785
	1.072 -2.584
	1.072 -2.383
	1.072 -2.183
	1.072 -1.982
	1.072 -1.781
	1.072 -1.581
	1.072 -1.38
	1.072 -1.18
	1.072 -0.979
	1.072 -0.778
	1.072 -0.578
	1.072 -0.377
	1.072 -0.176
	1.072 0.024
	1.072 0.225
	1.072 0.426
	1.072 0.626
	1.072 0.827
	1.072 1.028
	1.072 1.228
	1.072 1.429
	1.072 1.629
	1.072 1.83
	1.072 2.031
	1.072 2.231
	1.072 2.432
	1.072 2.633
	1.072 2.833
	1.072 3.034
	1.072 3.235
	1.072 3.435
	1.072 3.636
	1.072 3.837
	1.072 4.037
	1.072 4.238
	1.072 4.439
	1.072 4.639
	1.072 4.84
	1.072 5.04
	1.072 5.241
	1.072 5.442
	1.072 5.642
	1.072 5.843
	1.072 6.044
	1.072 6.244
	1.072 6.445
	1.072 6.646
	1.072 6.846
	1.072 7.047
	1.072 7.062
	0.877 7.062
	0.676 7.062
	0.476 7.062
	0.275 7.062
	0.074 7.062
	-0.126 7.062
	-0.327 7.062
	-0.528 7.062
	-0.728 7.062
	-0.929 7.062
	-1.129 7.062
	-1.33 7.062
	-1.531 7.062
	-1.731 7.062
	-1.932 7.062
	-2.133 7.062
	-2.333 7.062
	-2.534 7.062
	-2.735 7.062
	-2.935 7.062
	-3.136 7.062
	-3.337 7.062
	-3.537 7.062
	-3.738 7.062
	-3.939 7.062
	-4.139 7.062
	-4.34 7.062
	-4.54 7.062
	-4.741 7.062
	-4.942 7.062
	-5.142 7.062
	-5.343 7.062
	-5.544 7.062
	-5.744 7.062
	-5.945 7.062
	-6.146 7.062
	-6.346 7.062
	-6.547 7.062
	-6.748 7.062
	-6.948 7.062
	-7.149 7.062
	-7.349 7.062
	-7.55 7.062
	-7.751 7.062
	-7.951 7.062
	-8.152 7.062
	-8.353 7.062
	-8.553 7.062
	-8.754 7.062
	-8.955 7.062
	-9.155 7.062
	-9.356 7.062
	-9.557 7.062
	-9.757 7.062
	-9.958 7.062
	-10.159 7.062
	-10.359 7.062
	-10.56 7.062
	-10.76 7.062
	-10.961 7.062
	-11.162 7.062
	-11.362 7.062
	-11.563 7.062
	-11.764 7.062
	-11.964 7.062
	-12.165 7.062
	-12.27 7.062
	-12.27 6.957
	-12.27 6.756
	-12.27 6.556
	-12.27 6.355
	-12.27 6.154
	-12.27 5.954
	-12.27 5.753
	-12.27 5.552
	-12.27 5.352
	-12.27 5.151
	-12.27 4.95
	-12.27 4.75
	-12.27 4.549
	-12.27 4.348
	-12.27 4.148
	-12.27 3.947
	-12.27 3.747
	-12.27 3.546
	-12.27 3.345
	-12.27 3.145
	-12.27 2.944
	-12.27 2.743
	-12.27 2.543
	-12.27 2.342
	-12.27 2.141
	-12.27 1.941
	-12.27 1.74
	-12.27 1.539
	-12.27 1.339
	-12.27 1.138
	-12.27 0.937
	-12.27 0.737
	-12.27 0.536
	-12.27 0.336
	-12.27 0.135
	-12.27 -0.066
	-12.27 -0.266
	-12.27 -0.467
	-12.27 -0.668
	-12.27 -0.868
	-12.27 -1.069
	-12.27 -1.27
	-12.27 -1.47
	-12.27 -1.671
	-12.27 -1.872
	-12.27 -2.072
	-12.27 -2.273
	-12.27 -2.474
	-12.27 -2.674
	-12.27 -2.875
	-12.27 -3.075
	-12.27 -3.276
	-12.27 -3.477
	-12.27 -3.677
	-12.27 -3.878
	-12.27 -4.079
	-12.27 -4.279
	-12.27 -4.48
	-12.27 -4.681
	-12.27 -4.881
	-12.27 -5.082
	-12.27 -5.283
	-12.27 -5.483
	-12.27 -5.684
	-12.27 -5.884
	-12.27 -6.085
	-12.27 -6.286
	-12.27 -6.301
	-12.075 -6.301
	-11.874 -6.301
	-11.674 -6.301
	-11.473 -6.301
	-11.272 -6.301
	-11.072 -6.301
	-10.871 -6.301
	-10.67 -6.301
	-10.47 -6.301
	-10.269 -6.301
	-10.068 -6.301
	-9.868 -6.301
	-9.667 -6.301
	-9.466 -6.301
	-9.266 -6.301
	-9.065 -6.301
	-8.865 -6.301
	-8.664 -6.301
	-8.463 -6.301
	-8.263 -6.301
	-8.062 -6.301
	-7.861 -6.301
	-7.661 -6.301
	-7.46 -6.301
	-7.259 -6.301
	-7.059 -6.301
	-6.858 -6.301
	-6.657 -6.301
	-6.457 -6.301
	-6.256 -6.301
	-6.056 -6.301
	-5.855 -6.301
	-5.654 -6.301
	-5.454 -6.301
	-5.253 -6.301
	-5.052 -6.301
	-4.852 -6.301
	-4.651 -6.301
	-4.45 -6.301
	-4.25 -6.301
	-4.049 -6.301
	-3.848 -6.301
	-3.648 -6.301
	-3.447 -6.301
	-3.246 -6.301
	-3.046 -6.301
	-2.845 -6.301
	-2.645 -6.301
	-2.444 -6.301
	-2.243 -6.301
	-2.043 -6.301
	-1.842 -6.301
	-1.641 -6.301
	-1.441 -6.301
	-1.24 -6.301
	-1.039 -6.301
	-0.839 -6.301
	-0.638 -6.301
	-0.437 -6.301
	-0.237 -6.301
	-0.036 -6.301
	0.164 -6.301
	0.365 -6.301
	0.566 -6.301
	0.766 -6.301
	0.967 -6.301
	1.072 -6.301
	1.072 -6.196

	-2.15485 0.381195
	-2.17429 0.0172357
	-2.23059 -0.338196
	-2.32431 -0.690084
	-2.45498 -1.02911
	-2.61917 -1.35219
	-2.81777 -1.65719
	-3.04362 -1.93556
	-3.30005 -2.19376
	-3.58374 -2.42248
	-3.88681 -2.61983
	-4.20989 -2.78402
	-4.54803 -2.91435
	-4.89942 -3.00841
	-5.25661 -3.06471
	-5.6188 -3.08415
	-5.98276 -3.06471
	-6.3382 -3.00841
	-6.69008 -2.91469
	-7.02911 -2.78402
	-7.35219 -2.61983
	-7.65719 -2.42123
	-7.93757 -2.19375
	-8.19375 -1.93757
	-8.42123 -1.65719
	-8.61983 -1.35219
	-8.78402 -1.02911
	-8.91469 -0.690084
	-9.00841 -0.338196
	-9.06471 0.0172365
	-9.08415 0.381195
	-9.06471 0.743385
	-9.00841 1.10058
	-8.91435 1.45197
	-8.78402 1.79011
	-8.61983 2.11319
	-8.42248 2.41626
	-8.19376 2.69995
	-7.93556 2.95638
	-7.65719 3.18223
	-7.35219 3.38083
	-7.02911 3.54502
	-6.69008 3.67569
	-6.3382 3.76941
	-5.98276 3.82571
	-5.6188 3.84515
	-5.25661 3.82571
	-4.89942 3.76941
	-4.54803 3.67535
	-4.20989 3.54502
	-3.88681 3.38083
	-3.58374 3.18348
	-3.30206 2.95638
	-3.04362 2.69794
	-2.81652 2.41626
	-2.61917 2.11319
	-2.45498 1.79011
	-2.32465 1.45197
	-2.23059 1.10058
	-2.17429 0.743386
	-2.15485 0.381195

	-1.328 -3.788
	-1.328 -3.61395
	-1.61309 -3.901
	-1.441 -3.901
	-1.328 -3.901
	-1.328 -3.788

	-1.328 4.439
	-1.328 4.639
	-1.328 4.662
	-1.33 4.662
	-1.531 4.662
	-1.61357 4.662
	-1.328 4.37643
	-1.328 4.439

	-9.757 4.662
	-9.87 4.662
	-9.87 4.549
	-9.87 4.4177
	-9.62402 4.662
	-9.757 4.662

	-9.87 -3.677
	-9.87 -3.878
	-9.87 -3.901
	-9.868 -3.901
	-9.667 -3.901
	-9.62443 -3.901
	-9.87 -3.65543
	-9.87 -3.677

-13
	1.072 -6.196
	1.072 -5.995
	1.072 -5.794
	1.072 -5.594
	1.072 -5.393
	1.072 -5.192
	1.072 -4.992
	1.072 -4.791
	1.072 -4.591
	1.072 -4.39
	1.072 -4.189
	1.072 -3.989
	1.072 -3.788
	1.072 -3.587
	1.072 -3.387
	1.072 -3.186
	1.072 -2.985
	1.072 -2.785
	1.072 -2.584
	1.072 -2.383
	1.072 -2.183
	1.072 -1.982
	1.072 -1.781
	1.072 -1.581
	1.072 -1.38
	1.072 -1.18
	1.072 -0.979
	1.072 -0.778
	1.072 -0.578
	1.072 -0.377
	1.072 -0.176
	1.072 0.024
	1.072 0.225
	1.072 0.426
	1.072 0.626
	1.072 0.827
	1.072 1.028
	1.072 1.228
	1.072 1.429
	1.072 1.629
	1.072 1.83
	1.072 2.031
	1.072 2.231
	1.072 2.432
	1.072 2.633
	1.072 2.833
	1.072 3.034
	1.072 3.235
	1.072 3.435
	1.072 3.636
	1.072 3.837
	1.072 4.037
	1.072 4.238
	1.072 4.439
	1.072 4.639
	1.072 4.84
	1.072 5.04
	1.072 5.241
	1.072 5.442
	1.072 5.642
	1.072 5.843
	1.072 6.044
	1.072 6.244
	1.072 6.445
	1.072 6.646
	1.072 6.846
	1.072 7.047
	1.072 7.062
	0.877 7.062
	0.676 7.062
	0.476 7.062
	0.275 7.062
	0.074 7.062
	-0.126 7.062
	-0.327 7.062
	-0.528 7.062
	-0.728 7.062
	-0.929 7.062
	-1.129 7.062
	-1.33 7.062
	-1.531 7.062
	-1.731 7.062
	-1.932 7.062
	-2.133 7.062
	-2.333 7.062
	-2.534 7.062
	-2.735 7.062
	-2.935 7.062
	-3.136 7.062
	-3.337 7.062
	-3.537 7.062
	-3.738 7.062
	-3.939 7.062
	-4.139 7.062
	-4.34 7.062
	-4.54 7.062
	-4.741 7.062
	-4.942 7.062
	-5.142 7.062
	-5.343 7.062
	-5.544 7.062
	-5.744 7.062
	-5.945 7.062
	-6.146 7.062
	-6.346 7.062
	-6.547 7.062
	-6.748 7.062
	-6.948 7.062
	-7.149 7.062
	-7.349 7.062
	-7.55 7.062
	-7.751 7.062
	-7.951 7.062
	-8.152 7.062
	-8.353 7.062
	-8.553 7.062
	-8.754 7.062
	-8.955 7.062
	-9.155 7.062
	-9.356 7.062
	-9.557 7.062
	-9.757 7.062
	-9.958 7.062
	-10.159 7.062
	-10.359 7.062
	-10.56 7.062
	-10.76 7.062
	-10.961 7.062
	-11.162 7.062
	-11.362 7.062
	-11.563 7.062
	-11.764 7.062
	-11.964 7.062
	-12.165 7.062
	-12.27 7.062
	-12.27 6.957
	-12.27 6.756
	-12.27 6.556
	-12.27 6.355
	-12.27 6.154
	-12.27 5.954
	-12.27 5.753
	-12.27 5.552
	-12.27 5.352
	-12.27 5.151
	-12.27 4.95
	-12.27 4.75
	-12.27 4.549
	-12.27 4.348
	-12.27 4.148
	-12.27 3.947
	-12.27 3.747
	-12.27 3.546
	-12.27 3.345
	-12.27 3.145
	-12.27 2.944
	-12.27 2.743
	-12.27 2.543
	-12.27 2.342
	-12.27 2.141
	-12.27 1.941
	-12.27 1.74
	-12.27 1.539
	-12.27 1.339
	-12.27 1.138
	-12.27 0.937
	-12.27 0.737
	-12.27 0.536
	-12.27 0.336
	-12.27 0.135
	-12.27 -0.066
	-12.27 -0.266
	-12.27 -0.467
	-12.27 -0.668
	-12.27 -0.868
	-12.27 -1.069
	-12.27 -1.27
	-12.27 -1.47
	-12.27 -1.671
	-12.27 -1.872
	-12.27 -2.072
	-12.27 -2.273
	-12.27 -2.474
	-12.27 -2.674
	-12.27 -2.875
	-12.27 -3.075
	-12.27 -3.276
	-12.27 -3.477
	-12.27 -3.677
	-12.27 -3.878
	-12.27 -4.079
	-12.27 -4.279
	-12.27 -4.48
	-12.27 -4.681
	-12.27 -4.881
	-12.27 -5.082
	-12.27 -5.283
	-12.27 -5.483
	-12.27 -5.684
	-12.27 -5.884
	-12.27 -6.085
	-12.27 -6.286
	-12.27 -6.301
	-12.075 -6.301
	-11.874 -6.301
	-11.674 -6.301
	-11.473 -6.301
	-11.272 -6.301
	-11.072 -6.301
	-10.871 -6.301
	-10.67 -6.301
	-10.47 -6.301
	-10.269 -6.301
	-10.068 -6.301
	-9.868 -6.301
	-9.667 -6.301
	-9.466 -6.301
	-9.266 -6.301
	-9.065 -6.301
	-8.865 -6.301
	-8.664 -6.301
	-8.463 -6.301
	-8.263 -6.301
	-8.062 -6.301
	-7.861 -6.301
	-7.661 -6.301
	-7.46 -6.301
	-7.259 -6.301
	-7.059 -6.301
	-6.858 -6.301
	-6.657 -6.301
	-6.457 -6.301
	-6.256 -6.301
	-6.056 -6.301
	-5.855 -6.301
	-5.654 -6.301
	-5.454 -6.301
	-5.253 -6.301
	-5.052 -6.301
	-4.852 -6.301
	-4.651 -6.301
	-4.45 -6.301
	-4.25 -6.301
	-4.049 -6.301
	-3.848 -6.301
	-3.648 -6.301
	-3.447 -6.301
	-3.246 -6.301
	-3.046 -6.301
	-2.845 -6.301
	-2.645 -6.301
	-2.444 -6.301
	-2.243 -6.301
	-2.043 -6.301
	-1.842 -6.301
	-1.641 -6.301
	-1.441 -6.301
	-1.24 -6.301
	-1.039 -6.301
	-0.839 -6.301
	-0.638 -6.301
	-0.437 -6.301
	-0.237 -6.301
	-0.036 -6.301
	0.164 -6.301
	0.365 -6.301
	0.566 -6.301
	0.766 -6.301
	0.967 -6.301
	1.072 -6.301
	1.072 -6.196

	-2.22783 0.381197
	-2.24751 0.0144189
	-2.30698 -0.349584
	-2.40518 -0.701339
	-2.53956 -1.04175
	-2.71349 -1.36969
	-2.9207 -1.6742
	-3.15701 -1.95137
	-3.42371 -2.20546
	-3.71649 -2.42639
	-4.02849 -2.61537
	-4.3653 -2.7711
	-4.71344 -2.88775
	-5.07133 -2.96648
	-5.43596 -3.006
	-5.80304 -3.006
	-6.16767 -2.96648
	-6.52556 -2.88775
	-6.8737 -2.7711
	-7.21051 -2.61537
	-7.52251 -2.42639
	-7.81529 -2.20546
	-8.08199 -1.95137
	-8.3183 -1.6742
	-8.52734 -1.367
	-8.69805 -1.04176
	-8.8329 -0.704631
	-8.93202 -0.349585
	-8.99149 0.0144198
	-9.01117 0.381197
	-8.99146 0.746775
	-8.93202 1.11058
	-8.8329 1.46563
	-8.69805 1.80276
	-8.52734 2.128
	-8.3183 2.4352
	-8.08199 2.71237
	-7.81741 2.96443
	-7.5225 3.18878
	-7.20765 3.3777
	-6.8737 3.5321
	-6.52556 3.64875
	-6.16767 3.72748
	-5.80304 3.767
	-5.43596 3.767
	-5.07133 3.72748
	-4.71344 3.64875
	-4.3653 3.5321
	-4.03135 3.3777
	-3.7165 3.18878
	-3.42159 2.96443
	-3.15701 2.71237
	-2.9207 2.4352
	-2.71349 2.13069
	-2.53956 1.80275
	-2.40518 1.46234
	-2.30698 1.11058
	-2.24754 0.746776
	-2.22783 0.381197

	-1.328 -3.788
	-1.328 -3.587
	-1.328 -3.50532
	-1.41142 -3.60317
	-1.72404 -3.901
	-1.641 -3.901
	-1.441 -3.901
	-1.328 -3.901
	-1.328 -3.788

	-1.328 4.439
	-1.328 4.639
	-1.328 4.662
	-1.33 4.662
	-1.531 4.662
	-1.72404 4.662
	-1.41142 4.36417
	-1.328 4.26632
	-1.328 4.439

	-9.557 4.662
	-9.757 4.662
	-9.87 4.662
	-9.87 4.549
	-9.87 4.348
	-9.87 4.31441
	-9.82758 4.36417
	-9.51496 4.662
	-9.557 4.662

	-9.87 -3.677
	-9.87 -3.878
	-9.87 -3.901
	-9.868 -3.901
	-9.667 -3.901
	-9.51496 -3.901
	-9.82758 -3.60317
	-9.87 -3.55341
	-9.87 -3.677

-12.5
	1.072 -6.196
	1.072 -5.995
	1.072 -5.794
	1.072 -5.594
	1.072 -5.393
	1.072 -5.192
	1.072 -4.992
	1.072 -4.791
	1.072 -4.591
	1.072 -4.39
	1.072 -4.189
	1.072 -3.989
	1.072 -3.788
	1.072 -3.587
	1.072 -3.387
	1.072 -3.186
	1.072 -2.985
	1.072 -2.785
	1.072 -2.584
	1.072 -2.383
	1.072 -2.183
	1.072 -1.982
	1.072 -1.781
	1.072 -1.581
	1.072 -1.38
	1.072 -1.18
	1.072 -0.979
	1.072 -0.778
	1.072 -0.578
	1.072 -0.377
	1.072 -0.176
	1.072 0.024
	1.072 0.225
	1.072 0.426
	1.072 0.626
	1.072 0.827
	1.072 1.028
	1.072 1.228
	1.072 1.429
	1.072 1.629
	1.072 1.83
	1.072 2.031
	1.072 2.231
	1.072 2.432
	1.072 2.633
	1.072 2.833
	1.072 3.034
	1.072 3.235
	1.072 3.435
	1.072 3.636
	1.072 3.837
	1.072 4.037
	1.072 4.238
	1.072 4.439
	1.072 4.639
	1.072 4.84
	1.072 5.04
	1.072 5.241
	1.072 5.442
	1.072 5.642
	1.072 5.843
	1.072 6.044
	1.072 6.244
	1.072 6.445
	1.072 6.646
	1.072 6.846
	1.072 7.047
	1.072 7.062
	0.877 7.062
	0.676 7.062
	0.476 7.062
	0.275 7.062
	0.074 7.062
	-0.126 7.062
	-0.327 7.062
	-0.528 7.062
	-0.728 7.062
	-0.929 7.062
	-1.129 7.062
	-1.33 7.062
	-1.531 7.062
	-1.731 7.062
	-1.932 7.062
	-2.133 7.062
	-2.333 7.062
	-2.534 7.062
	-2.735 7.062
	-2.935 7.062
	-3.136 7.062
	-3.337 7.062
	-3.537 7.062
	-3.738 7.062
	-3.939 7.062
	-4.139 7.062
	-4.34 7.062
	-4.54 7.062
	-4.741 7.062
	-4.942 7.062
	-5.142 7.062
	-5.343 7.062
	-5.544 7.062
	-5.744 7.062
	-5.945 7.062
	-6.146 7.062
	-6.346 7.062
	-6.547 7.062
	-6.748 7.062
	-6.948 7.062
	-7.149 7.062
	-7.349 7.062
	-7.55 7.062
	-7.751 7.062
	-7.951 7.062
	-8.152 7.062
	-8.353 7.062
	-8.553 7.062
	-8.754 7.062
	-8.955 7.062
	-9.155 7.062
	-9.356 7.062
	-9.557 7.062
	-9.757 7.062
	-9.958 7.062
	-10.159 7.062
	-10.359 7.062
	-10.56 7.062
	-10.76 7.062
	-10.961 7.062
	-11.162 7.062
	-11.362 7.062
	-11.563 7.062
	-11.764 7.062
	-11.964 7.062
	-12.165 7.062
	-12.27 7.062
	-12.27 6.957
	-12.27 6.756
	-12.27 6.556
	-12.27 6.355
	-12.27 6.154
	-12.27 5.954
	-12.27 5.753
	-12.27 5.552
	-12.27 5.352
	-12.27 5.151
	-12.27 4.95
	-12.27 4.75
	-12.27 4.549
	-12.27 4.348
	-12.27 4.148
	-12.27 3.947
	-12.27 3.747
	-12.27 3.546
	-12.27 3.345
	-12.27 3.145
	-12.27 2.944
	-12.27 2.743
	-12.27 2.543
	-12.27 2.342
	-12.27 2.141
	-12.27 1.941
	-12.27 1.74
	-12.27 1.539
	-12.27 1.339
	-12.27 1.138
	-12.27 0.937
	-12.27 0.737
	-12.27 0.536
	-12.27 0.336
	-12.27 0.135
	-12.27 -0.066
	-12.27 -0.266
	-12.27 -0.467
	-12.27 -0.668
	-12.27 -0.868
	-12.27 -1.069
	-12.27 -1.27
	-12.27 -1.47
	-12.27 -1.671
	-12.27 -1.872
	-12.27 -2.072
	-12.27 -2.273
	-12.27 -2.474
	-12.27 -2.674
	-12.27 -2.875
	-12.27 -3.075
	-12.27 -3.276
	-12.27 -3.477
	-12.27 -3.677
	-12.27 -3.878
	-12.27 -4.079
	-12.27 -4.279
	-12.27 -4.48
	-12.27 -4.681
	-12.27 -4.881
	-12.27 -5.082
	-12.27 -5.283
	-12.27 -5.483
	-12.27 -5.684
	-12.27 -5.884
	-12.27 -6.085
	-12.27 -6.286
	-12.27 -6.301
	-12.075 -6.301
	-11.874 -6.301
	-11.674 -6.301
	-11.473 -6.301
	-11.272 -6.301
	-11.072 -6.301
	-10.871 -6.301
	-10.67 -6.301
	-10.47 -6.301
	-10.269 -6.301
	-10.068 -6.301
	-9.868 -6.301
	-9.667 -6.301
	-9.466 -6.301
	-9.266 -6.301
	-9.065 -6.301
	-8.865 -6.301
	-8.664 -6.301
	-8.463 -6.301
	-8.263 -6.301
	-8.062 -6.301
	-7.861 -6.301
	-7.661 -6.301
	-7.46 -6.301
	-7.259 -6.301
	-7.059 -6.301
	-6.858 -6.301
	-6.657 -6.301
	-6.457 -6.301
	-6.256 -6.301
	-6.056 -6.301
	-5.855 -6.301
	-5.654 -6.301
	-5.454 -6.301
	-5.253 -6.301
	-5.052 -6.301
	-4.852 -6.301
	-4.651 -6.301
	-4.45 -6.301
	-4.25 -6.301
	-4.049 -6.301
	-3.848 -6.301
	-3.648 -6.301
	-3.447 -6.301
	-3.246 -6.301
	-3.046 -6.301
	-2.845 -6.301
	-2.645 -6.301
	-2.444 -6.301
	-2.243 -6.301
	-2.043 -6.301
	-1.842 -6.301
	-1.641 -6.301
	-1.441 -6.301
	-1.24 -6.301
	-1.039 -6.301
	-0.839 -6.301
	-0.638 -6.301
	-0.437 -6.301
	-0.237 -6.301
	-0.036 -6.301
	0.164 -6.301
	0.365 -6.301
	0.566 -6.301
	0.766 -6.301
	0.967 -6.301
	1.072 -6.301
	1.072 -6.196

	-2.29939 0.381217
	-2.32139 0.00736815
	-2.38288 -0.356147
	-2.48543 -0.71509
	-2.6294 -1.06209
	-2.81039 -1.38752
	-3.0251 -1.68956
	-3.2727 -1.9663
	-3.54944 -2.2139
	-3.85412 -2.43048
	-4.1799 -2.60984
	-4.52064 -2.75121
	-4.87936 -2.85553
	-5.2498 -2.91819
	-5.6188 -2.93819
	-5.98901 -2.91823
	-6.35964 -2.85553
	-6.71836 -2.75121
	-7.0591 -2.60984
	-7.38488 -2.43048
	-7.68956 -2.2139
	-7.9663 -1.9663
	-8.2139 -1.68956
	-8.43048 -1.38488
	-8.60984 -1.0591
	-8.75121 -0.718363
	-8.85553 -0.359642
	-8.91823 0.0109926
	-8.93819 0.381199
	-8.91819 0.750204
	-8.85553 1.12064
	-8.75121 1.47936
	-8.60984 1.8201
	-8.43048 2.14588
	-8.2139 2.45056
	-7.9663 2.7273
	-7.68956 2.9749
	-7.38752 3.18961
	-7.06209 3.3706
	-6.71509 3.51457
	-6.35615 3.61712
	-5.99263 3.67861
	-5.61878 3.70061
	-5.24615 3.67858
	-4.88285 3.61712
	-4.52391 3.51457
	-4.17691 3.3706
	-3.85148 3.18961
	-3.54944 2.9749
	-3.2727 2.7273
	-3.0251 2.45056
	-2.81039 2.14852
	-2.6294 1.82309
	-2.48543 1.47609
	-2.38288 1.11715
	-2.32142 0.753846
	-2.29939 0.381217

	-1.328 -3.788
	-1.328 -3.587
	-1.328 -3.39211
	-1.57303 -3.66597
	-1.83571 -3.901
	-1.641 -3.901
	-1.441 -3.901
	-1.328 -3.901
	-1.328 -3.788

	-1.328 4.238
	-1.328 4.439
	-1.328 4.639
	-1.328 4.662
	-1.33 4.662
	-1.531 4.662
	-1.731 4.662
	-1.83571 4.662
	-1.57303 4.42697
	-1.328 4.15311
	-1.328 4.238

	-9.557 4.662
	-9.757 4.662
	-9.87 4.662
	-9.87 4.549
	-9.87 4.348
	-9.87 4.19893
	-9.66597 4.42697
	-9.40329 4.662
	-9.557 4.662

	-9.87 -3.477
	-9.87 -3.677
	-9.87 -3.878
	-9.87 -3.901
	-9.868 -3.901
	-9.667 -3.901
	-9.466 -3.901
	-9.40329 -3.901
	-9.66597 -3.66597
	-9.87 -3.43793
	-9.87 -3.477

-12
	1.072 -6.196
	1.072 -5.995
	1.072 -5.794
	1.072 -5.594
	1.072 -5.393
	1.072 -5.192
	1.072 -4.992
	1.072 -4.791
	1.072 -4.591
	1.072 -4.39
	1.072 -4.189
	1.072 -3.989
	1.072 -3.788
	1.072 -3.587
	1.072 -3.387
	1.072 -3.186
	1.072 -2.985
	1.072 -2.785
	1.072 -2.584
	1.072 -2.383
	1.072 -2.183
	1.072 -1.982
	1.072 -1.781
	1.072 -1.581
	1.072 -1.38
	1.072 -1.18
	1.072 -0.979
	1.072 -0.778
	1.072 -0.578
	1.072 -0.377
	1.072 -0.176
	1.072 0.024
	1.072 0.225
	1.072 0.426
	1.072 0.626
	1.072 0.827
	1.072 1.028
	1.072 1.228
	1.072 1.429
	1.072 1.629
	1.072 1.83
	1.072 2.031
	1.072 2.231
	1.072 2.432
	1.072 2.633
	1.072 2.833
	1.072 3.034
	1.072 3.235
	1.072 3.435
	1.072 3.636
	1.072 3.837
	1.072 4.037
	1.072 4.238
	1.072 4.439
	1.072 4.639
	1.072 4.84
	1.072 5.04
	1.072 5.241
	1.072 5.442
	1.072 5.642
	1.072 5.843
	1.072 6.044
	1.072 6.244
	1.072 6.445
	1.072 6.646
	1.072 6.846
	1.072 7.047
	1.072 7.062
	0.877 7.062
	0.676 7.062
	0.476 7.062
	0.275 7.062
	0.074 7.062
	-0.126 7.062
	-0.327 7.062
	-0.528 7.062
	-0.728 7.062
	-0.929 7.062
	-1.129 7.062
	-1.33 7.062
	-1.531 7.062
	-1.731 7.062
	-1.932 7.062
	-2.133 7.062
	-2.333 7.062
	-2.534 7.062
	-2.735 7.062
	-2.935 7.062
	-3.136 7.062
	-3.337 7.062
	-3.537 7.062
	-3.738 7.062
	-3.939 7.062
	-4.139 7.062
	-4.34 7.062
	-4.54 7.062
	-4.741 7.062
	-4.942 7.062
	-5.142 7.062
	-5.343 7.062
	-5.544 7.062
	-5.744 7.062
	-5.945 7.062
	-6.146 7.062
	-6.346 7.062
	-6.547 7.062
	-6.748 7.062
	-6.948 7.062
	-7.149 7.062
	-7.349 7.062
	-7.55 7.062
	-7.751 7.062
	-7.951 7.062
	-8.152 7.062
	-8.353 7.062
	-8.553 7.062
	-8.754 7.062
	-8.955 7.062
	-9.155 7.062
	-9.356 7.062
	-9.557 7.062
	-9.757 7.062
	-9.958 7.062
	-10.159 7.062
	-10.359 7.062
	-10.56 7.062
	-10.76 7.062
	-10.961 7.062
	-11.162 7.062
	-11.362 7.062
	-11.563 7.062
	-11.764 7.062
	-11.964 7.062
	-12.165 7.062
	-12.27 7.062
	-12.27 6.957
	-12.27 6.756
	-12.27 6.556
	-12.27 6.355
	-12.27 6.154
	-12.27 5.954
	-12.27 5.753
	-12.27 5.552
	-12.27 5.352
	-12.27 5.151
	-12.27 4.95
	-12.27 4.75
	-12.27 4.549
	-12.27 4.348
	-12.27 4.148
	-12.27 3.947
	-12.27 3.747
	-12.27 3.546
	-12.27 3.345
	-12.27 3.145
	-12.27 2.944
	-12.27 2.743
	-12.27 2.543
	-12.27 2.342
	-12.27 2.141
	-12.27 1.941
	-12.27 1.74
	-12.27 1.539
	-12.27 1.339
	-12.27 1.138
	-12.27 0.937
	-12.27 0.737
	-12.27 0.536
	-12.27 0.336
	-12.27 0.135
	-12.27 -0.066
	-12.27 -0.266
	-12.27 -0.467
	-12.27 -0.668
	-12.27 -0.868
	-12.27 -1.069
	-12.27 -1.27
	-12.27 -1.47
	-12.27 -1.671
	-12.27 -1.872
	-12.27 -2.072
	-12.27 -2.273
	-12.27 -2.474
	-12.27 -2.674
	-12.27 -2.875
	-12.27 -3.075
	-12.27 -3.276
	-12.27 -3.477
	-12.27 -3.677
	-12.27 -3.878
	-12.27 -4.079
	-12.27 -4.279
	-12.27 -4.48
	-12.27 -4.681
	-12.27 -4.881
	-12.27 -5.082
	-12.27 -5.283
	-12.27 -5.483
	-12.27 -5.684
	-12.27 -5.884
	-12.27 -6.085
	-12.27 -6.286
	-12.27 -6.301
	-12.075 -6.301
	-11.874 -6.301
	-11.674 -6.301
	-11.473 -6.301
	-11.272 -6.301
	-11.072 -6.301
	-10.871 -6.301
	-10.67 -6.301
	-10.47 -6.301
	-10.269 -6.301
	-10.068 -6.301
	-9.868 -6.301
	-9.667 -6.301
	-9.466 -6.301
	-9.266 -6.301
	-9.065 -6.301
	-8.865 -6.301
	-8.664 -6.301
	-8.463 -6.301
	-8.263 -6.301
	-8.062 -6.301
	-7.861 -6.301
	-7.661 -6.301
	-7.46 -6.301
	-7.259 -6.301
	-7.059 -6.301
	-6.858 -6.301
	-6.657 -6.301
	-6.457 -6.301
	-6.256 -6.301
	-6.056 -6.301
	-5.855 -6.301
	-5.654 -6.301
	-5.454 -6.301
	-5.253 -6.301
	-5.052 -6.301
	-4.852 -6.301
	-4.651 -6.301
	-4.45 -6.301
	-4.25 -6.301
	-4.049 -6.301
	-3.848 -6.301
	-3.648 -6.301
	-3.447 -6.301
	-3.246 -6.301
	-3.046 -6.301
	-2.845 -6.301
	-2.645 -6.301
	-2.444 -6.301
	-2.243 -6.301
	-2.043 -6.301
	-1.842 -6.301
	-1.641 -6.301
	-1.441 -6.301
	-1.24 -6.301
	-1.039 -6.301
	-0.839 -6.301
	-0.638 -6.301
	-0.437 -6.301
	-0.237 -6.301
	-0.036 -6.301
	0.164 -6.301
	0.365 -6.301
	0.566 -6.301
	0.766 -6.301
	0.967 -6.301
	1.072 -6.301
	1.072 -6.196

	-2.37247 0.381211
	-2.39483 -0.00455713
	-2.46365 -0.382134
	-2.57547 -0.751121
	-2.73227 -1.10392
	-2.92617 -1.43263
	-3.15984 -1.73921
	-3.42769 -2.0145
	-3.72576 -2.25703
	-4.05133 -2.46285
	-4.40034 -2.62895
	-4.76319 -2.75114
	-5.13973 -2.83129
	-5.5244 -2.86491
	-5.90847 -2.85372
	-6.28858 -2.79624
	-6.65845 -2.69587
	-7.01726 -2.55011
	-7.35415 -2.36398
	-7.66525 -2.14044
	-7.94807 -1.88164
	-8.2012 -1.58914
	-8.41407 -1.27075
	-8.59002 -0.931832
	-8.72588 -0.565759
	-8.81469 -0.193845
	-8.861 0.185874
	-8.861 0.575126
	-8.81469 0.954845
	-8.72588 1.32676
	-8.5906 1.69126
	-8.41407 2.03316
	-8.20119 2.3497
	-7.94807 2.64407
	-7.66526 2.90101
	-7.35416 3.12642
	-7.0143 3.31231
	-6.65845 3.45687
	-6.28858 3.55724
	-5.90847 3.61472
	-5.5244 3.62591
	-5.13973 3.59229
	-4.76319 3.51214
	-4.40034 3.38996
	-4.05133 3.22385
	-3.72815 3.01954
	-3.42769 2.77693
	-3.15831 2.4982
	-2.92617 2.19363
	-2.73227 1.86492
	-2.57547 1.51212
	-2.46365 1.14313
	-2.39487 0.765765
	-2.37247 0.381211

	-1.328 -3.788
	-1.328 -3.587
	-1.328 -3.387
	-1.328 -3.29499
	-1.33879 -3.30915
	-1.8048 -3.7881
	-1.94355 -3.901
	-1.842 -3.901
	-1.641 -3.901
	-1.441 -3.901
	-1.328 -3.901
	-1.328 -3.788

	-1.328 4.238
	-1.328 4.439
	-1.328 4.639
	-1.328 4.662
	-1.33 4.662
	-1.531 4.662
	-1.731 4.662
	-1.932 4.662
	-1.94198 4.662
	-1.80479 4.55122
	-1.3348 4.06491
	-1.328 4.05599
	-1.328 4.238

	-9.356 4.662
	-9.557 4.662
	-9.757 4.662
	-9.87 4.662
	-9.87 4.549
	-9.87 4.348
	-9.87 4.148
	-9.87 4.09002
	-9.67139 4.32099
	-9.29604 4.662
	-9.356 4.662

	-9.87 -3.477
	-9.87 -3.677
	-9.87 -3.878
	-9.87 -3.901
	-9.868 -3.901
	-9.667 -3.901
	-9.466 -3.901
	-9.29639 -3.901
	-9.67138 -3.55787
	-9.87 -3.32836
	-9.87 -3.477

