-19.5
	1.072 -6.196
	1.072 -5.995
	1.072 -5.794
	1.072 -5.594
	1.072 -5.393
	1.072 -5.192
	1.072 -4.992
	1.072 -4.791
	1.072 -4.591
	1.072 -4.39
	1.072 -4.189
	1.072 -3.989
	1.072 -3.788
	1.072 -3.587
	1.072 -3.387
	1.072 -3.186
	1.072 -2.985
	1.072 -2.785
	1.072 -2.584
	1.072 -2.383
	1.072 -2.183
	1.072 -1.982
	1.072 -1.781
	1.072 -1.581
	1.072 -1.38
	1.072 -1.18
	1.072 -0.979
	1.072 -0.778
	1.072 -0.578
	1.072 -0.377
	1.072 -0.176
	1.072 0.024
	1.072 0.225
	1.072 0.426
	1.072 0.626
	1.072 0.827
	1.072 1.028
	1.072 1.228
	1.072 1.429
	1.072 1.629
	1.072 1.83
	1.072 2.031
	1.072 2.231
	1.072 2.432
	1.072 2.633
	1.072 2.833
	1.072 3.034
	1.072 3.235
	1.072 3.435
	1.072 3.636
	1.072 3.837
	1.072 4.037
	1.072 4.238
	1.072 4.439
	1.072 4.639
	1.072 4.84
	1.072 5.04
	1.072 5.241
	1.072 5.442
	1.072 5.642
	1.072 5.843
	1.072 6.044
	1.072 6.244
	1.072 6.445
	1.072 6.646
	1.072 6.846
	1.072 7.047
	1.072 7.062
	0.877 7.062
	0.676 7.062
	0.476 7.062
	0.275 7.062
	0.074 7.062
	-0.126 7.062
	-0.327 7.062
	-0.528 7.062
	-0.728 7.062
	-0.929 7.062
	-1.129 7.062
	-1.33 7.062
	-1.531 7.062
	-1.731 7.062
	-1.932 7.062
	-2.133 7.062
	-2.333 7.062
	-2.534 7.062
	-2.735 7.062
	-2.935 7.062
	-3.136 7.062
	-3.337 7.062
	-3.537 7.062
	-3.738 7.062
	-3.939 7.062
	-4.139 7.062
	-4.34 7.062
	-4.54 7.062
	-4.741 7.062
	-4.942 7.062
	-5.142 7.062
	-5.343 7.062
	-5.544 7.062
	-5.744 7.062
	-5.945 7.062
	-6.146 7.062
	-6.346 7.062
	-6.547 7.062
	-6.748 7.062
	-6.948 7.062
	-7.149 7.062
	-7.349 7.062
	-7.55 7.062
	-7.751 7.062
	-7.951 7.062
	-8.152 7.062
	-8.353 7.062
	-8.553 7.062
	-8.754 7.062
	-8.955 7.062
	-9.155 7.062
	-9.356 7.062
	-9.557 7.062
	-9.757 7.062
	-9.958 7.062
	-10.159 7.062
	-10.359 7.062
	-10.56 7.062
	-10.76 7.062
	-10.961 7.062
	-11.162 7.062
	-11.362 7.062
	-11.563 7.062
	-11.764 7.062
	-11.964 7.062
	-12.165 7.062
	-12.27 7.062
	-12.27 6.957
	-12.27 6.756
	-12.27 6.556
	-12.27 6.355
	-12.27 6.154
	-12.27 5.954
	-12.27 5.753
	-12.27 5.552
	-12.27 5.352
	-12.27 5.151
	-12.27 4.95
	-12.27 4.75
	-12.27 4.549
	-12.27 4.348
	-12.27 4.148
	-12.27 3.947
	-12.27 3.747
	-12.27 3.546
	-12.27 3.345
	-12.27 3.145
	-12.27 2.944
	-12.27 2.743
	-12.27 2.543
	-12.27 2.342
	-12.27 2.141
	-12.27 1.941
	-12.27 1.74
	-12.27 1.539
	-12.27 1.339
	-12.27 1.138
	-12.27 0.937
	-12.27 0.737
	-12.27 0.536
	-12.27 0.336
	-12.27 0.135
	-12.27 -0.066
	-12.27 -0.266
	-12.27 -0.467
	-12.27 -0.668
	-12.27 -0.868
	-12.27 -1.069
	-12.27 -1.27
	-12.27 -1.47
	-12.27 -1.671
	-12.27 -1.872
	-12.27 -2.072
	-12.27 -2.273
	-12.27 -2.474
	-12.27 -2.674
	-12.27 -2.875
	-12.27 -3.075
	-12.27 -3.276
	-12.27 -3.477
	-12.27 -3.677
	-12.27 -3.878
	-12.27 -4.079
	-12.27 -4.279
	-12.27 -4.48
	-12.27 -4.681
	-12.27 -4.881
	-12.27 -5.082
	-12.27 -5.283
	-12.27 -5.483
	-12.27 -5.684
	-12.27 -5.884
	-12.27 -6.085
	-12.27 -6.286
	-12.27 -6.301
	-12.075 -6.301
	-11.874 -6.301
	-11.674 -6.301
	-11.473 -6.301
	-11.272 -6.301
	-11.072 -6.301
	-10.871 -6.301
	-10.67 -6.301
	-10.47 -6.301
	-10.269 -6.301
	-10.068 -6.301
	-9.868 -6.301
	-9.667 -6.301
	-9.466 -6.301
	-9.266 -6.301
	-9.065 -6.301
	-8.865 -6.301
	-8.664 -6.301
	-8.463 -6.301
	-8.263 -6.301
	-8.062 -6.301
	-7.861 -6.301
	-7.661 -6.301
	-7.46 -6.301
	-7.259 -6.301
	-7.059 -6.301
	-6.858 -6.301
	-6.657 -6.301
	-6.457 -6.301
	-6.256 -6.301
	-6.056 -6.301
	-5.855 -6.301
	-5.654 -6.301
	-5.454 -6.301
	-5.253 -6.301
	-5.052 -6.301
	-4.852 -6.301
	-4.651 -6.301
	-4.45 -6.301
	-4.25 -6.301
	-4.049 -6.301
	-3.848 -6.301
	-3.648 -6.301
	-3.447 -6.301
	-3.246 -6.301
	-3.046 -6.301
	-2.845 -6.301
	-2.645 -6.301
	-2.444 -6.301
	-2.243 -6.301
	-2.043 -6.301
	-1.842 -6.301
	-1.641 -6.301
	-1.441 -6.301
	-1.24 -6.301
	-1.039 -6.301
	-0.839 -6.301
	-0.638 -6.301
	-0.437 -6.301
	-0.237 -6.301
	-0.036 -6.301
	0.164 -6.301
	0.365 -6.301
	0.566 -6.301
	0.766 -6.301
	0.967 -6.301
	1.072 -6.301
	1.072 -6.196

	-1.2841 0.381128
	-1.29482 0.0704024
	-1.32862 -0.238376
	-1.38342 -0.541301
	-1.4599 -0.841108
	-1.55731 -1.13335
	-1.67548 -1.42033
	-1.81497 -1.69778
	-1.97148 -1.96218
	-2.1474 -2.21611
	-2.34237 -2.45867
	-2.55369 -2.68531
	-2.78033 -2.89663
	-3.02289 -3.0916
	-3.27682 -3.26752
	-3.54122 -3.42403
	-3.81867 -3.56352
	-4.10565 -3.68169
	-4.39789 -3.7791
	-4.6977 -3.85558
	-5.00062 -3.91038
	-5.30927 -3.94417
	-5.61887 -3.9549
	-5.9296 -3.94418
	-6.23838 -3.91038
	-6.5413 -3.85558
	-6.84111 -3.7791
	-7.13335 -3.68169
	-7.42033 -3.56352
	-7.69778 -3.42403
	-7.96218 -3.26752
	-8.21611 -3.0916
	-8.45867 -2.89663
	-8.68531 -2.68531
	-8.89663 -2.45867
	-9.0916 -2.21611
	-9.26752 -1.96218
	-9.42403 -1.69778
	-9.56352 -1.42033
	-9.68169 -1.13335
	-9.7791 -0.841109
	-9.85558 -0.541302
	-9.91039 -0.238375
	-9.94418 0.0704006
	-9.9549 0.381128
	-9.94417 0.690727
	-9.91039 0.999375
	-9.85558 1.3023
	-9.7791 1.60211
	-9.68169 1.89435
	-9.56352 2.18133
	-9.42403 2.45878
	-9.26752 2.72318
	-9.0916 2.97711
	-8.89663 3.21967
	-8.68531 3.44631
	-8.45867 3.65763
	-8.21611 3.8526
	-7.96218 4.02852
	-7.69778 4.18503
	-7.42033 4.32452
	-7.13335 4.44269
	-6.84111 4.5401
	-6.5413 4.61658
	-6.23838 4.67138
	-5.9296 4.70518
	-5.61887 4.7159
	-5.30927 4.70517
	-5.00062 4.67138
	-4.6977 4.61658
	-4.39789 4.5401
	-4.10565 4.44269
	-3.81867 4.32452
	-3.54122 4.18503
	-3.27682 4.02852
	-3.02289 3.8526
	-2.78033 3.65763
	-2.55369 3.44631
	-2.34237 3.21967
	-2.1474 2.97711
	-1.97148 2.72318
	-1.81497 2.45878
	-1.67548 2.18133
	-1.55731 1.89435
	-1.4599 1.60211
	-1.38342 1.3023
	-1.32862 0.999376
	-1.29483 0.690725
	-1.2841 0.381128

	-0.128 -4.992
	-0.128 -4.791
	-0.128 -4.591
	-0.128 -4.39
	-0.128 -4.189
	-0.128 -3.989
	-0.128 -3.788
	-0.128 -3.587
	-0.128 -3.387
	-0.128 -3.186
	-0.128 -2.985
	-0.128 -2.785
	-0.128 -2.584
	-0.128 -2.383
	-0.128 -2.183
	-0.128 -1.982
	-0.128 -1.781
	-0.128 -1.581
	-0.128 -1.38
	-0.128 -1.18
	-0.128 -0.979
	-0.128 -0.778
	-0.128 -0.578
	-0.128 -0.377
	-0.128 -0.298232
	-0.140307 -0.410677
	-0.210148 -0.796742
	-0.307815 -1.17959
	-0.431962 -1.55203
	-0.583066 -1.919
	-0.76135 -2.27361
	-0.960667 -2.61032
	-1.18532 -2.9346
	-1.43466 -3.24481
	-1.70464 -3.53435
	-1.99419 -3.80434
	-2.3044 -4.05368
	-2.62868 -4.27833
	-2.96539 -4.47765
	-3.32 -4.65593
	-3.68696 -4.80704
	-4.05941 -4.93119
	-4.44226 -5.02885
	-4.82832 -5.09869
	-4.84941 -5.101
	-4.651 -5.101
	-4.45 -5.101
	-4.25 -5.101
	-4.049 -5.101
	-3.848 -5.101
	-3.648 -5.101
	-3.447 -5.101
	-3.246 -5.101
	-3.046 -5.101
	-2.845 -5.101
	-2.645 -5.101
	-2.444 -5.101
	-2.243 -5.101
	-2.043 -5.101
	-1.842 -5.101
	-1.641 -5.101
	-1.441 -5.101
	-1.24 -5.101
	-1.039 -5.101
	-0.839 -5.101
	-0.638 -5.101
	-0.437 -5.101
	-0.237 -5.101
	-0.128 -5.101
	-0.128 -4.992

	-0.128 1.228
	-0.128 1.429
	-0.128 1.629
	-0.128 1.83
	-0.128 2.031
	-0.128 2.231
	-0.128 2.432
	-0.128 2.633
	-0.128 2.833
	-0.128 3.034
	-0.128 3.235
	-0.128 3.435
	-0.128 3.636
	-0.128 3.837
	-0.128 4.037
	-0.128 4.238
	-0.128 4.439
	-0.128 4.639
	-0.128 4.84
	-0.128 5.04
	-0.128 5.241
	-0.128 5.442
	-0.128 5.642
	-0.128 5.843
	-0.128 5.862
	-0.327 5.862
	-0.528 5.862
	-0.728 5.862
	-0.929 5.862
	-1.129 5.862
	-1.33 5.862
	-1.531 5.862
	-1.731 5.862
	-1.932 5.862
	-2.133 5.862
	-2.333 5.862
	-2.534 5.862
	-2.735 5.862
	-2.935 5.862
	-3.136 5.862
	-3.337 5.862
	-3.537 5.862
	-3.738 5.862
	-3.939 5.862
	-4.139 5.862
	-4.34 5.862
	-4.54 5.862
	-4.741 5.862
	-4.84941 5.862
	-4.82832 5.85969
	-4.44226 5.78985
	-4.05941 5.69218
	-3.68697 5.56804
	-3.32 5.41693
	-2.96539 5.23865
	-2.62868 5.03933
	-2.3044 4.81468
	-1.99419 4.56534
	-1.70464 4.29536
	-1.43466 4.00581
	-1.18532 3.6956
	-0.960667 3.37132
	-0.76135 3.03461
	-0.583066 2.68
	-0.431962 2.31303
	-0.307815 1.94059
	-0.210148 1.55774
	-0.140307 1.17168
	-0.128 1.05923
	-0.128 1.228

	-6.547 5.862
	-6.748 5.862
	-6.948 5.862
	-7.149 5.862
	-7.349 5.862
	-7.55 5.862
	-7.751 5.862
	-7.951 5.862
	-8.152 5.862
	-8.353 5.862
	-8.553 5.862
	-8.754 5.862
	-8.955 5.862
	-9.155 5.862
	-9.356 5.862
	-9.557 5.862
	-9.757 5.862
	-9.958 5.862
	-10.159 5.862
	-10.359 5.862
	-10.56 5.862
	-10.76 5.862
	-10.961 5.862
	-11.07 5.862
	-11.07 5.753
	-11.07 5.552
	-11.07 5.352
	-11.07 5.151
	-11.07 4.95
	-11.07 4.75
	-11.07 4.549
	-11.07 4.348
	-11.07 4.148
	-11.07 3.947
	-11.07 3.747
	-11.07 3.546
	-11.07 3.345
	-11.07 3.145
	-11.07 2.944
	-11.07 2.743
	-11.07 2.543
	-11.07 2.342
	-11.07 2.141
	-11.07 1.941
	-11.07 1.74
	-11.07 1.539
	-11.07 1.339
	-11.07 1.33028
	-11.0289 1.55774
	-10.9312 1.9406
	-10.807 2.31303
	-10.6559 2.68
	-10.4776 3.03461
	-10.2783 3.37132
	-10.0537 3.6956
	-9.80434 4.00581
	-9.53435 4.29536
	-9.24481 4.56534
	-8.9346 4.81468
	-8.61032 5.03933
	-8.27361 5.23865
	-7.919 5.41693
	-7.55204 5.56804
	-7.17959 5.69218
	-6.79674 5.78985
	-6.41068 5.85969
	-6.38959 5.862
	-6.547 5.862

	-11.07 -0.668
	-11.07 -0.868
	-11.07 -1.069
	-11.07 -1.27
	-11.07 -1.47
	-11.07 -1.671
	-11.07 -1.872
	-11.07 -2.072
	-11.07 -2.273
	-11.07 -2.474
	-11.07 -2.674
	-11.07 -2.875
	-11.07 -3.075
	-11.07 -3.276
	-11.07 -3.477
	-11.07 -3.677
	-11.07 -3.878
	-11.07 -4.079
	-11.07 -4.279
	-11.07 -4.48
	-11.07 -4.681
	-11.07 -4.881
	-11.07 -5.082
	-11.07 -5.101
	-10.871 -5.101
	-10.67 -5.101
	-10.47 -5.101
	-10.269 -5.101
	-10.068 -5.101
	-9.868 -5.101
	-9.667 -5.101
	-9.466 -5.101
	-9.266 -5.101
	-9.065 -5.101
	-8.865 -5.101
	-8.664 -5.101
	-8.463 -5.101
	-8.263 -5.101
	-8.062 -5.101
	-7.861 -5.101
	-7.661 -5.101
	-7.46 -5.101
	-7.259 -5.101
	-7.059 -5.101
	-6.858 -5.101
	-6.657 -5.101
	-6.457 -5.101
	-6.38959 -5.101
	-6.41068 -5.09869
	-6.79674 -5.02885
	-7.17959 -4.93119
	-7.55204 -4.80704
	-7.919 -4.65593
	-8.27361 -4.47765
	-8.61032 -4.27833
	-8.9346 -4.05368
	-9.24481 -3.80434
	-9.53435 -3.53436
	-9.80434 -3.24481
	-10.0537 -2.9346
	-10.2783 -2.61032
	-10.4776 -2.27361
	-10.6559 -1.919
	-10.807 -1.55203
	-10.9312 -1.1796
	-11.0289 -0.796744
	-11.07 -0.569281
	-11.07 -0.668

-19
	1.072 -6.196
	1.072 -5.995
	1.072 -5.794
	1.072 -5.594
	1.072 -5.393
	1.072 -5.192
	1.072 -4.992
	1.072 -4.791
	1.072 -4.591
	1.072 -4.39
	1.072 -4.189
	1.072 -3.989
	1.072 -3.788
	1.072 -3.587
	1.072 -3.387
	1.072 -3.186
	1.072 -2.985
	1.072 -2.785
	1.072 -2.584
	1.072 -2.383
	1.072 -2.183
	1.072 -1.982
	1.072 -1.781
	1.072 -1.581
	1.072 -1.38
	1.072 -1.18
	1.072 -0.979
	1.072 -0.778
	1.072 -0.578
	1.072 -0.377
	1.072 -0.176
	1.072 0.024
	1.072 0.225
	1.072 0.426
	1.072 0.626
	1.072 0.827
	1.072 1.028
	1.072 1.228
	1.072 1.429
	1.072 1.629
	1.072 1.83
	1.072 2.031
	1.072 2.231
	1.072 2.432
	1.072 2.633
	1.072 2.833
	1.072 3.034
	1.072 3.235
	1.072 3.435
	1.072 3.636
	1.072 3.837
	1.072 4.037
	1.072 4.238
	1.072 4.439
	1.072 4.639
	1.072 4.84
	1.072 5.04
	1.072 5.241
	1.072 5.442
	1.072 5.642
	1.072 5.843
	1.072 6.044
	1.072 6.244
	1.072 6.445
	1.072 6.646
	1.072 6.846
	1.072 7.047
	1.072 7.062
	0.877 7.062
	0.676 7.062
	0.476 7.062
	0.275 7.062
	0.074 7.062
	-0.126 7.062
	-0.327 7.062
	-0.528 7.062
	-0.728 7.062
	-0.929 7.062
	-1.129 7.062
	-1.33 7.062
	-1.531 7.062
	-1.731 7.062
	-1.932 7.062
	-2.133 7.062
	-2.333 7.062
	-2.534 7.062
	-2.735 7.062
	-2.935 7.062
	-3.136 7.062
	-3.337 7.062
	-3.537 7.062
	-3.738 7.062
	-3.939 7.062
	-4.139 7.062
	-4.34 7.062
	-4.54 7.062
	-4.741 7.062
	-4.942 7.062
	-5.142 7.062
	-5.343 7.062
	-5.544 7.062
	-5.744 7.062
	-5.945 7.062
	-6.146 7.062
	-6.346 7.062
	-6.547 7.062
	-6.748 7.062
	-6.948 7.062
	-7.149 7.062
	-7.349 7.062
	-7.55 7.062
	-7.751 7.062
	-7.951 7.062
	-8.152 7.062
	-8.353 7.062
	-8.553 7.062
	-8.754 7.062
	-8.955 7.062
	-9.155 7.062
	-9.356 7.062
	-9.557 7.062
	-9.757 7.062
	-9.958 7.062
	-10.159 7.062
	-10.359 7.062
	-10.56 7.062
	-10.76 7.062
	-10.961 7.062
	-11.162 7.062
	-11.362 7.062
	-11.563 7.062
	-11.764 7.062
	-11.964 7.062
	-12.165 7.062
	-12.27 7.062
	-12.27 6.957
	-12.27 6.756
	-12.27 6.556
	-12.27 6.355
	-12.27 6.154
	-12.27 5.954
	-12.27 5.753
	-12.27 5.552
	-12.27 5.352
	-12.27 5.151
	-12.27 4.95
	-12.27 4.75
	-12.27 4.549
	-12.27 4.348
	-12.27 4.148
	-12.27 3.947
	-12.27 3.747
	-12.27 3.546
	-12.27 3.345
	-12.27 3.145
	-12.27 2.944
	-12.27 2.743
	-12.27 2.543
	-12.27 2.342
	-12.27 2.141
	-12.27 1.941
	-12.27 1.74
	-12.27 1.539
	-12.27 1.339
	-12.27 1.138
	-12.27 0.937
	-12.27 0.737
	-12.27 0.536
	-12.27 0.336
	-12.27 0.135
	-12.27 -0.066
	-12.27 -0.266
	-12.27 -0.467
	-12.27 -0.668
	-12.27 -0.868
	-12.27 -1.069
	-12.27 -1.27
	-12.27 -1.47
	-12.27 -1.671
	-12.27 -1.872
	-12.27 -2.072
	-12.27 -2.273
	-12.27 -2.474
	-12.27 -2.674
	-12.27 -2.875
	-12.27 -3.075
	-12.27 -3.276
	-12.27 -3.477
	-12.27 -3.677
	-12.27 -3.878
	-12.27 -4.079
	-12.27 -4.279
	-12.27 -4.48
	-12.27 -4.681
	-12.27 -4.881
	-12.27 -5.082
	-12.27 -5.283
	-12.27 -5.483
	-12.27 -5.684
	-12.27 -5.884
	-12.27 -6.085
	-12.27 -6.286
	-12.27 -6.301
	-12.075 -6.301
	-11.874 -6.301
	-11.674 -6.301
	-11.473 -6.301
	-11.272 -6.301
	-11.072 -6.301
	-10.871 -6.301
	-10.67 -6.301
	-10.47 -6.301
	-10.269 -6.301
	-10.068 -6.301
	-9.868 -6.301
	-9.667 -6.301
	-9.466 -6.301
	-9.266 -6.301
	-9.065 -6.301
	-8.865 -6.301
	-8.664 -6.301
	-8.463 -6.301
	-8.263 -6.301
	-8.062 -6.301
	-7.861 -6.301
	-7.661 -6.301
	-7.46 -6.301
	-7.259 -6.301
	-7.059 -6.301
	-6.858 -6.301
	-6.657 -6.301
	-6.457 -6.301
	-6.256 -6.301
	-6.056 -6.301
	-5.855 -6.301
	-5.654 -6.301
	-5.454 -6.301
	-5.253 -6.301
	-5.052 -6.301
	-4.852 -6.301
	-4.651 -6.301
	-4.45 -6.301
	-4.25 -6.301
	-4.049 -6.301
	-3.848 -6.301
	-3.648 -6.301
	-3.447 -6.301
	-3.246 -6.301
	-3.046 -6.301
	-2.845 -6.301
	-2.645 -6.301
	-2.444 -6.301
	-2.243 -6.301
	-2.043 -6.301
	-1.842 -6.301
	-1.641 -6.301
	-1.441 -6.301
	-1.24 -6.301
	-1.039 -6.301
	-0.839 -6.301
	-0.638 -6.301
	-0.437 -6.301
	-0.237 -6.301
	-0.036 -6.301
	0.164 -6.301
	0.365 -6.301
	0.566 -6.301
	0.766 -6.301
	0.967 -6.301
	1.072 -6.301
	1.072 -6.196

	-1.35712 0.381
	-1.3679 0.0666748
	-1.40338 -0.246477
	-1.46076 -0.558166
	-1.5425 -0.862014
	-1.64347 -1.15725
	-1.76885 -1.44827
	-1.91516 -1.73
	-2.08269 -1.99835
	-2.26466 -2.24856
	-2.46622 -2.48858
	-2.69124 -2.71833
	-2.92978 -2.92588
	-3.17681 -3.11229
	-3.4394 -3.28275
	-3.71816 -3.43536
	-4.00763 -3.56609
	-4.30247 -3.67359
	-4.60483 -3.75997
	-4.91576 -3.82371
	-5.2253 -3.86336
	-5.5384 -3.88187
	-5.85637 -3.87563
	-6.17091 -3.84634
	-6.47916 -3.7942
	-6.78394 -3.72031
	-7.08754 -3.62172
	-7.37882 -3.50151
	-7.6591 -3.36213
	-7.92884 -3.20183
	-8.18827 -3.02116
	-8.43304 -2.82131
	-8.66044 -2.60621
	-8.87239 -2.37429
	-9.0679 -2.12602
	-9.24577 -1.86079
	-9.39914 -1.58932
	-9.53396 -1.30741
	-9.64925 -1.00985
	-9.74024 -0.709109
	-9.80946 -0.402989
	-9.85589 -0.0904031
	-9.879 0.22393
	-9.879 0.538341
	-9.85585 0.851671
	-9.80946 1.16399
	-9.74024 1.47011
	-9.64925 1.77085
	-9.53396 2.06841
	-9.39914 2.35032
	-9.24577 2.62179
	-9.0679 2.88702
	-8.87239 3.13529
	-8.66224 3.36524
	-8.43511 3.58162
	-8.18593 3.78507
	-7.92884 3.96258
	-7.66194 4.12272
	-7.37577 4.26502
	-7.0843 4.38377
	-6.78394 4.48131
	-6.47916 4.5552
	-6.17091 4.60734
	-5.85637 4.63663
	-5.54209 4.6428
	-5.22532 4.62563
	-4.91219 4.58398
	-4.60482 4.52097
	-4.30247 4.43459
	-4.00763 4.32709
	-3.71816 4.19636
	-3.44212 4.04524
	-3.17928 3.87616
	-2.92757 3.68622
	-2.68931 3.47735
	-2.46622 3.24958
	-2.26466 3.00956
	-2.08269 2.75935
	-1.91516 2.491
	-1.76885 2.20927
	-1.64347 1.91825
	-1.5425 1.62301
	-1.46076 1.31917
	-1.40346 1.00789
	-1.36792 0.695741
	-1.35712 0.381

	-0.128 -4.992
	-0.128 -4.791
	-0.128 -4.591
	-0.128 -4.39
	-0.128 -4.189
	-0.128 -3.989
	-0.128 -3.788
	-0.128 -3.587
	-0.128 -3.387
	-0.128 -3.186
	-0.128 -2.985
	-0.128 -2.785
	-0.128 -2.584
	-0.128 -2.383
	-0.128 -2.183
	-0.128 -1.982
	-0.128 -1.781
	-0.128 -1.581
	-0.128 -1.38
	-0.128 -1.18
	-0.128 -0.979
	-0.128 -0.778
	-0.128 -0.578
	-0.128 -0.377
	-0.128 -0.176
	-0.128 0.024
	-0.128 0.225
	-0.128 0.426
	-0.128 0.626
	-0.128 0.827
	-0.128 1.028
	-0.128 1.228
	-0.128 1.429
	-0.128 1.629
	-0.128 1.83
	-0.128 2.031
	-0.128 2.231
	-0.128 2.432
	-0.128 2.633
	-0.128 2.833
	-0.128 3.034
	-0.128 3.235
	-0.128 3.435
	-0.128 3.636
	-0.128 3.837
	-0.128 4.037
	-0.128 4.238
	-0.128 4.439
	-0.128 4.639
	-0.128 4.84
	-0.128 5.04
	-0.128 5.241
	-0.128 5.442
	-0.128 5.642
	-0.128 5.843
	-0.128 5.862
	-0.327 5.862
	-0.528 5.862
	-0.728 5.862
	-0.929 5.862
	-1.129 5.862
	-1.33 5.862
	-1.531 5.862
	-1.731 5.862
	-1.932 5.862
	-2.133 5.862
	-2.333 5.862
	-2.534 5.862
	-2.735 5.862
	-2.935 5.862
	-3.136 5.862
	-3.337 5.862
	-3.537 5.862
	-3.738 5.862
	-3.939 5.862
	-4.139 5.862
	-4.34 5.862
	-4.54 5.862
	-4.741 5.862
	-4.942 5.862
	-5.142 5.862
	-5.343 5.862
	-5.544 5.862
	-5.744 5.862
	-5.945 5.862
	-6.146 5.862
	-6.346 5.862
	-6.547 5.862
	-6.748 5.862
	-6.948 5.862
	-7.149 5.862
	-7.349 5.862
	-7.55 5.862
	-7.751 5.862
	-7.951 5.862
	-8.152 5.862
	-8.353 5.862
	-8.553 5.862
	-8.754 5.862
	-8.955 5.862
	-9.155 5.862
	-9.356 5.862
	-9.557 5.862
	-9.757 5.862
	-9.958 5.862
	-10.159 5.862
	-10.359 5.862
	-10.56 5.862
	-10.76 5.862
	-10.961 5.862
	-11.07 5.862
	-11.07 5.753
	-11.07 5.552
	-11.07 5.352
	-11.07 5.151
	-11.07 4.95
	-11.07 4.75
	-11.07 4.549
	-11.07 4.348
	-11.07 4.148
	-11.07 3.947
	-11.07 3.747
	-11.07 3.546
	-11.07 3.345
	-11.07 3.145
	-11.07 2.944
	-11.07 2.743
	-11.07 2.543
	-11.07 2.342
	-11.07 2.141
	-11.07 1.941
	-11.07 1.74
	-11.07 1.539
	-11.07 1.339
	-11.07 1.138
	-11.07 0.937
	-11.07 0.737
	-11.07 0.70441
	-11.0493 0.984207
	-10.9898 1.38478
	-10.9012 1.7766
	-10.7846 2.16193
	-10.6363 2.54474
	-10.464 2.90497
	-10.268 3.25201
	-10.039 3.59343
	-9.78791 3.91231
	-9.52003 4.20542
	-9.2296 4.48212
	-8.90747 4.74513
	-8.57912 4.97184
	-8.23869 5.1761
	-7.86999 5.35944
	-7.49655 5.51159
	-7.11109 5.63676
	-6.72089 5.73135
	-6.32684 5.79801
	-5.92386 5.83554
	-5.52136 5.84343
	-5.11358 5.82134
	-4.71235 5.76797
	-4.31908 5.68735
	-3.93165 5.57666
	-3.55453 5.43916
	-3.18228 5.27105
	-2.82861 5.07742
	-2.49231 4.86109
	-2.16963 4.61759
	-1.86395 4.34963
	-1.57679 4.05644
	-1.31879 3.74921
	-1.08724 3.43082
	-0.872095 3.0862
	-0.683935 2.72389
	-0.52304 2.35045
	-0.394108 1.97343
	-0.289366 1.5841
	-0.215825 1.1846
	-0.170251 0.784334
	-0.156411 0.381
	-0.170225 -0.0215853
	-0.21569 -0.422859
	-0.289366 -0.823099
	-0.394108 -1.21243
	-0.52304 -1.58945
	-0.683934 -1.96289
	-0.872095 -2.3252
	-1.08724 -2.66982
	-1.31879 -2.98821
	-1.57679 -3.29544
	-1.86744 -3.59219
	-2.1736 -3.85859
	-2.48786 -4.09573
	-2.82372 -4.31375
	-3.18228 -4.51005
	-3.55453 -4.67816
	-3.93165 -4.81566
	-4.31909 -4.92635
	-4.71876 -5.00829
	-5.11354 -5.05885
	-5.51472 -5.08256
	-5.92386 -5.07454
	-6.32684 -5.03701
	-6.72089 -4.97035
	-7.11109 -4.87576
	-7.50237 -4.74869
	-7.87547 -4.59472
	-8.23359 -4.41664
	-8.57911 -4.2113
	-8.91168 -3.97969
	-9.22588 -3.72316
	-9.51679 -3.44797
	-9.78791 -3.15131
	-10.039 -2.83243
	-10.268 -2.49101
	-10.464 -2.14397
	-10.6363 -1.78374
	-10.7846 -1.40093
	-10.9012 -1.0156
	-10.9898 -0.62378
	-11.0494 -0.222726
	-11.07 0.057477
	-11.07 -0.066
	-11.07 -0.266
	-11.07 -0.467
	-11.07 -0.668
	-11.07 -0.868
	-11.07 -1.069
	-11.07 -1.27
	-11.07 -1.47
	-11.07 -1.671
	-11.07 -1.872
	-11.07 -2.072
	-11.07 -2.273
	-11.07 -2.474
	-11.07 -2.674
	-11.07 -2.875
	-11.07 -3.075
	-11.07 -3.276
	-11.07 -3.477
	-11.07 -3.677
	-11.07 -3.878
	-11.07 -4.079
	-11.07 -4.279
	-11.07 -4.48
	-11.07 -4.681
	-11.07 -4.881
	-11.07 -5.082
	-11.07 -5.101
	-10.871 -5.101
	-10.67 -5.101
	-10.47 -5.101
	-10.269 -5.101
	-10.068 -5.101
	-9.868 -5.101
	-9.667 -5.101
	-9.466 -5.101
	-9.266 -5.101
	-9.065 -5.101
	-8.865 -5.101
	-8.664 -5.101
	-8.463 -5.101
	-8.263 -5.101
	-8.062 -5.101
	-7.861 -5.101
	-7.661 -5.101
	-7.46 -5.101
	-7.259 -5.101
	-7.059 -5.101
	-6.858 -5.101
	-6.657 -5.101
	-6.457 -5.101
	-6.256 -5.101
	-6.056 -5.101
	-5.855 -5.101
	-5.654 -5.101
	-5.454 -5.101
	-5.253 -5.101
	-5.052 -5.101
	-4.852 -5.101
	-4.651 -5.101
	-4.45 -5.101
	-4.25 -5.101
	-4.049 -5.101
	-3.848 -5.101
	-3.648 -5.101
	-3.447 -5.101
	-3.246 -5.101
	-3.046 -5.101
	-2.845 -5.101
	-2.645 -5.101
	-2.444 -5.101
	-2.243 -5.101
	-2.043 -5.101
	-1.842 -5.101
	-1.641 -5.101
	-1.441 -5.101
	-1.24 -5.101
	-1.039 -5.101
	-0.839 -5.101
	-0.638 -5.101
	-0.437 -5.101
	-0.237 -5.101
	-0.128 -5.101
	-0.128 -4.992

-18.5
	1.072 -6.196
	1.072 -5.995
	1.072 -5.794
	1.072 -5.594
	1.072 -5.393
	1.072 -5.192
	1.072 -4.992
	1.072 -4.791
	1.072 -4.591
	1.072 -4.39
	1.072 -4.189
	1.072 -3.989
	1.072 -3.788
	1.072 -3.587
	1.072 -3.387
	1.072 -3.186
	1.072 -2.985
	1.072 -2.785
	1.072 -2.584
	1.072 -2.383
	1.072 -2.183
	1.072 -1.982
	1.072 -1.781
	1.072 -1.581
	1.072 -1.38
	1.072 -1.18
	1.072 -0.979
	1.072 -0.778
	1.072 -0.578
	1.072 -0.377
	1.072 -0.176
	1.072 0.024
	1.072 0.225
	1.072 0.426
	1.072 0.626
	1.072 0.827
	1.072 1.028
	1.072 1.228
	1.072 1.429
	1.072 1.629
	1.072 1.83
	1.072 2.031
	1.072 2.231
	1.072 2.432
	1.072 2.633
	1.072 2.833
	1.072 3.034
	1.072 3.235
	1.072 3.435
	1.072 3.636
	1.072 3.837
	1.072 4.037
	1.072 4.238
	1.072 4.439
	1.072 4.639
	1.072 4.84
	1.072 5.04
	1.072 5.241
	1.072 5.442
	1.072 5.642
	1.072 5.843
	1.072 6.044
	1.072 6.244
	1.072 6.445
	1.072 6.646
	1.072 6.846
	1.072 7.047
	1.072 7.062
	0.877 7.062
	0.676 7.062
	0.476 7.062
	0.275 7.062
	0.074 7.062
	-0.126 7.062
	-0.327 7.062
	-0.528 7.062
	-0.728 7.062
	-0.929 7.062
	-1.129 7.062
	-1.33 7.062
	-1.531 7.062
	-1.731 7.062
	-1.932 7.062
	-2.133 7.062
	-2.333 7.062
	-2.534 7.062
	-2.735 7.062
	-2.935 7.062
	-3.136 7.062
	-3.337 7.062
	-3.537 7.062
	-3.738 7.062
	-3.939 7.062
	-4.139 7.062
	-4.34 7.062
	-4.54 7.062
	-4.741 7.062
	-4.942 7.062
	-5.142 7.062
	-5.343 7.062
	-5.544 7.062
	-5.744 7.062
	-5.945 7.062
	-6.146 7.062
	-6.346 7.062
	-6.547 7.062
	-6.748 7.062
	-6.948 7.062
	-7.149 7.062
	-7.349 7.062
	-7.55 7.062
	-7.751 7.062
	-7.951 7.062
	-8.152 7.062
	-8.353 7.062
	-8.553 7.062
	-8.754 7.062
	-8.955 7.062
	-9.155 7.062
	-9.356 7.062
	-9.557 7.062
	-9.757 7.062
	-9.958 7.062
	-10.159 7.062
	-10.359 7.062
	-10.56 7.062
	-10.76 7.062
	-10.961 7.062
	-11.162 7.062
	-11.362 7.062
	-11.563 7.062
	-11.764 7.062
	-11.964 7.062
	-12.165 7.062
	-12.27 7.062
	-12.27 6.957
	-12.27 6.756
	-12.27 6.556
	-12.27 6.355
	-12.27 6.154
	-12.27 5.954
	-12.27 5.753
	-12.27 5.552
	-12.27 5.352
	-12.27 5.151
	-12.27 4.95
	-12.27 4.75
	-12.27 4.549
	-12.27 4.348
	-12.27 4.148
	-12.27 3.947
	-12.27 3.747
	-12.27 3.546
	-12.27 3.345
	-12.27 3.145
	-12.27 2.944
	-12.27 2.743
	-12.27 2.543
	-12.27 2.342
	-12.27 2.141
	-12.27 1.941
	-12.27 1.74
	-12.27 1.539
	-12.27 1.339
	-12.27 1.138
	-12.27 0.937
	-12.27 0.737
	-12.27 0.536
	-12.27 0.336
	-12.27 0.135
	-12.27 -0.066
	-12.27 -0.266
	-12.27 -0.467
	-12.27 -0.668
	-12.27 -0.868
	-12.27 -1.069
	-12.27 -1.27
	-12.27 -1.47
	-12.27 -1.671
	-12.27 -1.872
	-12.27 -2.072
	-12.27 -2.273
	-12.27 -2.474
	-12.27 -2.674
	-12.27 -2.875
	-12.27 -3.075
	-12.27 -3.276
	-12.27 -3.477
	-12.27 -3.677
	-12.27 -3.878
	-12.27 -4.079
	-12.27 -4.279
	-12.27 -4.48
	-12.27 -4.681
	-12.27 -4.881
	-12.27 -5.082
	-12.27 -5.283
	-12.27 -5.483
	-12.27 -5.684
	-12.27 -5.884
	-12.27 -6.085
	-12.27 -6.286
	-12.27 -6.301
	-12.075 -6.301
	-11.874 -6.301
	-11.674 -6.301
	-11.473 -6.301
	-11.272 -6.301
	-11.072 -6.301
	-10.871 -6.301
	-10.67 -6.301
	-10.47 -6.301
	-10.269 -6.301
	-10.068 -6.301
	-9.868 -6.301
	-9.667 -6.301
	-9.466 -6.301
	-9.266 -6.301
	-9.065 -6.301
	-8.865 -6.301
	-8.664 -6.301
	-8.463 -6.301
	-8.263 -6.301
	-8.062 -6.301
	-7.861 -6.301
	-7.661 -6.301
	-7.46 -6.301
	-7.259 -6.301
	-7.059 -6.301
	-6.858 -6.301
	-6.657 -6.301
	-6.457 -6.301
	-6.256 -6.301
	-6.056 -6.301
	-5.855 -6.301
	-5.654 -6.301
	-5.454 -6.301
	-5.253 -6.301
	-5.052 -6.301
	-4.852 -6.301
	-4.651 -6.301
	-4.45 -6.301
	-4.25 -6.301
	-4.049 -6.301
	-3.848 -6.301
	-3.648 -6.301
	-3.447 -6.301
	-3.246 -6.301
	-3.046 -6.301
	-2.845 -6.301
	-2.645 -6.301
	-2.444 -6.301
	-2.243 -6.301
	-2.043 -6.301
	-1.842 -6.301
	-1.641 -6.301
	-1.441 -6.301
	-1.24 -6.301
	-1.039 -6.301
	-0.839 -6.301
	-0.638 -6.301
	-0.437 -6.301
	-0.237 -6.301
	-0.036 -6.301
	0.164 -6.301
	0.365 -6.301
	0.566 -6.301
	0.766 -6.301
	0.967 -6.301
	1.072 -6.301
	1.072 -6.196

	-1.42884 0.381145
	-1.44133 0.0626061
	-1.47694 -0.250155
	-1.53672 -0.564764
	-1.62114 -0.871171
	-1.72581 -1.16671
	-1.85308 -1.45541
	-2.00431 -1.73896
	-2.17625 -2.00624
	-2.36464 -2.25794
	-2.5727 -2.49551
	-2.79944 -2.71912
	-3.04373 -2.92426
	-3.29928 -3.10857
	-3.5698 -3.27432
	-3.85203 -3.41853
	-4.14423 -3.54198
	-4.44914 -3.64309
	-4.75417 -3.71858
	-5.0645 -3.77288
	-5.38222 -3.80262
	-5.69931 -3.80887
	-6.01443 -3.79033
	-6.32649 -3.74997
	-6.63883 -3.68405
	-6.94595 -3.59473
	-7.2427 -3.48228
	-7.52823 -3.34954
	-7.80444 -3.19505
	-8.0702 -3.0184
	-8.319 -2.82403
	-8.55334 -2.61142
	-8.77227 -2.37997
	-8.9727 -2.13257
	-9.154 -1.87
	-9.31163 -1.59955
	-9.45129 -1.31558
	-9.56847 -1.02027
	-9.66445 -0.715048
	-9.73454 -0.405079
	-9.78198 -0.09749
	-9.807 0.219979
	-9.807 0.541021
	-9.78198 0.85849
	-9.73454 1.16608
	-9.66445 1.47605
	-9.56847 1.78127
	-9.45129 2.07658
	-9.31245 2.35888
	-9.154 2.63228
	-8.97137 2.8952
	-8.77227 3.14097
	-8.55334 3.37242
	-8.319 3.58503
	-8.0702 3.7794
	-7.80444 3.95605
	-7.52823 4.11054
	-7.2427 4.24328
	-6.94595 4.35573
	-6.63883 4.44505
	-6.33008 4.51021
	-6.01446 4.55261
	-5.69564 4.5698
	-5.38222 4.56362
	-5.06814 4.53422
	-4.75419 4.48085
	-4.44575 4.40296
	-4.14423 4.30298
	-3.85203 4.17953
	-3.5698 4.03532
	-3.29928 3.86957
	-3.04373 3.68526
	-2.79944 3.48012
	-2.5727 3.25651
	-2.36464 3.01894
	-2.17625 2.76724
	-2.00431 2.49996
	-1.85308 2.21641
	-1.72581 1.92771
	-1.62114 1.63217
	-1.53672 1.32576
	-1.47694 1.01116
	-1.44135 0.698538
	-1.42884 0.381145

	-0.128 -4.992
	-0.128 -4.791
	-0.128 -4.591
	-0.128 -4.39
	-0.128 -4.189
	-0.128 -3.989
	-0.128 -3.788
	-0.128 -3.587
	-0.128 -3.387
	-0.128 -3.186
	-0.128 -2.985
	-0.128 -2.785
	-0.128 -2.584
	-0.128 -2.383
	-0.128 -2.183
	-0.128 -1.982
	-0.128 -1.781
	-0.128 -1.581
	-0.128 -1.38
	-0.128 -1.18
	-0.128 -0.979
	-0.128 -0.778
	-0.128 -0.578
	-0.128 -0.377
	-0.128 -0.176
	-0.128 0.024
	-0.128 0.225
	-0.128 0.426
	-0.128 0.626
	-0.128 0.827
	-0.128 1.028
	-0.128 1.228
	-0.128 1.429
	-0.128 1.629
	-0.128 1.83
	-0.128 2.031
	-0.128 2.231
	-0.128 2.432
	-0.128 2.633
	-0.128 2.833
	-0.128 3.034
	-0.128 3.235
	-0.128 3.435
	-0.128 3.636
	-0.128 3.837
	-0.128 4.037
	-0.128 4.238
	-0.128 4.439
	-0.128 4.639
	-0.128 4.84
	-0.128 5.04
	-0.128 5.241
	-0.128 5.442
	-0.128 5.642
	-0.128 5.843
	-0.128 5.862
	-0.327 5.862
	-0.528 5.862
	-0.728 5.862
	-0.929 5.862
	-1.129 5.862
	-1.33 5.862
	-1.531 5.862
	-1.731 5.862
	-1.932 5.862
	-2.133 5.862
	-2.333 5.862
	-2.534 5.862
	-2.735 5.862
	-2.935 5.862
	-3.136 5.862
	-3.337 5.862
	-3.537 5.862
	-3.738 5.862
	-3.939 5.862
	-4.139 5.862
	-4.34 5.862
	-4.54 5.862
	-4.741 5.862
	-4.942 5.862
	-5.142 5.862
	-5.343 5.862
	-5.544 5.862
	-5.744 5.862
	-5.945 5.862
	-6.146 5.862
	-6.346 5.862
	-6.547 5.862
	-6.748 5.862
	-6.948 5.862
	-7.149 5.862
	-7.349 5.862
	-7.55 5.862
	-7.751 5.862
	-7.951 5.862
	-8.152 5.862
	-8.353 5.862
	-8.553 5.862
	-8.754 5.862
	-8.955 5.862
	-9.155 5.862
	-9.356 5.862
	-9.557 5.862
	-9.757 5.862
	-9.958 5.862
	-10.159 5.862
	-10.359 5.862
	-10.56 5.862
	-10.76 5.862
	-10.961 5.862
	-11.07 5.862
	-11.07 5.753
	-11.07 5.552
	-11.07 5.352
	-11.07 5.151
	-11.07 4.95
	-11.07 4.75
	-11.07 4.549
	-11.07 4.348
	-11.07 4.148
	-11.07 3.947
	-11.07 3.747
	-11.07 3.546
	-11.07 3.345
	-11.07 3.145
	-11.07 2.944
	-11.07 2.743
	-11.07 2.543
	-11.07 2.342
	-11.07 2.141
	-11.07 1.941
	-11.07 1.74
	-11.07 1.539
	-11.07 1.339
	-11.07 1.138
	-11.07 0.937
	-11.07 0.737
	-11.07 0.536
	-11.07 0.336
	-11.07 0.135
	-11.07 -0.066
	-11.07 -0.266
	-11.07 -0.467
	-11.07 -0.668
	-11.07 -0.868
	-11.07 -1.069
	-11.07 -1.27
	-11.07 -1.47
	-11.07 -1.671
	-11.07 -1.872
	-11.07 -2.072
	-11.07 -2.273
	-11.07 -2.474
	-11.07 -2.674
	-11.07 -2.875
	-11.07 -3.075
	-11.07 -3.276
	-11.07 -3.477
	-11.07 -3.677
	-11.07 -3.878
	-11.07 -4.079
	-11.07 -4.279
	-11.07 -4.48
	-11.07 -4.681
	-11.07 -4.881
	-11.07 -5.082
	-11.07 -5.101
	-10.871 -5.101
	-10.67 -5.101
	-10.47 -5.101
	-10.269 -5.101
	-10.068 -5.101
	-9.868 -5.101
	-9.667 -5.101
	-9.466 -5.101
	-9.266 -5.101
	-9.065 -5.101
	-8.865 -5.101
	-8.664 -5.101
	-8.463 -5.101
	-8.263 -5.101
	-8.062 -5.101
	-7.861 -5.101
	-7.661 -5.101
	-7.46 -5.101
	-7.259 -5.101
	-7.059 -5.101
	-6.858 -5.101
	-6.657 -5.101
	-6.457 -5.101
	-6.256 -5.101
	-6.056 -5.101
	-5.855 -5.101
	-5.654 -5.101
	-5.454 -5.101
	-5.253 -5.101
	-5.052 -5.101
	-4.852 -5.101
	-4.651 -5.101
	-4.45 -5.101
	-4.25 -5.101
	-4.049 -5.101
	-3.848 -5.101
	-3.648 -5.101
	-3.447 -5.101
	-3.246 -5.101
	-3.046 -5.101
	-2.845 -5.101
	-2.645 -5.101
	-2.444 -5.101
	-2.243 -5.101
	-2.043 -5.101
	-1.842 -5.101
	-1.641 -5.101
	-1.441 -5.101
	-1.24 -5.101
	-1.039 -5.101
	-0.839 -5.101
	-0.638 -5.101
	-0.437 -5.101
	-0.237 -5.101
	-0.128 -5.101
	-0.128 -4.992

	-0.227915 0.381261
	-0.243999 -0.028909
	-0.2897 -0.430279
	-0.366896 -0.836575
	-0.475649 -1.23131
	-0.609655 -1.60968
	-0.773149 -1.98053
	-0.968564 -2.34693
	-1.19004 -2.69123
	-1.43155 -3.0139
	-1.69887 -3.31912
	-1.991 -3.60722
	-2.30591 -3.87167
	-2.6339 -4.10822
	-2.98244 -4.32177
	-3.34485 -4.50696
	-3.72122 -4.66596
	-4.11565 -4.79676
	-4.50631 -4.89344
	-4.90491 -4.96319
	-5.31439 -5.00152
	-5.72276 -5.00956
	-6.12677 -4.9858
	-6.52768 -4.93394
	-6.93069 -4.84888
	-7.32671 -4.73371
	-7.70886 -4.5889
	-8.07481 -4.41878
	-8.43039 -4.2199
	-8.77275 -3.99233
	-9.0926 -3.74245
	-9.3936 -3.46935
	-9.67569 -3.17114
	-9.93405 -2.85223
	-10.1676 -2.51399
	-10.3697 -2.16719
	-10.5491 -1.80245
	-10.7001 -1.42209
	-10.824 -1.02789
	-10.9142 -0.629142
	-10.9748 -0.236282
	-11.007 0.172762
	-11.007 0.588238
	-10.9748 0.997282
	-10.9142 1.39014
	-10.824 1.78889
	-10.7001 2.18309
	-10.5491 2.56345
	-10.3712 2.92519
	-10.1676 3.27651
	-9.93167 3.61617
	-9.67569 3.93214
	-9.39361 4.23035
	-9.0926 4.50345
	-8.77275 4.75333
	-8.43039 4.9809
	-8.07481 5.17978
	-7.70886 5.3499
	-7.32671 5.49471
	-6.93069 5.60988
	-6.53415 5.69357
	-6.12682 5.74829
	-5.71616 5.77043
	-5.31439 5.76252
	-4.91144 5.7248
	-4.50634 5.65594
	-4.10955 5.55573
	-3.72122 5.42696
	-3.34485 5.26796
	-2.98244 5.08277
	-2.6339 4.86922
	-2.30591 4.63267
	-1.991 4.36822
	-1.69887 4.08012
	-1.43155 3.77489
	-1.19004 3.45223
	-0.968563 3.10793
	-0.773149 2.74153
	-0.609655 2.37068
	-0.475649 1.99231
	-0.366896 1.59757
	-0.2897 1.19128
	-0.244029 0.790168
	-0.227915 0.381261

-18
	1.072 -6.196
	1.072 -5.995
	1.072 -5.794
	1.072 -5.594
	1.072 -5.393
	1.072 -5.192
	1.072 -4.992
	1.072 -4.791
	1.072 -4.591
	1.072 -4.39
	1.072 -4.189
	1.072 -3.989
	1.072 -3.788
	1.072 -3.587
	1.072 -3.387
	1.072 -3.186
	1.072 -2.985
	1.072 -2.785
	1.072 -2.584
	1.072 -2.383
	1.072 -2.183
	1.072 -1.982
	1.072 -1.781
	1.072 -1.581
	1.072 -1.38
	1.072 -1.18
	1.072 -0.979
	1.072 -0.778
	1.072 -0.578
	1.072 -0.377
	1.072 -0.176
	1.072 0.024
	1.072 0.225
	1.072 0.426
	1.072 0.626
	1.072 0.827
	1.072 1.028
	1.072 1.228
	1.072 1.429
	1.072 1.629
	1.072 1.83
	1.072 2.031
	1.072 2.231
	1.072 2.432
	1.072 2.633
	1.072 2.833
	1.072 3.034
	1.072 3.235
	1.072 3.435
	1.072 3.636
	1.072 3.837
	1.072 4.037
	1.072 4.238
	1.072 4.439
	1.072 4.639
	1.072 4.84
	1.072 5.04
	1.072 5.241
	1.072 5.442
	1.072 5.642
	1.072 5.843
	1.072 6.044
	1.072 6.244
	1.072 6.445
	1.072 6.646
	1.072 6.846
	1.072 7.047
	1.072 7.062
	0.877 7.062
	0.676 7.062
	0.476 7.062
	0.275 7.062
	0.074 7.062
	-0.126 7.062
	-0.327 7.062
	-0.528 7.062
	-0.728 7.062
	-0.929 7.062
	-1.129 7.062
	-1.33 7.062
	-1.531 7.062
	-1.731 7.062
	-1.932 7.062
	-2.133 7.062
	-2.333 7.062
	-2.534 7.062
	-2.735 7.062
	-2.935 7.062
	-3.136 7.062
	-3.337 7.062
	-3.537 7.062
	-3.738 7.062
	-3.939 7.062
	-4.139 7.062
	-4.34 7.062
	-4.54 7.062
	-4.741 7.062
	-4.942 7.062
	-5.142 7.062
	-5.343 7.062
	-5.544 7.062
	-5.744 7.062
	-5.945 7.062
	-6.146 7.062
	-6.346 7.062
	-6.547 7.062
	-6.748 7.062
	-6.948 7.062
	-7.149 7.062
	-7.349 7.062
	-7.55 7.062
	-7.751 7.062
	-7.951 7.062
	-8.152 7.062
	-8.353 7.062
	-8.553 7.062
	-8.754 7.062
	-8.955 7.062
	-9.155 7.062
	-9.356 7.062
	-9.557 7.062
	-9.757 7.062
	-9.958 7.062
	-10.159 7.062
	-10.359 7.062
	-10.56 7.062
	-10.76 7.062
	-10.961 7.062
	-11.162 7.062
	-11.362 7.062
	-11.563 7.062
	-11.764 7.062
	-11.964 7.062
	-12.165 7.062
	-12.27 7.062
	-12.27 6.957
	-12.27 6.756
	-12.27 6.556
	-12.27 6.355
	-12.27 6.154
	-12.27 5.954
	-12.27 5.753
	-12.27 5.552
	-12.27 5.352
	-12.27 5.151
	-12.27 4.95
	-12.27 4.75
	-12.27 4.549
	-12.27 4.348
	-12.27 4.148
	-12.27 3.947
	-12.27 3.747
	-12.27 3.546
	-12.27 3.345
	-12.27 3.145
	-12.27 2.944
	-12.27 2.743
	-12.27 2.543
	-12.27 2.342
	-12.27 2.141
	-12.27 1.941
	-12.27 1.74
	-12.27 1.539
	-12.27 1.339
	-12.27 1.138
	-12.27 0.937
	-12.27 0.737
	-12.27 0.536
	-12.27 0.336
	-12.27 0.135
	-12.27 -0.066
	-12.27 -0.266
	-12.27 -0.467
	-12.27 -0.668
	-12.27 -0.868
	-12.27 -1.069
	-12.27 -1.27
	-12.27 -1.47
	-12.27 -1.671
	-12.27 -1.872
	-12.27 -2.072
	-12.27 -2.273
	-12.27 -2.474
	-12.27 -2.674
	-12.27 -2.875
	-12.27 -3.075
	-12.27 -3.276
	-12.27 -3.477
	-12.27 -3.677
	-12.27 -3.878
	-12.27 -4.079
	-12.27 -4.279
	-12.27 -4.48
	-12.27 -4.681
	-12.27 -4.881
	-12.27 -5.082
	-12.27 -5.283
	-12.27 -5.483
	-12.27 -5.684
	-12.27 -5.884
	-12.27 -6.085
	-12.27 -6.286
	-12.27 -6.301
	-12.075 -6.301
	-11.874 -6.301
	-11.674 -6.301
	-11.473 -6.301
	-11.272 -6.301
	-11.072 -6.301
	-10.871 -6.301
	-10.67 -6.301
	-10.47 -6.301
	-10.269 -6.301
	-10.068 -6.301
	-9.868 -6.301
	-9.667 -6.301
	-9.466 -6.301
	-9.266 -6.301
	-9.065 -6.301
	-8.865 -6.301
	-8.664 -6.301
	-8.463 -6.301
	-8.263 -6.301
	-8.062 -6.301
	-7.861 -6.301
	-7.661 -6.301
	-7.46 -6.301
	-7.259 -6.301
	-7.059 -6.301
	-6.858 -6.301
	-6.657 -6.301
	-6.457 -6.301
	-6.256 -6.301
	-6.056 -6.301
	-5.855 -6.301
	-5.654 -6.301
	-5.454 -6.301
	-5.253 -6.301
	-5.052 -6.301
	-4.852 -6.301
	-4.651 -6.301
	-4.45 -6.301
	-4.25 -6.301
	-4.049 -6.301
	-3.848 -6.301
	-3.648 -6.301
	-3.447 -6.301
	-3.246 -6.301
	-3.046 -6.301
	-2.845 -6.301
	-2.645 -6.301
	-2.444 -6.301
	-2.243 -6.301
	-2.043 -6.301
	-1.842 -6.301
	-1.641 -6.301
	-1.441 -6.301
	-1.24 -6.301
	-1.039 -6.301
	-0.839 -6.301
	-0.638 -6.301
	-0.437 -6.301
	-0.237 -6.301
	-0.036 -6.301
	0.164 -6.301
	0.365 -6.301
	0.566 -6.301
	0.766 -6.301
	0.967 -6.301
	1.072 -6.301
	1.072 -6.196

	-1.50183 0.381146
	-1.51435 0.0634622
	-1.55085 -0.257066
	-1.61403 -0.571406
	-1.69773 -0.87365
	-1.80652 -1.17479
	-1.93984 -1.46842
	-2.09467 -1.74805
	-2.2701 -2.01433
	-2.46485 -2.26563
	-2.6784 -2.50116
	-2.91213 -2.72225
	-3.16053 -2.92192
	-3.42399 -3.10334
	-3.70075 -3.26217
	-3.9868 -3.39972
	-4.28719 -3.51574
	-4.59348 -3.60685
	-4.90198 -3.67384
	-5.22169 -3.71838
	-5.54316 -3.7358
	-5.85713 -3.72961
	-6.17447 -3.69976
	-6.49138 -3.64403
	-6.80243 -3.5635
	-7.1029 -3.46021
	-7.39542 -3.3344
	-7.6797 -3.18436
	-7.94773 -3.01508
	-8.20247 -2.82598
	-8.44454 -2.61555
	-8.6708 -2.38451
	-8.87484 -2.13967
	-9.05909 -1.88203
	-9.22417 -1.60847
	-9.36715 -1.32408
	-9.48824 -1.02843
	-9.58571 -0.72503
	-9.66019 -0.412845
	-9.70893 -0.0967779
	-9.734 0.219688
	-9.734 0.541312
	-9.70893 0.857778
	-9.66019 1.17384
	-9.58571 1.48603
	-9.48824 1.78943
	-9.36778 2.08354
	-9.22417 2.37076
	-9.05798 2.64459
	-8.87484 2.90067
	-8.6708 3.14551
	-8.44454 3.37655
	-8.20248 3.58698
	-7.94773 3.77608
	-7.6797 3.94537
	-7.39542 4.0954
	-7.10291 4.22121
	-6.80243 4.3245
	-6.49138 4.40503
	-6.1781 4.46013
	-5.85713 4.49191
	-5.53947 4.4966
	-5.22168 4.47938
	-4.90198 4.43484
	-4.59348 4.36785
	-4.28719 4.27674
	-3.9868 4.16072
	-3.70075 4.02317
	-3.42399 3.86434
	-3.16053 3.68292
	-2.91422 3.48494
	-2.67839 3.26345
	-2.46333 3.02467
	-2.2701 2.77533
	-2.09467 2.50905
	-1.93984 2.22942
	-1.80652 1.93579
	-1.69773 1.63465
	-1.61403 1.33241
	-1.55085 1.01807
	-1.51437 0.697683
	-1.50183 0.381146

	-0.128 -4.992
	-0.128 -4.791
	-0.128 -4.591
	-0.128 -4.39
	-0.128 -4.189
	-0.128 -3.989
	-0.128 -3.788
	-0.128 -3.587
	-0.128 -3.387
	-0.128 -3.186
	-0.128 -2.985
	-0.128 -2.785
	-0.128 -2.584
	-0.128 -2.383
	-0.128 -2.183
	-0.128 -1.982
	-0.128 -1.781
	-0.128 -1.581
	-0.128 -1.38
	-0.128 -1.18
	-0.128 -0.979
	-0.128 -0.778
	-0.128 -0.578
	-0.128 -0.377
	-0.128 -0.176
	-0.128 0.024
	-0.128 0.225
	-0.128 0.426
	-0.128 0.626
	-0.128 0.827
	-0.128 1.028
	-0.128 1.228
	-0.128 1.429
	-0.128 1.629
	-0.128 1.83
	-0.128 2.031
	-0.128 2.231
	-0.128 2.432
	-0.128 2.633
	-0.128 2.833
	-0.128 3.034
	-0.128 3.235
	-0.128 3.435
	-0.128 3.636
	-0.128 3.837
	-0.128 4.037
	-0.128 4.238
	-0.128 4.439
	-0.128 4.639
	-0.128 4.84
	-0.128 5.04
	-0.128 5.241
	-0.128 5.442
	-0.128 5.642
	-0.128 5.843
	-0.128 5.862
	-0.327 5.862
	-0.528 5.862
	-0.728 5.862
	-0.929 5.862
	-1.129 5.862
	-1.33 5.862
	-1.531 5.862
	-1.731 5.862
	-1.932 5.862
	-2.133 5.862
	-2.333 5.862
	-2.534 5.862
	-2.735 5.862
	-2.935 5.862
	-3.136 5.862
	-3.337 5.862
	-3.537 5.862
	-3.738 5.862
	-3.939 5.862
	-4.139 5.862
	-4.34 5.862
	-4.54 5.862
	-4.741 5.862
	-4.942 5.862
	-5.142 5.862
	-5.343 5.862
	-5.544 5.862
	-5.744 5.862
	-5.945 5.862
	-6.146 5.862
	-6.346 5.862
	-6.547 5.862
	-6.748 5.862
	-6.948 5.862
	-7.149 5.862
	-7.349 5.862
	-7.55 5.862
	-7.751 5.862
	-7.951 5.862
	-8.152 5.862
	-8.353 5.862
	-8.553 5.862
	-8.754 5.862
	-8.955 5.862
	-9.155 5.862
	-9.356 5.862
	-9.557 5.862
	-9.757 5.862
	-9.958 5.862
	-10.159 5.862
	-10.359 5.862
	-10.56 5.862
	-10.76 5.862
	-10.961 5.862
	-11.07 5.862
	-11.07 5.753
	-11.07 5.552
	-11.07 5.352
	-11.07 5.151
	-11.07 4.95
	-11.07 4.75
	-11.07 4.549
	-11.07 4.348
	-11.07 4.148
	-11.07 3.947
	-11.07 3.747
	-11.07 3.546
	-11.07 3.345
	-11.07 3.145
	-11.07 2.944
	-11.07 2.743
	-11.07 2.543
	-11.07 2.342
	-11.07 2.141
	-11.07 1.941
	-11.07 1.74
	-11.07 1.539
	-11.07 1.339
	-11.07 1.138
	-11.07 0.937
	-11.07 0.737
	-11.07 0.536
	-11.07 0.336
	-11.07 0.135
	-11.07 -0.066
	-11.07 -0.266
	-11.07 -0.467
	-11.07 -0.668
	-11.07 -0.868
	-11.07 -1.069
	-11.07 -1.27
	-11.07 -1.47
	-11.07 -1.671
	-11.07 -1.872
	-11.07 -2.072
	-11.07 -2.273
	-11.07 -2.474
	-11.07 -2.674
	-11.07 -2.875
	-11.07 -3.075
	-11.07 -3.276
	-11.07 -3.477
	-11.07 -3.677
	-11.07 -3.878
	-11.07 -4.079
	-11.07 -4.279
	-11.07 -4.48
	-11.07 -4.681
	-11.07 -4.881
	-11.07 -5.082
	-11.07 -5.101
	-10.871 -5.101
	-10.67 -5.101
	-10.47 -5.101
	-10.269 -5.101
	-10.068 -5.101
	-9.868 -5.101
	-9.667 -5.101
	-9.466 -5.101
	-9.266 -5.101
	-9.065 -5.101
	-8.865 -5.101
	-8.664 -5.101
	-8.463 -5.101
	-8.263 -5.101
	-8.062 -5.101
	-7.861 -5.101
	-7.661 -5.101
	-7.46 -5.101
	-7.259 -5.101
	-7.059 -5.101
	-6.858 -5.101
	-6.657 -5.101
	-6.457 -5.101
	-6.256 -5.101
	-6.056 -5.101
	-5.855 -5.101
	-5.654 -5.101
	-5.454 -5.101
	-5.253 -5.101
	-5.052 -5.101
	-4.852 -5.101
	-4.651 -5.101
	-4.45 -5.101
	-4.25 -5.101
	-4.049 -5.101
	-3.848 -5.101
	-3.648 -5.101
	-3.447 -5.101
	-3.246 -5.101
	-3.046 -5.101
	-2.845 -5.101
	-2.645 -5.101
	-2.444 -5.101
	-2.243 -5.101
	-2.043 -5.101
	-1.842 -5.101
	-1.641 -5.101
	-1.441 -5.101
	-1.24 -5.101
	-1.039 -5.101
	-0.839 -5.101
	-0.638 -5.101
	-0.437 -5.101
	-0.237 -5.101
	-0.128 -5.101
	-0.128 -4.992

	-0.300894 0.381263
	-0.317029 -0.0281681
	-0.364321 -0.443519
	-0.446052 -0.850131
	-0.55351 -1.23817
	-0.694131 -1.62743
	-0.866916 -2.00796
	-1.0672 -2.3697
	-1.29337 -2.713
	-1.54473 -3.03734
	-1.82032 -3.34129
	-2.12263 -3.62726
	-2.44336 -3.88506
	-2.78398 -4.11962
	-3.14135 -4.3247
	-3.50984 -4.5019
	-3.89934 -4.65234
	-4.29467 -4.76993
	-4.69156 -4.85612
	-5.10623 -4.91389
	-5.52249 -4.93644
	-5.92523 -4.9285
	-6.33485 -4.88998
	-6.74608 -4.81765
	-7.14837 -4.7135
	-7.53563 -4.58038
	-7.91336 -4.41792
	-8.28106 -4.22386
	-8.62672 -4.00554
	-8.95485 -3.76196
	-9.26818 -3.48959
	-9.56184 -3.18972
	-9.82511 -2.8738
	-10.0624 -2.54205
	-10.2755 -2.18884
	-10.4601 -1.82174
	-10.6164 -1.43997
	-10.7423 -1.04825
	-10.8387 -0.643921
	-10.9017 -0.2358
	-10.934 0.172238
	-10.934 0.588762
	-10.9017 0.9968
	-10.8387 1.40492
	-10.7423 1.80925
	-10.6164 2.20097
	-10.4612 2.57998
	-10.2755 2.95138
	-10.0604 3.30586
	-9.82511 3.6348
	-9.56184 3.95073
	-9.26818 4.25059
	-8.95486 4.52296
	-8.62672 4.76654
	-8.28106 4.98486
	-7.91336 5.17892
	-7.53563 5.34138
	-7.14837 5.4745
	-6.74608 5.57865
	-6.34138 5.64983
	-5.92523 5.69103
	-5.51584 5.69708
	-5.10623 5.67488
	-4.69156 5.61712
	-4.29467 5.53093
	-3.89934 5.41334
	-3.50984 5.2629
	-3.14135 5.0857
	-2.78398 4.88062
	-2.44336 4.64606
	-2.1264 4.39129
	-1.82031 4.10381
	-1.542 3.7948
	-1.29337 3.474
	-1.0672 3.1307
	-0.866916 2.76896
	-0.694131 2.38843
	-0.55351 1.99917
	-0.446052 1.61113
	-0.364321 1.20452
	-0.317059 0.78943
	-0.300894 0.381263

-17.5
	1.072 -6.196
	1.072 -5.995
	1.072 -5.794
	1.072 -5.594
	1.072 -5.393
	1.072 -5.192
	1.072 -4.992
	1.072 -4.791
	1.072 -4.591
	1.072 -4.39
	1.072 -4.189
	1.072 -3.989
	1.072 -3.788
	1.072 -3.587
	1.072 -3.387
	1.072 -3.186
	1.072 -2.985
	1.072 -2.785
	1.072 -2.584
	1.072 -2.383
	1.072 -2.183
	1.072 -1.982
	1.072 -1.781
	1.072 -1.581
	1.072 -1.38
	1.072 -1.18
	1.072 -0.979
	1.072 -0.778
	1.072 -0.578
	1.072 -0.377
	1.072 -0.176
	1.072 0.024
	1.072 0.225
	1.072 0.426
	1.072 0.626
	1.072 0.827
	1.072 1.028
	1.072 1.228
	1.072 1.429
	1.072 1.629
	1.072 1.83
	1.072 2.031
	1.072 2.231
	1.072 2.432
	1.072 2.633
	1.072 2.833
	1.072 3.034
	1.072 3.235
	1.072 3.435
	1.072 3.636
	1.072 3.837
	1.072 4.037
	1.072 4.238
	1.072 4.439
	1.072 4.639
	1.072 4.84
	1.072 5.04
	1.072 5.241
	1.072 5.442
	1.072 5.642
	1.072 5.843
	1.072 6.044
	1.072 6.244
	1.072 6.445
	1.072 6.646
	1.072 6.846
	1.072 7.047
	1.072 7.062
	0.877 7.062
	0.676 7.062
	0.476 7.062
	0.275 7.062
	0.074 7.062
	-0.126 7.062
	-0.327 7.062
	-0.528 7.062
	-0.728 7.062
	-0.929 7.062
	-1.129 7.062
	-1.33 7.062
	-1.531 7.062
	-1.731 7.062
	-1.932 7.062
	-2.133 7.062
	-2.333 7.062
	-2.534 7.062
	-2.735 7.062
	-2.935 7.062
	-3.136 7.062
	-3.337 7.062
	-3.537 7.062
	-3.738 7.062
	-3.939 7.062
	-4.139 7.062
	-4.34 7.062
	-4.54 7.062
	-4.741 7.062
	-4.942 7.062
	-5.142 7.062
	-5.343 7.062
	-5.544 7.062
	-5.744 7.062
	-5.945 7.062
	-6.146 7.062
	-6.346 7.062
	-6.547 7.062
	-6.748 7.062
	-6.948 7.062
	-7.149 7.062
	-7.349 7.062
	-7.55 7.062
	-7.751 7.062
	-7.951 7.062
	-8.152 7.062
	-8.353 7.062
	-8.553 7.062
	-8.754 7.062
	-8.955 7.062
	-9.155 7.062
	-9.356 7.062
	-9.557 7.062
	-9.757 7.062
	-9.958 7.062
	-10.159 7.062
	-10.359 7.062
	-10.56 7.062
	-10.76 7.062
	-10.961 7.062
	-11.162 7.062
	-11.362 7.062
	-11.563 7.062
	-11.764 7.062
	-11.964 7.062
	-12.165 7.062
	-12.27 7.062
	-12.27 6.957
	-12.27 6.756
	-12.27 6.556
	-12.27 6.355
	-12.27 6.154
	-12.27 5.954
	-12.27 5.753
	-12.27 5.552
	-12.27 5.352
	-12.27 5.151
	-12.27 4.95
	-12.27 4.75
	-12.27 4.549
	-12.27 4.348
	-12.27 4.148
	-12.27 3.947
	-12.27 3.747
	-12.27 3.546
	-12.27 3.345
	-12.27 3.145
	-12.27 2.944
	-12.27 2.743
	-12.27 2.543
	-12.27 2.342
	-12.27 2.141
	-12.27 1.941
	-12.27 1.74
	-12.27 1.539
	-12.27 1.339
	-12.27 1.138
	-12.27 0.937
	-12.27 0.737
	-12.27 0.536
	-12.27 0.336
	-12.27 0.135
	-12.27 -0.066
	-12.27 -0.266
	-12.27 -0.467
	-12.27 -0.668
	-12.27 -0.868
	-12.27 -1.069
	-12.27 -1.27
	-12.27 -1.47
	-12.27 -1.671
	-12.27 -1.872
	-12.27 -2.072
	-12.27 -2.273
	-12.27 -2.474
	-12.27 -2.674
	-12.27 -2.875
	-12.27 -3.075
	-12.27 -3.276
	-12.27 -3.477
	-12.27 -3.677
	-12.27 -3.878
	-12.27 -4.079
	-12.27 -4.279
	-12.27 -4.48
	-12.27 -4.681
	-12.27 -4.881
	-12.27 -5.082
	-12.27 -5.283
	-12.27 -5.483
	-12.27 -5.684
	-12.27 -5.884
	-12.27 -6.085
	-12.27 -6.286
	-12.27 -6.301
	-12.075 -6.301
	-11.874 -6.301
	-11.674 -6.301
	-11.473 -6.301
	-11.272 -6.301
	-11.072 -6.301
	-10.871 -6.301
	-10.67 -6.301
	-10.47 -6.301
	-10.269 -6.301
	-10.068 -6.301
	-9.868 -6.301
	-9.667 -6.301
	-9.466 -6.301
	-9.266 -6.301
	-9.065 -6.301
	-8.865 -6.301
	-8.664 -6.301
	-8.463 -6.301
	-8.263 -6.301
	-8.062 -6.301
	-7.861 -6.301
	-7.661 -6.301
	-7.46 -6.301
	-7.259 -6.301
	-7.059 -6.301
	-6.858 -6.301
	-6.657 -6.301
	-6.457 -6.301
	-6.256 -6.301
	-6.056 -6.301
	-5.855 -6.301
	-5.654 -6.301
	-5.454 -6.301
	-5.253 -6.301
	-5.052 -6.301
	-4.852 -6.301
	-4.651 -6.301
	-4.45 -6.301
	-4.25 -6.301
	-4.049 -6.301
	-3.848 -6.301
	-3.648 -6.301
	-3.447 -6.301
	-3.246 -6.301
	-3.046 -6.301
	-2.845 -6.301
	-2.645 -6.301
	-2.444 -6.301
	-2.243 -6.301
	-2.043 -6.301
	-1.842 -6.301
	-1.641 -6.301
	-1.441 -6.301
	-1.24 -6.301
	-1.039 -6.301
	-0.839 -6.301
	-0.638 -6.301
	-0.437 -6.301
	-0.237 -6.301
	-0.036 -6.301
	0.164 -6.301
	0.365 -6.301
	0.566 -6.301
	0.766 -6.301
	0.967 -6.301
	1.072 -6.301
	1.072 -6.196

	-1.57485 0.381143
	-1.58759 0.0548709
	-1.62746 -0.268945
	-1.69233 -0.586933
	-1.78255 -0.898741
	-1.89697 -1.20227
	-2.03705 -1.49836
	-2.20036 -1.78175
	-2.38652 -2.05065
	-2.59106 -2.30117
	-2.81758 -2.53726
	-3.06138 -2.75256
	-3.32248 -2.94959
	-3.59745 -3.12184
	-3.88274 -3.27316
	-4.1853 -3.40191
	-4.49484 -3.50509
	-4.81029 -3.58276
	-5.13312 -3.6355
	-5.45827 -3.661
	-5.78073 -3.661
	-6.10588 -3.6355
	-6.42871 -3.58276
	-6.74529 -3.50481
	-7.05241 -3.40191
	-7.355 -3.27383
	-7.64327 -3.12093
	-7.91521 -2.94959
	-8.17597 -2.75402
	-8.42341 -2.53551
	-8.64666 -2.30117
	-8.85278 -2.05066
	-9.03734 -1.78177
	-9.20059 -1.50124
	-9.34203 -1.20227
	-9.45645 -0.89874
	-9.54667 -0.586935
	-9.61154 -0.268945
	-9.65141 0.0548709
	-9.66415 0.381143
	-9.65141 0.705825
	-9.61154 1.03124
	-9.54647 1.34864
	-9.45681 1.6585
	-9.34204 1.96457
	-9.1998 2.26359
	-9.03734 2.54277
	-8.85278 2.81166
	-8.64666 3.06217
	-8.42341 3.29651
	-8.17597 3.51502
	-7.91769 3.70873
	-7.64327 3.88322
	-7.35201 4.03609
	-7.05241 4.16291
	-6.74529 4.26581
	-6.42871 4.34376
	-6.10588 4.3965
	-5.78073 4.422
	-5.45827 4.422
	-5.13312 4.3965
	-4.81029 4.34376
	-4.49484 4.26609
	-4.1853 4.16291
	-3.88572 4.03543
	-3.59747 3.88413
	-3.32001 3.70873
	-3.06138 3.51356
	-2.81758 3.29826
	-2.59106 3.06217
	-2.38652 2.81165
	-2.20036 2.54275
	-2.03784 2.26072
	-1.89696 1.96457
	-1.78219 1.6585
	-1.69253 1.34864
	-1.62746 1.03124
	-1.58759 0.705825
	-1.57485 0.381143

	-0.128 -4.992
	-0.128 -4.791
	-0.128 -4.591
	-0.128 -4.39
	-0.128 -4.189
	-0.128 -3.989
	-0.128 -3.788
	-0.128 -3.587
	-0.128 -3.387
	-0.128 -3.186
	-0.128 -2.985
	-0.128 -2.785
	-0.128 -2.584
	-0.128 -2.383
	-0.128 -2.183
	-0.128 -1.982
	-0.128 -1.781
	-0.128 -1.581
	-0.128 -1.38
	-0.128 -1.18
	-0.128 -0.979
	-0.128 -0.778
	-0.128 -0.578
	-0.128 -0.377
	-0.128 -0.176
	-0.128 0.024
	-0.128 0.225
	-0.128 0.426
	-0.128 0.626
	-0.128 0.827
	-0.128 1.028
	-0.128 1.228
	-0.128 1.429
	-0.128 1.629
	-0.128 1.83
	-0.128 2.031
	-0.128 2.231
	-0.128 2.432
	-0.128 2.633
	-0.128 2.833
	-0.128 3.034
	-0.128 3.235
	-0.128 3.435
	-0.128 3.636
	-0.128 3.837
	-0.128 4.037
	-0.128 4.238
	-0.128 4.439
	-0.128 4.639
	-0.128 4.84
	-0.128 5.04
	-0.128 5.241
	-0.128 5.442
	-0.128 5.642
	-0.128 5.843
	-0.128 5.862
	-0.327 5.862
	-0.528 5.862
	-0.728 5.862
	-0.929 5.862
	-1.129 5.862
	-1.33 5.862
	-1.531 5.862
	-1.731 5.862
	-1.932 5.862
	-2.133 5.862
	-2.333 5.862
	-2.534 5.862
	-2.735 5.862
	-2.935 5.862
	-3.136 5.862
	-3.337 5.862
	-3.537 5.862
	-3.738 5.862
	-3.939 5.862
	-4.139 5.862
	-4.34 5.862
	-4.54 5.862
	-4.741 5.862
	-4.942 5.862
	-5.142 5.862
	-5.343 5.862
	-5.544 5.862
	-5.744 5.862
	-5.945 5.862
	-6.146 5.862
	-6.346 5.862
	-6.547 5.862
	-6.748 5.862
	-6.948 5.862
	-7.149 5.862
	-7.349 5.862
	-7.55 5.862
	-7.751 5.862
	-7.951 5.862
	-8.152 5.862
	-8.353 5.862
	-8.553 5.862
	-8.754 5.862
	-8.955 5.862
	-9.155 5.862
	-9.356 5.862
	-9.557 5.862
	-9.757 5.862
	-9.958 5.862
	-10.159 5.862
	-10.359 5.862
	-10.56 5.862
	-10.76 5.862
	-10.961 5.862
	-11.07 5.862
	-11.07 5.753
	-11.07 5.552
	-11.07 5.352
	-11.07 5.151
	-11.07 4.95
	-11.07 4.75
	-11.07 4.549
	-11.07 4.348
	-11.07 4.148
	-11.07 3.947
	-11.07 3.747
	-11.07 3.546
	-11.07 3.345
	-11.07 3.145
	-11.07 2.944
	-11.07 2.743
	-11.07 2.543
	-11.07 2.342
	-11.07 2.141
	-11.07 1.941
	-11.07 1.74
	-11.07 1.539
	-11.07 1.339
	-11.07 1.138
	-11.07 0.937
	-11.07 0.737
	-11.07 0.536
	-11.07 0.336
	-11.07 0.135
	-11.07 -0.066
	-11.07 -0.266
	-11.07 -0.467
	-11.07 -0.668
	-11.07 -0.868
	-11.07 -1.069
	-11.07 -1.27
	-11.07 -1.47
	-11.07 -1.671
	-11.07 -1.872
	-11.07 -2.072
	-11.07 -2.273
	-11.07 -2.474
	-11.07 -2.674
	-11.07 -2.875
	-11.07 -3.075
	-11.07 -3.276
	-11.07 -3.477
	-11.07 -3.677
	-11.07 -3.878
	-11.07 -4.079
	-11.07 -4.279
	-11.07 -4.48
	-11.07 -4.681
	-11.07 -4.881
	-11.07 -5.082
	-11.07 -5.101
	-10.871 -5.101
	-10.67 -5.101
	-10.47 -5.101
	-10.269 -5.101
	-10.068 -5.101
	-9.868 -5.101
	-9.667 -5.101
	-9.466 -5.101
	-9.266 -5.101
	-9.065 -5.101
	-8.865 -5.101
	-8.664 -5.101
	-8.463 -5.101
	-8.263 -5.101
	-8.062 -5.101
	-7.861 -5.101
	-7.661 -5.101
	-7.46 -5.101
	-7.259 -5.101
	-7.059 -5.101
	-6.858 -5.101
	-6.657 -5.101
	-6.457 -5.101
	-6.256 -5.101
	-6.056 -5.101
	-5.855 -5.101
	-5.654 -5.101
	-5.454 -5.101
	-5.253 -5.101
	-5.052 -5.101
	-4.852 -5.101
	-4.651 -5.101
	-4.45 -5.101
	-4.25 -5.101
	-4.049 -5.101
	-3.848 -5.101
	-3.648 -5.101
	-3.447 -5.101
	-3.246 -5.101
	-3.046 -5.101
	-2.845 -5.101
	-2.645 -5.101
	-2.444 -5.101
	-2.243 -5.101
	-2.043 -5.101
	-1.842 -5.101
	-1.641 -5.101
	-1.441 -5.101
	-1.24 -5.101
	-1.039 -5.101
	-0.839 -5.101
	-0.638 -5.101
	-0.437 -5.101
	-0.237 -5.101
	-0.128 -5.101
	-0.128 -4.992

	-0.373935 0.381258
	-0.390454 -0.0420325
	-0.442235 -0.4625
	-0.526189 -0.87408
	-0.642982 -1.27773
	-0.791339 -1.67129
	-0.973094 -2.05545
	-1.18545 -2.42396
	-1.42693 -2.77277
	-1.6919 -3.0973
	-1.98605 -3.40387
	-2.30167 -3.68261
	-2.64126 -3.93886
	-2.99702 -4.16172
	-3.36573 -4.35728
	-3.75994 -4.52503
	-4.16111 -4.65875
	-4.56971 -4.75936
	-4.98922 -4.8279
	-5.41128 -4.861
	-5.82772 -4.861
	-6.24978 -4.8279
	-6.66928 -4.75936
	-7.07992 -4.65825
	-7.47754 -4.52503
	-7.87099 -4.35849
	-8.24509 -4.16008
	-8.59618 -3.93887
	-8.93435 -3.68524
	-9.25653 -3.40071
	-9.54559 -3.09731
	-9.8126 -2.77279
	-10.052 -2.42398
	-10.2635 -2.06063
	-10.4477 -1.67129
	-10.596 -1.27773
	-10.7128 -0.874083
	-10.7968 -0.4625
	-10.8485 -0.0420325
	-10.8651 0.381258
	-10.8485 0.802485
	-10.7968 1.22503
	-10.7124 1.63635
	-10.5967 2.0365
	-10.4477 2.43383
	-10.262 2.82407
	-10.052 3.18498
	-9.8126 3.53379
	-9.54559 3.85831
	-9.25654 4.16171
	-8.93435 4.44624
	-8.60064 4.69652
	-8.24508 4.9226
	-7.86561 5.12177
	-7.47754 5.28603
	-7.07992 5.41925
	-6.66928 5.52036
	-6.24978 5.5889
	-5.82772 5.622
	-5.41128 5.622
	-4.98922 5.5889
	-4.56971 5.52036
	-4.16111 5.41975
	-3.75994 5.28603
	-3.3711 5.12057
	-2.99704 4.92423
	-2.63682 4.69651
	-2.30167 4.44361
	-1.98605 4.16487
	-1.6919 3.8583
	-1.42693 3.53377
	-1.18545 3.18496
	-0.974503 2.8189
	-0.791336 2.43383
	-0.642336 2.0365
	-0.526557 1.63635
	-0.442235 1.22503
	-0.390454 0.802485
	-0.373935 0.381258

-17
	1.072 -6.196
	1.072 -5.995
	1.072 -5.794
	1.072 -5.594
	1.072 -5.393
	1.072 -5.192
	1.072 -4.992
	1.072 -4.791
	1.072 -4.591
	1.072 -4.39
	1.072 -4.189
	1.072 -3.989
	1.072 -3.788
	1.072 -3.587
	1.072 -3.387
	1.072 -3.186
	1.072 -2.985
	1.072 -2.785
	1.072 -2.584
	1.072 -2.383
	1.072 -2.183
	1.072 -1.982
	1.072 -1.781
	1.072 -1.581
	1.072 -1.38
	1.072 -1.18
	1.072 -0.979
	1.072 -0.778
	1.072 -0.578
	1.072 -0.377
	1.072 -0.176
	1.072 0.024
	1.072 0.225
	1.072 0.426
	1.072 0.626
	1.072 0.827
	1.072 1.028
	1.072 1.228
	1.072 1.429
	1.072 1.629
	1.072 1.83
	1.072 2.031
	1.072 2.231
	1.072 2.432
	1.072 2.633
	1.072 2.833
	1.072 3.034
	1.072 3.235
	1.072 3.435
	1.072 3.636
	1.072 3.837
	1.072 4.037
	1.072 4.238
	1.072 4.439
	1.072 4.639
	1.072 4.84
	1.072 5.04
	1.072 5.241
	1.072 5.442
	1.072 5.642
	1.072 5.843
	1.072 6.044
	1.072 6.244
	1.072 6.445
	1.072 6.646
	1.072 6.846
	1.072 7.047
	1.072 7.062
	0.877 7.062
	0.676 7.062
	0.476 7.062
	0.275 7.062
	0.074 7.062
	-0.126 7.062
	-0.327 7.062
	-0.528 7.062
	-0.728 7.062
	-0.929 7.062
	-1.129 7.062
	-1.33 7.062
	-1.531 7.062
	-1.731 7.062
	-1.932 7.062
	-2.133 7.062
	-2.333 7.062
	-2.534 7.062
	-2.735 7.062
	-2.935 7.062
	-3.136 7.062
	-3.337 7.062
	-3.537 7.062
	-3.738 7.062
	-3.939 7.062
	-4.139 7.062
	-4.34 7.062
	-4.54 7.062
	-4.741 7.062
	-4.942 7.062
	-5.142 7.062
	-5.343 7.062
	-5.544 7.062
	-5.744 7.062
	-5.945 7.062
	-6.146 7.062
	-6.346 7.062
	-6.547 7.062
	-6.748 7.062
	-6.948 7.062
	-7.149 7.062
	-7.349 7.062
	-7.55 7.062
	-7.751 7.062
	-7.951 7.062
	-8.152 7.062
	-8.353 7.062
	-8.553 7.062
	-8.754 7.062
	-8.955 7.062
	-9.155 7.062
	-9.356 7.062
	-9.557 7.062
	-9.757 7.062
	-9.958 7.062
	-10.159 7.062
	-10.359 7.062
	-10.56 7.062
	-10.76 7.062
	-10.961 7.062
	-11.162 7.062
	-11.362 7.062
	-11.563 7.062
	-11.764 7.062
	-11.964 7.062
	-12.165 7.062
	-12.27 7.062
	-12.27 6.957
	-12.27 6.756
	-12.27 6.556
	-12.27 6.355
	-12.27 6.154
	-12.27 5.954
	-12.27 5.753
	-12.27 5.552
	-12.27 5.352
	-12.27 5.151
	-12.27 4.95
	-12.27 4.75
	-12.27 4.549
	-12.27 4.348
	-12.27 4.148
	-12.27 3.947
	-12.27 3.747
	-12.27 3.546
	-12.27 3.345
	-12.27 3.145
	-12.27 2.944
	-12.27 2.743
	-12.27 2.543
	-12.27 2.342
	-12.27 2.141
	-12.27 1.941
	-12.27 1.74
	-12.27 1.539
	-12.27 1.339
	-12.27 1.138
	-12.27 0.937
	-12.27 0.737
	-12.27 0.536
	-12.27 0.336
	-12.27 0.135
	-12.27 -0.066
	-12.27 -0.266
	-12.27 -0.467
	-12.27 -0.668
	-12.27 -0.868
	-12.27 -1.069
	-12.27 -1.27
	-12.27 -1.47
	-12.27 -1.671
	-12.27 -1.872
	-12.27 -2.072
	-12.27 -2.273
	-12.27 -2.474
	-12.27 -2.674
	-12.27 -2.875
	-12.27 -3.075
	-12.27 -3.276
	-12.27 -3.477
	-12.27 -3.677
	-12.27 -3.878
	-12.27 -4.079
	-12.27 -4.279
	-12.27 -4.48
	-12.27 -4.681
	-12.27 -4.881
	-12.27 -5.082
	-12.27 -5.283
	-12.27 -5.483
	-12.27 -5.684
	-12.27 -5.884
	-12.27 -6.085
	-12.27 -6.286
	-12.27 -6.301
	-12.075 -6.301
	-11.874 -6.301
	-11.674 -6.301
	-11.473 -6.301
	-11.272 -6.301
	-11.072 -6.301
	-10.871 -6.301
	-10.67 -6.301
	-10.47 -6.301
	-10.269 -6.301
	-10.068 -6.301
	-9.868 -6.301
	-9.667 -6.301
	-9.466 -6.301
	-9.266 -6.301
	-9.065 -6.301
	-8.865 -6.301
	-8.664 -6.301
	-8.463 -6.301
	-8.263 -6.301
	-8.062 -6.301
	-7.861 -6.301
	-7.661 -6.301
	-7.46 -6.301
	-7.259 -6.301
	-7.059 -6.301
	-6.858 -6.301
	-6.657 -6.301
	-6.457 -6.301
	-6.256 -6.301
	-6.056 -6.301
	-5.855 -6.301
	-5.654 -6.301
	-5.454 -6.301
	-5.253 -6.301
	-5.052 -6.301
	-4.852 -6.301
	-4.651 -6.301
	-4.45 -6.301
	-4.25 -6.301
	-4.049 -6.301
	-3.848 -6.301
	-3.648 -6.301
	-3.447 -6.301
	-3.246 -6.301
	-3.046 -6.301
	-2.845 -6.301
	-2.645 -6.301
	-2.444 -6.301
	-2.243 -6.301
	-2.043 -6.301
	-1.842 -6.301
	-1.641 -6.301
	-1.441 -6.301
	-1.24 -6.301
	-1.039 -6.301
	-0.839 -6.301
	-0.638 -6.301
	-0.437 -6.301
	-0.237 -6.301
	-0.036 -6.301
	0.164 -6.301
	0.365 -6.301
	0.566 -6.301
	0.766 -6.301
	0.967 -6.301
	1.072 -6.301
	1.072 -6.196

	-1.64654 0.381
	-1.66105 0.0520802
	-1.70099 -0.272248
	-1.76847 -0.593553
	-1.86245 -0.911144
	-1.98231 -1.21479
	-2.12505 -1.50989
	-2.2947 -1.79264
	-2.48306 -2.05763
	-2.6979 -2.31153
	-2.93144 -2.54346
	-3.17909 -2.753
	-3.44379 -2.94276
	-3.72911 -3.11395
	-4.02421 -3.25669
	-4.32786 -3.37655
	-4.64545 -3.47053
	-4.96631 -3.53791
	-5.29328 -3.57838
	-5.619 -3.59115
	-5.94427 -3.5784
	-6.27225 -3.53801
	-6.59355 -3.47053
	-6.91114 -3.37655
	-7.21479 -3.25669
	-7.50989 -3.11395
	-7.79521 -2.94276
	-8.05991 -2.753
	-8.30954 -2.54178
	-8.54178 -2.30954
	-8.753 -2.05991
	-8.94276 -1.79521
	-9.11395 -1.50989
	-9.25669 -1.21479
	-9.37655 -0.911144
	-9.47053 -0.593554
	-9.53801 -0.272247
	-9.5784 0.0557284
	-9.59115 0.381
	-9.57838 0.706722
	-9.53791 1.03369
	-9.47053 1.35455
	-9.37655 1.67214
	-9.25669 1.97579
	-9.11395 2.27089
	-8.94276 2.55621
	-8.753 2.82091
	-8.54346 3.06856
	-8.31153 3.3021
	-8.05763 3.51694
	-7.79264 3.7053
	-7.50989 3.87495
	-7.21479 4.01769
	-6.91114 4.13755
	-6.59355 4.23153
	-6.27225 4.29901
	-5.94792 4.33895
	-5.619 4.35346
	-5.28963 4.33893
	-4.96631 4.29891
	-4.64545 4.23153
	-4.32786 4.13755
	-4.02421 4.01769
	-3.72911 3.87495
	-3.44636 3.7053
	-3.18138 3.51694
	-2.92946 3.30378
	-2.69622 3.07054
	-2.48306 2.81863
	-2.2947 2.55364
	-2.12505 2.27089
	-1.98231 1.97579
	-1.86245 1.67214
	-1.76847 1.35455
	-1.70109 1.03369
	-1.66107 0.71037
	-1.64654 0.381

	-0.128 -4.992
	-0.128 -4.791
	-0.128 -4.591
	-0.128 -4.39
	-0.128 -4.189
	-0.128 -3.989
	-0.128 -3.788
	-0.128 -3.587
	-0.128 -3.387
	-0.128 -3.186
	-0.128 -2.985
	-0.128 -2.785
	-0.128 -2.584
	-0.128 -2.383
	-0.128 -2.183
	-0.128 -1.982
	-0.128 -1.781
	-0.128 -1.581
	-0.128 -1.38
	-0.128 -1.18
	-0.128 -0.979
	-0.128 -0.778
	-0.128 -0.578
	-0.128 -0.377
	-0.128 -0.176
	-0.128 0.024
	-0.128 0.225
	-0.128 0.426
	-0.128 0.626
	-0.128 0.827
	-0.128 1.028
	-0.128 1.228
	-0.128 1.429
	-0.128 1.629
	-0.128 1.83
	-0.128 2.031
	-0.128 2.231
	-0.128 2.432
	-0.128 2.633
	-0.128 2.833
	-0.128 3.034
	-0.128 3.235
	-0.128 3.435
	-0.128 3.636
	-0.128 3.837
	-0.128 4.037
	-0.128 4.238
	-0.128 4.439
	-0.128 4.639
	-0.128 4.84
	-0.128 5.04
	-0.128 5.241
	-0.128 5.442
	-0.128 5.642
	-0.128 5.843
	-0.128 5.862
	-0.327 5.862
	-0.528 5.862
	-0.728 5.862
	-0.929 5.862
	-1.129 5.862
	-1.33 5.862
	-1.531 5.862
	-1.731 5.862
	-1.932 5.862
	-2.133 5.862
	-2.333 5.862
	-2.534 5.862
	-2.735 5.862
	-2.935 5.862
	-3.136 5.862
	-3.337 5.862
	-3.537 5.862
	-3.738 5.862
	-3.939 5.862
	-4.139 5.862
	-4.34 5.862
	-4.54 5.862
	-4.741 5.862
	-4.942 5.862
	-5.142 5.862
	-5.343 5.862
	-5.544 5.862
	-5.744 5.862
	-5.945 5.862
	-6.146 5.862
	-6.346 5.862
	-6.547 5.862
	-6.748 5.862
	-6.948 5.862
	-7.149 5.862
	-7.349 5.862
	-7.55 5.862
	-7.751 5.862
	-7.951 5.862
	-8.152 5.862
	-8.353 5.862
	-8.553 5.862
	-8.754 5.862
	-8.955 5.862
	-9.155 5.862
	-9.356 5.862
	-9.557 5.862
	-9.757 5.862
	-9.958 5.862
	-10.159 5.862
	-10.359 5.862
	-10.56 5.862
	-10.76 5.862
	-10.961 5.862
	-11.07 5.862
	-11.07 5.753
	-11.07 5.552
	-11.07 5.352
	-11.07 5.151
	-11.07 4.95
	-11.07 4.75
	-11.07 4.549
	-11.07 4.348
	-11.07 4.148
	-11.07 3.947
	-11.07 3.747
	-11.07 3.546
	-11.07 3.345
	-11.07 3.145
	-11.07 2.944
	-11.07 2.743
	-11.07 2.543
	-11.07 2.342
	-11.07 2.141
	-11.07 1.941
	-11.07 1.74
	-11.07 1.539
	-11.07 1.339
	-11.07 1.138
	-11.07 0.937
	-11.07 0.737
	-11.07 0.536
	-11.07 0.336
	-11.07 0.135
	-11.07 -0.066
	-11.07 -0.266
	-11.07 -0.467
	-11.07 -0.668
	-11.07 -0.868
	-11.07 -1.069
	-11.07 -1.27
	-11.07 -1.47
	-11.07 -1.671
	-11.07 -1.872
	-11.07 -2.072
	-11.07 -2.273
	-11.07 -2.474
	-11.07 -2.674
	-11.07 -2.875
	-11.07 -3.075
	-11.07 -3.276
	-11.07 -3.477
	-11.07 -3.677
	-11.07 -3.878
	-11.07 -4.079
	-11.07 -4.279
	-11.07 -4.48
	-11.07 -4.681
	-11.07 -4.881
	-11.07 -5.082
	-11.07 -5.101
	-10.871 -5.101
	-10.67 -5.101
	-10.47 -5.101
	-10.269 -5.101
	-10.068 -5.101
	-9.868 -5.101
	-9.667 -5.101
	-9.466 -5.101
	-9.266 -5.101
	-9.065 -5.101
	-8.865 -5.101
	-8.664 -5.101
	-8.463 -5.101
	-8.263 -5.101
	-8.062 -5.101
	-7.861 -5.101
	-7.661 -5.101
	-7.46 -5.101
	-7.259 -5.101
	-7.059 -5.101
	-6.858 -5.101
	-6.657 -5.101
	-6.457 -5.101
	-6.256 -5.101
	-6.056 -5.101
	-5.855 -5.101
	-5.654 -5.101
	-5.454 -5.101
	-5.253 -5.101
	-5.052 -5.101
	-4.852 -5.101
	-4.651 -5.101
	-4.45 -5.101
	-4.25 -5.101
	-4.049 -5.101
	-3.848 -5.101
	-3.648 -5.101
	-3.447 -5.101
	-3.246 -5.101
	-3.046 -5.101
	-2.845 -5.101
	-2.645 -5.101
	-2.444 -5.101
	-2.243 -5.101
	-2.043 -5.101
	-1.842 -5.101
	-1.641 -5.101
	-1.441 -5.101
	-1.24 -5.101
	-1.039 -5.101
	-0.839 -5.101
	-0.638 -5.101
	-0.437 -5.101
	-0.237 -5.101
	-0.128 -5.101
	-0.128 -4.992

	-0.445374 0.381
	-0.464294 -0.0478557
	-0.516189 -0.469247
	-0.604042 -0.887596
	-0.726808 -1.30246
	-0.882555 -1.69702
	-1.06829 -2.081
	-1.28966 -2.44995
	-1.53431 -2.79413
	-1.81542 -3.12635
	-2.1198 -3.42862
	-2.44076 -3.7002
	-2.78442 -3.94657
	-3.158 -4.17071
	-3.54198 -4.35645
	-3.93654 -4.51219
	-4.35141 -4.63496
	-4.76896 -4.72264
	-5.1959 -4.77548
	-5.619 -4.79208
	-6.04129 -4.77552
	-6.46925 -4.72281
	-6.88759 -4.63496
	-7.30246 -4.51219
	-7.69702 -4.35645
	-8.081 -4.17072
	-8.45458 -3.94657
	-8.79824 -3.7002
	-9.12278 -3.4256
	-9.4256 -3.12277
	-9.7002 -2.79825
	-9.94656 -2.45458
	-10.1707 -2.081
	-10.3564 -1.69701
	-10.5122 -1.30246
	-10.635 -0.887597
	-10.7228 -0.469244
	-10.7755 -0.0412888
	-10.7921 0.381
	-10.7755 0.8041
	-10.7226 1.23104
	-10.635 1.6486
	-10.5122 2.06346
	-10.3564 2.45801
	-10.1707 2.842
	-9.94656 3.21558
	-9.7002 3.55925
	-9.42862 3.8802
	-9.12635 4.18458
	-8.79413 4.46569
	-8.44995 4.71034
	-8.081 4.93172
	-7.69702 5.11745
	-7.30246 5.27319
	-6.8876 5.39596
	-6.46925 5.48381
	-6.04786 5.53571
	-5.619 5.55463
	-5.18933 5.53567
	-4.76896 5.48364
	-4.3514 5.39596
	-3.93654 5.27319
	-3.54198 5.11745
	-3.158 4.93171
	-2.78905 4.71034
	-2.44488 4.46569
	-2.11622 4.1876
	-1.8124 3.88378
	-1.53431 3.55513
	-1.28966 3.21095
	-1.06829 2.842
	-0.882555 2.45802
	-0.726808 2.06346
	-0.604042 1.6486
	-0.516356 1.23104
	-0.46433 0.810667
	-0.445374 0.381

-16.5
	1.072 -6.196
	1.072 -5.995
	1.072 -5.794
	1.072 -5.594
	1.072 -5.393
	1.072 -5.192
	1.072 -4.992
	1.072 -4.791
	1.072 -4.591
	1.072 -4.39
	1.072 -4.189
	1.072 -3.989
	1.072 -3.788
	1.072 -3.587
	1.072 -3.387
	1.072 -3.186
	1.072 -2.985
	1.072 -2.785
	1.072 -2.584
	1.072 -2.383
	1.072 -2.183
	1.072 -1.982
	1.072 -1.781
	1.072 -1.581
	1.072 -1.38
	1.072 -1.18
	1.072 -0.979
	1.072 -0.778
	1.072 -0.578
	1.072 -0.377
	1.072 -0.176
	1.072 0.024
	1.072 0.225
	1.072 0.426
	1.072 0.626
	1.072 0.827
	1.072 1.028
	1.072 1.228
	1.072 1.429
	1.072 1.629
	1.072 1.83
	1.072 2.031
	1.072 2.231
	1.072 2.432
	1.072 2.633
	1.072 2.833
	1.072 3.034
	1.072 3.235
	1.072 3.435
	1.072 3.636
	1.072 3.837
	1.072 4.037
	1.072 4.238
	1.072 4.439
	1.072 4.639
	1.072 4.84
	1.072 5.04
	1.072 5.241
	1.072 5.442
	1.072 5.642
	1.072 5.843
	1.072 6.044
	1.072 6.244
	1.072 6.445
	1.072 6.646
	1.072 6.846
	1.072 7.047
	1.072 7.062
	0.877 7.062
	0.676 7.062
	0.476 7.062
	0.275 7.062
	0.074 7.062
	-0.126 7.062
	-0.327 7.062
	-0.528 7.062
	-0.728 7.062
	-0.929 7.062
	-1.129 7.062
	-1.33 7.062
	-1.531 7.062
	-1.731 7.062
	-1.932 7.062
	-2.133 7.062
	-2.333 7.062
	-2.534 7.062
	-2.735 7.062
	-2.935 7.062
	-3.136 7.062
	-3.337 7.062
	-3.537 7.062
	-3.738 7.062
	-3.939 7.062
	-4.139 7.062
	-4.34 7.062
	-4.54 7.062
	-4.741 7.062
	-4.942 7.062
	-5.142 7.062
	-5.343 7.062
	-5.544 7.062
	-5.744 7.062
	-5.945 7.062
	-6.146 7.062
	-6.346 7.062
	-6.547 7.062
	-6.748 7.062
	-6.948 7.062
	-7.149 7.062
	-7.349 7.062
	-7.55 7.062
	-7.751 7.062
	-7.951 7.062
	-8.152 7.062
	-8.353 7.062
	-8.553 7.062
	-8.754 7.062
	-8.955 7.062
	-9.155 7.062
	-9.356 7.062
	-9.557 7.062
	-9.757 7.062
	-9.958 7.062
	-10.159 7.062
	-10.359 7.062
	-10.56 7.062
	-10.76 7.062
	-10.961 7.062
	-11.162 7.062
	-11.362 7.062
	-11.563 7.062
	-11.764 7.062
	-11.964 7.062
	-12.165 7.062
	-12.27 7.062
	-12.27 6.957
	-12.27 6.756
	-12.27 6.556
	-12.27 6.355
	-12.27 6.154
	-12.27 5.954
	-12.27 5.753
	-12.27 5.552
	-12.27 5.352
	-12.27 5.151
	-12.27 4.95
	-12.27 4.75
	-12.27 4.549
	-12.27 4.348
	-12.27 4.148
	-12.27 3.947
	-12.27 3.747
	-12.27 3.546
	-12.27 3.345
	-12.27 3.145
	-12.27 2.944
	-12.27 2.743
	-12.27 2.543
	-12.27 2.342
	-12.27 2.141
	-12.27 1.941
	-12.27 1.74
	-12.27 1.539
	-12.27 1.339
	-12.27 1.138
	-12.27 0.937
	-12.27 0.737
	-12.27 0.536
	-12.27 0.336
	-12.27 0.135
	-12.27 -0.066
	-12.27 -0.266
	-12.27 -0.467
	-12.27 -0.668
	-12.27 -0.868
	-12.27 -1.069
	-12.27 -1.27
	-12.27 -1.47
	-12.27 -1.671
	-12.27 -1.872
	-12.27 -2.072
	-12.27 -2.273
	-12.27 -2.474
	-12.27 -2.674
	-12.27 -2.875
	-12.27 -3.075
	-12.27 -3.276
	-12.27 -3.477
	-12.27 -3.677
	-12.27 -3.878
	-12.27 -4.079
	-12.27 -4.279
	-12.27 -4.48
	-12.27 -4.681
	-12.27 -4.881
	-12.27 -5.082
	-12.27 -5.283
	-12.27 -5.483
	-12.27 -5.684
	-12.27 -5.884
	-12.27 -6.085
	-12.27 -6.286
	-12.27 -6.301
	-12.075 -6.301
	-11.874 -6.301
	-11.674 -6.301
	-11.473 -6.301
	-11.272 -6.301
	-11.072 -6.301
	-10.871 -6.301
	-10.67 -6.301
	-10.47 -6.301
	-10.269 -6.301
	-10.068 -6.301
	-9.868 -6.301
	-9.667 -6.301
	-9.466 -6.301
	-9.266 -6.301
	-9.065 -6.301
	-8.865 -6.301
	-8.664 -6.301
	-8.463 -6.301
	-8.263 -6.301
	-8.062 -6.301
	-7.861 -6.301
	-7.661 -6.301
	-7.46 -6.301
	-7.259 -6.301
	-7.059 -6.301
	-6.858 -6.301
	-6.657 -6.301
	-6.457 -6.301
	-6.256 -6.301
	-6.056 -6.301
	-5.855 -6.301
	-5.654 -6.301
	-5.454 -6.301
	-5.253 -6.301
	-5.052 -6.301
	-4.852 -6.301
	-4.651 -6.301
	-4.45 -6.301
	-4.25 -6.301
	-4.049 -6.301
	-3.848 -6.301
	-3.648 -6.301
	-3.447 -6.301
	-3.246 -6.301
	-3.046 -6.301
	-2.845 -6.301
	-2.645 -6.301
	-2.444 -6.301
	-2.243 -6.301
	-2.043 -6.301
	-1.842 -6.301
	-1.641 -6.301
	-1.441 -6.301
	-1.24 -6.301
	-1.039 -6.301
	-0.839 -6.301
	-0.638 -6.301
	-0.437 -6.301
	-0.237 -6.301
	-0.036 -6.301
	0.164 -6.301
	0.365 -6.301
	0.566 -6.301
	0.766 -6.301
	0.967 -6.301
	1.072 -6.301
	1.072 -6.196

	-1.71953 0.381163
	-1.73423 0.0479718
	-1.77594 -0.276026
	-1.84458 -0.601279
	-1.94324 -0.920266
	-2.0663 -1.2263
	-2.21497 -1.5204
	-2.38668 -1.80066
	-2.58488 -2.06929
	-2.80458 -2.31828
	-3.04198 -2.54599
	-3.29977 -2.75483
	-3.57659 -2.94157
	-3.86426 -3.10156
	-4.16351 -3.23744
	-4.47782 -3.34875
	-4.80037 -3.43226
	-5.12337 -3.48689
	-5.45163 -3.516
	-5.78737 -3.516
	-6.11563 -3.48689
	-6.43863 -3.43226
	-6.76118 -3.34875
	-7.07549 -3.23744
	-7.37474 -3.10156
	-7.66241 -2.94157
	-7.93923 -2.75483
	-8.19702 -2.54599
	-8.43642 -2.31636
	-8.65476 -2.06706
	-8.84945 -1.80319
	-9.02261 -1.52321
	-9.1727 -1.2263
	-9.29708 -0.916983
	-9.3931 -0.601268
	-9.4626 -0.279606
	-9.50477 0.0479726
	-9.51947 0.381163
	-9.50475 0.713189
	-9.4626 1.04061
	-9.39333 1.36122
	-9.29708 1.67931
	-9.17208 1.98853
	-9.02348 2.28249
	-8.84944 2.56551
	-8.65332 2.82971
	-8.43642 3.07736
	-8.19702 3.30699
	-7.93923 3.51583
	-7.66241 3.70257
	-7.37474 3.86256
	-7.07549 3.99843
	-6.76118 4.10975
	-6.44215 4.19235
	-6.11563 4.2492
	-5.7837 4.277
	-5.4553 4.277
	-5.12337 4.2492
	-4.79685 4.19235
	-4.47782 4.10975
	-4.16351 3.99843
	-3.86426 3.86256
	-3.57659 3.70257
	-3.29977 3.51583
	-3.04198 3.30699
	-2.80458 3.07928
	-2.58634 2.83194
	-2.38668 2.56298
	-2.2141 2.27968
	-2.06692 1.98853
	-1.94324 1.68258
	-1.84436 1.36121
	-1.77594 1.03703
	-1.73425 0.71319
	-1.71953 0.381163

	-0.128 -4.992
	-0.128 -4.791
	-0.128 -4.591
	-0.128 -4.39
	-0.128 -4.189
	-0.128 -3.989
	-0.128 -3.788
	-0.128 -3.587
	-0.128 -3.387
	-0.128 -3.186
	-0.128 -2.985
	-0.128 -2.785
	-0.128 -2.584
	-0.128 -2.383
	-0.128 -2.183
	-0.128 -1.982
	-0.128 -1.781
	-0.128 -1.581
	-0.128 -1.38
	-0.128 -1.18
	-0.128 -0.979
	-0.128 -0.778
	-0.128 -0.578
	-0.128 -0.377
	-0.128 -0.176
	-0.128 0.024
	-0.128 0.225
	-0.128 0.426
	-0.128 0.626
	-0.128 0.827
	-0.128 1.028
	-0.128 1.228
	-0.128 1.429
	-0.128 1.629
	-0.128 1.83
	-0.128 2.031
	-0.128 2.231
	-0.128 2.432
	-0.128 2.633
	-0.128 2.833
	-0.128 3.034
	-0.128 3.235
	-0.128 3.435
	-0.128 3.636
	-0.128 3.837
	-0.128 4.037
	-0.128 4.238
	-0.128 4.439
	-0.128 4.639
	-0.128 4.84
	-0.128 5.04
	-0.128 5.241
	-0.128 5.442
	-0.128 5.642
	-0.128 5.843
	-0.128 5.862
	-0.327 5.862
	-0.528 5.862
	-0.728 5.862
	-0.929 5.862
	-1.129 5.862
	-1.33 5.862
	-1.531 5.862
	-1.731 5.862
	-1.932 5.862
	-2.133 5.862
	-2.333 5.862
	-2.534 5.862
	-2.735 5.862
	-2.935 5.862
	-3.136 5.862
	-3.337 5.862
	-3.537 5.862
	-3.738 5.862
	-3.939 5.862
	-4.139 5.862
	-4.34 5.862
	-4.54 5.862
	-4.741 5.862
	-4.942 5.862
	-5.142 5.862
	-5.343 5.862
	-5.544 5.862
	-5.744 5.862
	-5.945 5.862
	-6.146 5.862
	-6.346 5.862
	-6.547 5.862
	-6.748 5.862
	-6.948 5.862
	-7.149 5.862
	-7.349 5.862
	-7.55 5.862
	-7.751 5.862
	-7.951 5.862
	-8.152 5.862
	-8.353 5.862
	-8.553 5.862
	-8.754 5.862
	-8.955 5.862
	-9.155 5.862
	-9.356 5.862
	-9.557 5.862
	-9.757 5.862
	-9.958 5.862
	-10.159 5.862
	-10.359 5.862
	-10.56 5.862
	-10.76 5.862
	-10.961 5.862
	-11.07 5.862
	-11.07 5.753
	-11.07 5.552
	-11.07 5.352
	-11.07 5.151
	-11.07 4.95
	-11.07 4.75
	-11.07 4.549
	-11.07 4.348
	-11.07 4.148
	-11.07 3.947
	-11.07 3.747
	-11.07 3.546
	-11.07 3.345
	-11.07 3.145
	-11.07 2.944
	-11.07 2.743
	-11.07 2.543
	-11.07 2.342
	-11.07 2.141
	-11.07 1.941
	-11.07 1.74
	-11.07 1.539
	-11.07 1.339
	-11.07 1.138
	-11.07 0.937
	-11.07 0.737
	-11.07 0.536
	-11.07 0.336
	-11.07 0.135
	-11.07 -0.066
	-11.07 -0.266
	-11.07 -0.467
	-11.07 -0.668
	-11.07 -0.868
	-11.07 -1.069
	-11.07 -1.27
	-11.07 -1.47
	-11.07 -1.671
	-11.07 -1.872
	-11.07 -2.072
	-11.07 -2.273
	-11.07 -2.474
	-11.07 -2.674
	-11.07 -2.875
	-11.07 -3.075
	-11.07 -3.276
	-11.07 -3.477
	-11.07 -3.677
	-11.07 -3.878
	-11.07 -4.079
	-11.07 -4.279
	-11.07 -4.48
	-11.07 -4.681
	-11.07 -4.881
	-11.07 -5.082
	-11.07 -5.101
	-10.871 -5.101
	-10.67 -5.101
	-10.47 -5.101
	-10.269 -5.101
	-10.068 -5.101
	-9.868 -5.101
	-9.667 -5.101
	-9.466 -5.101
	-9.266 -5.101
	-9.065 -5.101
	-8.865 -5.101
	-8.664 -5.101
	-8.463 -5.101
	-8.263 -5.101
	-8.062 -5.101
	-7.861 -5.101
	-7.661 -5.101
	-7.46 -5.101
	-7.259 -5.101
	-7.059 -5.101
	-6.858 -5.101
	-6.657 -5.101
	-6.457 -5.101
	-6.256 -5.101
	-6.056 -5.101
	-5.855 -5.101
	-5.654 -5.101
	-5.454 -5.101
	-5.253 -5.101
	-5.052 -5.101
	-4.852 -5.101
	-4.651 -5.101
	-4.45 -5.101
	-4.25 -5.101
	-4.049 -5.101
	-3.848 -5.101
	-3.648 -5.101
	-3.447 -5.101
	-3.246 -5.101
	-3.046 -5.101
	-2.845 -5.101
	-2.645 -5.101
	-2.444 -5.101
	-2.243 -5.101
	-2.043 -5.101
	-1.842 -5.101
	-1.641 -5.101
	-1.441 -5.101
	-1.24 -5.101
	-1.039 -5.101
	-0.839 -5.101
	-0.638 -5.101
	-0.437 -5.101
	-0.237 -5.101
	-0.128 -5.101
	-0.128 -4.992

	-0.518361 0.381293
	-0.53762 -0.0552508
	-0.591885 -0.476847
	-0.681848 -0.903102
	-0.811429 -1.32208
	-0.972138 -1.72174
	-1.16614 -2.10553
	-1.39043 -2.47158
	-1.65039 -2.82392
	-1.93784 -3.1497
	-2.24757 -3.44679
	-2.58518 -3.7203
	-2.94827 -3.96522
	-3.32367 -4.17401
	-3.71431 -4.35138
	-4.12647 -4.49736
	-4.54946 -4.60686
	-4.97006 -4.67801
	-5.39853 -4.716
	-5.84047 -4.716
	-6.26894 -4.67801
	-6.68954 -4.60686
	-7.11253 -4.49736
	-7.52469 -4.35138
	-7.91533 -4.17401
	-8.29073 -3.96522
	-8.65382 -3.7203
	-8.99143 -3.44679
	-9.30476 -3.14625
	-9.59057 -2.81991
	-9.8442 -2.47614
	-10.0703 -2.11058
	-10.2669 -1.72174
	-10.4299 -1.31617
	-10.5556 -0.903083
	-10.6463 -0.483291
	-10.7014 -0.0552493
	-10.7206 0.381293
	-10.7013 0.81654
	-10.6463 1.24429
	-10.556 1.6622
	-10.4299 2.07876
	-10.2657 2.48496
	-10.0719 2.86848
	-9.8442 3.23871
	-9.58797 3.58388
	-9.30476 3.90725
	-8.99143 4.20779
	-8.65382 4.4813
	-8.29073 4.72622
	-7.91532 4.93501
	-7.52469 5.11238
	-7.11253 5.25836
	-6.69586 5.36622
	-6.26893 5.44057
	-5.83386 5.477
	-5.40514 5.477
	-4.97007 5.44057
	-4.54314 5.36622
	-4.12647 5.25836
	-3.71431 5.11238
	-3.32368 4.93501
	-2.94827 4.72622
	-2.58518 4.4813
	-2.24757 4.20779
	-1.93784 3.9107
	-1.653 3.58789
	-1.39043 3.23417
	-1.16458 2.86343
	-0.97326 2.48496
	-0.81143 2.08464
	-0.681444 1.66218
	-0.591885 1.23785
	-0.537657 0.816542
	-0.518361 0.381293

-16
	1.072 -6.196
	1.072 -5.995
	1.072 -5.794
	1.072 -5.594
	1.072 -5.393
	1.072 -5.192
	1.072 -4.992
	1.072 -4.791
	1.072 -4.591
	1.072 -4.39
	1.072 -4.189
	1.072 -3.989
	1.072 -3.788
	1.072 -3.587
	1.072 -3.387
	1.072 -3.186
	1.072 -2.985
	1.072 -2.785
	1.072 -2.584
	1.072 -2.383
	1.072 -2.183
	1.072 -1.982
	1.072 -1.781
	1.072 -1.581
	1.072 -1.38
	1.072 -1.18
	1.072 -0.979
	1.072 -0.778
	1.072 -0.578
	1.072 -0.377
	1.072 -0.176
	1.072 0.024
	1.072 0.225
	1.072 0.426
	1.072 0.626
	1.072 0.827
	1.072 1.028
	1.072 1.228
	1.072 1.429
	1.072 1.629
	1.072 1.83
	1.072 2.031
	1.072 2.231
	1.072 2.432
	1.072 2.633
	1.072 2.833
	1.072 3.034
	1.072 3.235
	1.072 3.435
	1.072 3.636
	1.072 3.837
	1.072 4.037
	1.072 4.238
	1.072 4.439
	1.072 4.639
	1.072 4.84
	1.072 5.04
	1.072 5.241
	1.072 5.442
	1.072 5.642
	1.072 5.843
	1.072 6.044
	1.072 6.244
	1.072 6.445
	1.072 6.646
	1.072 6.846
	1.072 7.047
	1.072 7.062
	0.877 7.062
	0.676 7.062
	0.476 7.062
	0.275 7.062
	0.074 7.062
	-0.126 7.062
	-0.327 7.062
	-0.528 7.062
	-0.728 7.062
	-0.929 7.062
	-1.129 7.062
	-1.33 7.062
	-1.531 7.062
	-1.731 7.062
	-1.932 7.062
	-2.133 7.062
	-2.333 7.062
	-2.534 7.062
	-2.735 7.062
	-2.935 7.062
	-3.136 7.062
	-3.337 7.062
	-3.537 7.062
	-3.738 7.062
	-3.939 7.062
	-4.139 7.062
	-4.34 7.062
	-4.54 7.062
	-4.741 7.062
	-4.942 7.062
	-5.142 7.062
	-5.343 7.062
	-5.544 7.062
	-5.744 7.062
	-5.945 7.062
	-6.146 7.062
	-6.346 7.062
	-6.547 7.062
	-6.748 7.062
	-6.948 7.062
	-7.149 7.062
	-7.349 7.062
	-7.55 7.062
	-7.751 7.062
	-7.951 7.062
	-8.152 7.062
	-8.353 7.062
	-8.553 7.062
	-8.754 7.062
	-8.955 7.062
	-9.155 7.062
	-9.356 7.062
	-9.557 7.062
	-9.757 7.062
	-9.958 7.062
	-10.159 7.062
	-10.359 7.062
	-10.56 7.062
	-10.76 7.062
	-10.961 7.062
	-11.162 7.062
	-11.362 7.062
	-11.563 7.062
	-11.764 7.062
	-11.964 7.062
	-12.165 7.062
	-12.27 7.062
	-12.27 6.957
	-12.27 6.756
	-12.27 6.556
	-12.27 6.355
	-12.27 6.154
	-12.27 5.954
	-12.27 5.753
	-12.27 5.552
	-12.27 5.352
	-12.27 5.151
	-12.27 4.95
	-12.27 4.75
	-12.27 4.549
	-12.27 4.348
	-12.27 4.148
	-12.27 3.947
	-12.27 3.747
	-12.27 3.546
	-12.27 3.345
	-12.27 3.145
	-12.27 2.944
	-12.27 2.743
	-12.27 2.543
	-12.27 2.342
	-12.27 2.141
	-12.27 1.941
	-12.27 1.74
	-12.27 1.539
	-12.27 1.339
	-12.27 1.138
	-12.27 0.937
	-12.27 0.737
	-12.27 0.536
	-12.27 0.336
	-12.27 0.135
	-12.27 -0.066
	-12.27 -0.266
	-12.27 -0.467
	-12.27 -0.668
	-12.27 -0.868
	-12.27 -1.069
	-12.27 -1.27
	-12.27 -1.47
	-12.27 -1.671
	-12.27 -1.872
	-12.27 -2.072
	-12.27 -2.273
	-12.27 -2.474
	-12.27 -2.674
	-12.27 -2.875
	-12.27 -3.075
	-12.27 -3.276
	-12.27 -3.477
	-12.27 -3.677
	-12.27 -3.878
	-12.27 -4.079
	-12.27 -4.279
	-12.27 -4.48
	-12.27 -4.681
	-12.27 -4.881
	-12.27 -5.082
	-12.27 -5.283
	-12.27 -5.483
	-12.27 -5.684
	-12.27 -5.884
	-12.27 -6.085
	-12.27 -6.286
	-12.27 -6.301
	-12.075 -6.301
	-11.874 -6.301
	-11.674 -6.301
	-11.473 -6.301
	-11.272 -6.301
	-11.072 -6.301
	-10.871 -6.301
	-10.67 -6.301
	-10.47 -6.301
	-10.269 -6.301
	-10.068 -6.301
	-9.868 -6.301
	-9.667 -6.301
	-9.466 -6.301
	-9.266 -6.301
	-9.065 -6.301
	-8.865 -6.301
	-8.664 -6.301
	-8.463 -6.301
	-8.263 -6.301
	-8.062 -6.301
	-7.861 -6.301
	-7.661 -6.301
	-7.46 -6.301
	-7.259 -6.301
	-7.059 -6.301
	-6.858 -6.301
	-6.657 -6.301
	-6.457 -6.301
	-6.256 -6.301
	-6.056 -6.301
	-5.855 -6.301
	-5.654 -6.301
	-5.454 -6.301
	-5.253 -6.301
	-5.052 -6.301
	-4.852 -6.301
	-4.651 -6.301
	-4.45 -6.301
	-4.25 -6.301
	-4.049 -6.301
	-3.848 -6.301
	-3.648 -6.301
	-3.447 -6.301
	-3.246 -6.301
	-3.046 -6.301
	-2.845 -6.301
	-2.645 -6.301
	-2.444 -6.301
	-2.243 -6.301
	-2.043 -6.301
	-1.842 -6.301
	-1.641 -6.301
	-1.441 -6.301
	-1.24 -6.301
	-1.039 -6.301
	-0.839 -6.301
	-0.638 -6.301
	-0.437 -6.301
	-0.237 -6.301
	-0.036 -6.301
	0.164 -6.301
	0.365 -6.301
	0.566 -6.301
	0.766 -6.301
	0.967 -6.301
	1.072 -6.301
	1.072 -6.196

	-1.79252 0.381164
	-1.80728 0.0483374
	-1.85006 -0.282436
	-1.92272 -0.609381
	-2.02345 -0.929745
	-2.15121 -1.23605
	-2.30357 -1.53094
	-2.48494 -1.81547
	-2.688 -2.07912
	-2.91156 -2.3239
	-3.15689 -2.54947
	-3.4241 -2.75527
	-3.70983 -2.93634
	-4.00295 -3.08779
	-4.30823 -3.21512
	-4.6283 -3.31628
	-4.95736 -3.38904
	-5.28717 -3.4317
	-5.61884 -3.44648
	-5.95166 -3.43172
	-6.28244 -3.38894
	-6.60938 -3.31628
	-6.92974 -3.21555
	-7.23605 -3.08779
	-7.53094 -2.93543
	-7.81547 -2.75406
	-8.07912 -2.551
	-8.32575 -2.32575
	-8.551 -2.07912
	-8.75406 -1.81547
	-8.93543 -1.53094
	-9.08779 -1.23605
	-9.21555 -0.929744
	-9.31628 -0.609381
	-9.38894 -0.282435
	-9.43172 0.0483365
	-9.44648 0.381164
	-9.4317 0.712827
	-9.38904 1.04264
	-9.31628 1.37171
	-9.21512 1.69177
	-9.08779 1.99705
	-8.93634 2.29017
	-8.75527 2.5759
	-8.54947 2.84311
	-8.3239 3.08844
	-8.07912 3.312
	-7.81547 3.51506
	-7.53094 3.69643
	-7.23605 3.84879
	-6.92974 3.97655
	-6.60938 4.07728
	-6.28244 4.14994
	-5.95166 4.19272
	-5.61884 4.20748
	-5.28717 4.1927
	-4.95736 4.15004
	-4.6283 4.07728
	-4.30823 3.97612
	-4.00295 3.84879
	-3.70983 3.69734
	-3.4241 3.51627
	-3.15689 3.31047
	-2.91341 3.08659
	-2.68953 2.84311
	-2.48373 2.5759
	-2.30266 2.29017
	-2.15121 1.99705
	-2.02388 1.69177
	-1.92272 1.37171
	-1.84996 1.04264
	-1.8073 0.712826
	-1.79252 0.381164

	-0.128 -4.992
	-0.128 -4.791
	-0.128 -4.591
	-0.128 -4.39
	-0.128 -4.189
	-0.128 -3.989
	-0.128 -3.788
	-0.128 -3.587
	-0.128 -3.387
	-0.128 -3.186
	-0.128 -2.985
	-0.128 -2.785
	-0.128 -2.584
	-0.128 -2.383
	-0.128 -2.183
	-0.128 -1.982
	-0.128 -1.781
	-0.128 -1.581
	-0.128 -1.38
	-0.128 -1.18
	-0.128 -0.979
	-0.128 -0.778
	-0.128 -0.578
	-0.128 -0.377
	-0.128 -0.176
	-0.128 0.024
	-0.128 0.225
	-0.128 0.426
	-0.128 0.626
	-0.128 0.827
	-0.128 1.028
	-0.128 1.228
	-0.128 1.429
	-0.128 1.629
	-0.128 1.83
	-0.128 2.031
	-0.128 2.231
	-0.128 2.432
	-0.128 2.633
	-0.128 2.833
	-0.128 3.034
	-0.128 3.235
	-0.128 3.435
	-0.128 3.636
	-0.128 3.837
	-0.128 4.037
	-0.128 4.238
	-0.128 4.439
	-0.128 4.639
	-0.128 4.84
	-0.128 5.04
	-0.128 5.241
	-0.128 5.442
	-0.128 5.642
	-0.128 5.843
	-0.128 5.862
	-0.327 5.862
	-0.528 5.862
	-0.728 5.862
	-0.929 5.862
	-1.129 5.862
	-1.33 5.862
	-1.531 5.862
	-1.731 5.862
	-1.932 5.862
	-2.133 5.862
	-2.333 5.862
	-2.534 5.862
	-2.735 5.862
	-2.935 5.862
	-3.136 5.862
	-3.337 5.862
	-3.537 5.862
	-3.738 5.862
	-3.939 5.862
	-4.139 5.862
	-4.34 5.862
	-4.54 5.862
	-4.741 5.862
	-4.942 5.862
	-5.142 5.862
	-5.343 5.862
	-5.544 5.862
	-5.744 5.862
	-5.945 5.862
	-6.146 5.862
	-6.346 5.862
	-6.547 5.862
	-6.748 5.862
	-6.948 5.862
	-7.149 5.862
	-7.349 5.862
	-7.55 5.862
	-7.751 5.862
	-7.951 5.862
	-8.152 5.862
	-8.353 5.862
	-8.553 5.862
	-8.754 5.862
	-8.955 5.862
	-9.155 5.862
	-9.356 5.862
	-9.557 5.862
	-9.757 5.862
	-9.958 5.862
	-10.159 5.862
	-10.359 5.862
	-10.56 5.862
	-10.76 5.862
	-10.961 5.862
	-11.07 5.862
	-11.07 5.753
	-11.07 5.552
	-11.07 5.352
	-11.07 5.151
	-11.07 4.95
	-11.07 4.75
	-11.07 4.549
	-11.07 4.348
	-11.07 4.148
	-11.07 3.947
	-11.07 3.747
	-11.07 3.546
	-11.07 3.345
	-11.07 3.145
	-11.07 2.944
	-11.07 2.743
	-11.07 2.543
	-11.07 2.342
	-11.07 2.141
	-11.07 1.941
	-11.07 1.74
	-11.07 1.539
	-11.07 1.339
	-11.07 1.138
	-11.07 0.937
	-11.07 0.737
	-11.07 0.536
	-11.07 0.336
	-11.07 0.135
	-11.07 -0.066
	-11.07 -0.266
	-11.07 -0.467
	-11.07 -0.668
	-11.07 -0.868
	-11.07 -1.069
	-11.07 -1.27
	-11.07 -1.47
	-11.07 -1.671
	-11.07 -1.872
	-11.07 -2.072
	-11.07 -2.273
	-11.07 -2.474
	-11.07 -2.674
	-11.07 -2.875
	-11.07 -3.075
	-11.07 -3.276
	-11.07 -3.477
	-11.07 -3.677
	-11.07 -3.878
	-11.07 -4.079
	-11.07 -4.279
	-11.07 -4.48
	-11.07 -4.681
	-11.07 -4.881
	-11.07 -5.082
	-11.07 -5.101
	-10.871 -5.101
	-10.67 -5.101
	-10.47 -5.101
	-10.269 -5.101
	-10.068 -5.101
	-9.868 -5.101
	-9.667 -5.101
	-9.466 -5.101
	-9.266 -5.101
	-9.065 -5.101
	-8.865 -5.101
	-8.664 -5.101
	-8.463 -5.101
	-8.263 -5.101
	-8.062 -5.101
	-7.861 -5.101
	-7.661 -5.101
	-7.46 -5.101
	-7.259 -5.101
	-7.059 -5.101
	-6.858 -5.101
	-6.657 -5.101
	-6.457 -5.101
	-6.256 -5.101
	-6.056 -5.101
	-5.855 -5.101
	-5.654 -5.101
	-5.454 -5.101
	-5.253 -5.101
	-5.052 -5.101
	-4.852 -5.101
	-4.651 -5.101
	-4.45 -5.101
	-4.25 -5.101
	-4.049 -5.101
	-3.848 -5.101
	-3.648 -5.101
	-3.447 -5.101
	-3.246 -5.101
	-3.046 -5.101
	-2.845 -5.101
	-2.645 -5.101
	-2.444 -5.101
	-2.243 -5.101
	-2.043 -5.101
	-1.842 -5.101
	-1.641 -5.101
	-1.441 -5.101
	-1.24 -5.101
	-1.039 -5.101
	-0.839 -5.101
	-0.638 -5.101
	-0.437 -5.101
	-0.237 -5.101
	-0.128 -5.101
	-0.128 -4.992

	-0.591334 0.381296
	-0.610695 -0.0553928
	-0.666911 -0.489985
	-0.762489 -0.920086
	-0.895008 -1.34154
	-1.06258 -1.74329
	-1.26243 -2.13008
	-1.5017 -2.50545
	-1.768 -2.85122
	-2.06081 -3.17182
	-2.38321 -3.46825
	-2.73537 -3.73948
	-3.11209 -3.97821
	-3.49572 -4.17642
	-3.89561 -4.34322
	-4.31733 -4.47651
	-4.75044 -4.57227
	-5.18331 -4.62827
	-5.6187 -4.64767
	-6.05539 -4.6283
	-6.48998 -4.57209
	-6.92009 -4.47651
	-7.34154 -4.34399
	-7.74329 -4.17642
	-8.13009 -3.97657
	-8.50545 -3.7373
	-8.85122 -3.47099
	-9.17515 -3.17515
	-9.47099 -2.85122
	-9.7373 -2.50545
	-9.97657 -2.13009
	-10.1764 -1.74329
	-10.344 -1.34154
	-10.4765 -0.920086
	-10.5721 -0.489984
	-10.6283 -0.0553943
	-10.6477 0.381296
	-10.6283 0.816688
	-10.5723 1.24956
	-10.4765 1.68267
	-10.3432 2.10439
	-10.1764 2.50429
	-9.97821 2.88791
	-9.73948 3.26462
	-9.46825 3.61679
	-9.17182 3.93919
	-8.85122 4.23199
	-8.50545 4.4983
	-8.13008 4.73757
	-7.74329 4.93742
	-7.34154 5.10499
	-6.92009 5.23751
	-6.48998 5.33309
	-6.05539 5.3893
	-5.6187 5.40867
	-5.18331 5.38927
	-4.75044 5.33327
	-4.31733 5.23751
	-3.89561 5.10422
	-3.49572 4.93742
	-3.11209 4.73921
	-2.73537 4.50048
	-2.38321 4.22925
	-2.06413 3.93587
	-1.77075 3.61679
	-1.49952 3.26462
	-1.26079 2.88791
	-1.06258 2.50429
	-0.89578 2.10439
	-0.76249 1.68267
	-0.666726 1.24956
	-0.610733 0.816687
	-0.591334 0.381296

