-14.5
p
	[-7.312, -9.685, -14.5]
	[-8.383, -9.616, -14.5]
	[-9.436, -9.411, -14.5]
	[-10.454, -9.073, -14.5]
	[-11.421, -8.608, -14.5]
	[-12.32, -8.022, -14.5]
	[-13.137, -7.327, -14.5]
	[-13.859, -6.533, -14.5]
	[-14.472, -5.653, -14.5]
	[-14.969, -4.702, -14.5]
	[-15.339, -3.695, -14.5]
	[-15.578, -2.649, -14.5]
	[-15.681, -1.581, -14.5]
	[-15.647, -0.508, -14.5]
	[-15.475, 0.551, -14.5]
	[-15.17, 1.579, -14.5]
	[-14.736, 2.56, -14.5]
	[-14.18, 3.478, -14.5]
	[-13.511, 4.317, -14.5]
	[-12.74, 5.063, -14.5]
	[-11.88, 5.705, -14.5]
	[-10.945, 6.231, -14.5]
	[-9.951, 6.634, -14.5]
	[-8.913, 6.906, -14.5]
	[-7.849, 7.043, -14.5]
	[-6.776, 7.043, -14.5]
	[-5.712, 6.906, -14.5]
	[-4.674, 6.634, -14.5]
	[-3.679, 6.231, -14.5]
	[-2.745, 5.705, -14.5]
	[-1.885, 5.063, -14.5]
	[-1.114, 4.317, -14.5]
	[-0.445, 3.478, -14.5]
	[0.111, 2.56, -14.5]
	[0.545, 1.579, -14.5]
	[0.851, 0.551, -14.5]
	[1.022, -0.508, -14.5]
	[1.056, -1.581, -14.5]
	[0.953, -2.649, -14.5]
	[0.714, -3.695, -14.5]
	[0.344, -4.702, -14.5]
	[-0.152, -5.653, -14.5]
	[-0.766, -6.533, -14.5]
	[-1.487, -7.327, -14.5]
	[-2.304, -8.022, -14.5]
	[-3.204, -8.608, -14.5]
	[-4.17, -9.073, -14.5]
	[-5.189, -9.411, -14.5]
	[-6.242, -9.616, -14.5]
p
	[-7.312, -6.916, -14.5]
	[-6.596, -6.87, -14.5]
	[-5.891, -6.733, -14.5]
	[-5.209, -6.507, -14.5]
	[-4.562, -6.195, -14.5]
	[-3.961, -5.803, -14.5]
	[-3.414, -5.338, -14.5]
	[-2.931, -4.806, -14.5]
	[-2.52, -4.217, -14.5]
	[-2.188, -3.581, -14.5]
	[-1.94, -2.907, -14.5]
	[-1.78, -2.207, -14.5]
	[-1.711, -1.492, -14.5]
	[-1.734, -0.774, -14.5]
	[-1.849, -0.065, -14.5]
	[-2.053, 0.623, -14.5]
	[-2.344, 1.28, -14.5]
	[-2.716, 1.894, -14.5]
	[-3.164, 2.455, -14.5]
	[-3.68, 2.955, -14.5]
	[-4.255, 3.384, -14.5]
	[-4.881, 3.737, -14.5]
	[-5.547, 4.006, -14.5]
	[-6.241, 4.188, -14.5]
	[-6.953, 4.28, -14.5]
	[-7.671, 4.28, -14.5]
	[-8.384, 4.188, -14.5]
	[-9.078, 4.006, -14.5]
	[-9.744, 3.737, -14.5]
	[-10.369, 3.384, -14.5]
	[-10.945, 2.955, -14.5]
	[-11.461, 2.455, -14.5]
	[-11.908, 1.894, -14.5]
	[-12.281, 1.28, -14.5]
	[-12.571, 0.623, -14.5]
	[-12.776, -0.065, -14.5]
	[-12.89, -0.774, -14.5]
	[-12.913, -1.492, -14.5]
	[-12.844, -2.207, -14.5]
	[-12.685, -2.907, -14.5]
	[-12.437, -3.581, -14.5]
	[-12.104, -4.217, -14.5]
	[-11.694, -4.806, -14.5]
	[-11.211, -5.338, -14.5]
	[-10.664, -5.803, -14.5]
	[-10.062, -6.195, -14.5]
	[-9.415, -6.507, -14.5]
	[-8.734, -6.733, -14.5]
	[-8.029, -6.87, -14.5]
p
	[-7.312, -26.685, -14.5]
	[-8.383, -26.616, -14.5]
	[-9.436, -26.411, -14.5]
	[-10.454, -26.073, -14.5]
	[-11.421, -25.608, -14.5]
	[-12.32, -25.022, -14.5]
	[-13.137, -24.327, -14.5]
	[-13.859, -23.533, -14.5]
	[-14.472, -22.653, -14.5]
	[-14.969, -21.702, -14.5]
	[-15.339, -20.695, -14.5]
	[-15.578, -19.649, -14.5]
	[-15.681, -18.581, -14.5]
	[-15.647, -17.508, -14.5]
	[-15.475, -16.449, -14.5]
	[-15.17, -15.421, -14.5]
	[-14.736, -14.44, -14.5]
	[-14.18, -13.522, -14.5]
	[-13.511, -12.683, -14.5]
	[-12.74, -11.937, -14.5]
	[-11.88, -11.295, -14.5]
	[-10.945, -10.769, -14.5]
	[-9.951, -10.366, -14.5]
	[-8.913, -10.094, -14.5]
	[-7.849, -9.957, -14.5]
	[-6.776, -9.957, -14.5]
	[-5.712, -10.094, -14.5]
	[-4.674, -10.366, -14.5]
	[-3.679, -10.769, -14.5]
	[-2.745, -11.295, -14.5]
	[-1.885, -11.937, -14.5]
	[-1.114, -12.683, -14.5]
	[-0.445, -13.522, -14.5]
	[0.111, -14.44, -14.5]
	[0.545, -15.421, -14.5]
	[0.851, -16.449, -14.5]
	[1.022, -17.508, -14.5]
	[1.056, -18.581, -14.5]
	[0.953, -19.649, -14.5]
	[0.714, -20.695, -14.5]
	[0.344, -21.702, -14.5]
	[-0.152, -22.653, -14.5]
	[-0.766, -23.533, -14.5]
	[-1.487, -24.327, -14.5]
	[-2.304, -25.022, -14.5]
	[-3.204, -25.608, -14.5]
	[-4.17, -26.073, -14.5]
	[-5.189, -26.411, -14.5]
	[-6.242, -26.616, -14.5]
p
	[-7.312, -23.916, -14.5]
	[-6.596, -23.87, -14.5]
	[-5.891, -23.733, -14.5]
	[-5.209, -23.507, -14.5]
	[-4.562, -23.195, -14.5]
	[-3.961, -22.803, -14.5]
	[-3.414, -22.338, -14.5]
	[-2.931, -21.806, -14.5]
	[-2.52, -21.217, -14.5]
	[-2.188, -20.581, -14.5]
	[-1.94, -19.907, -14.5]
	[-1.78, -19.207, -14.5]
	[-1.711, -18.492, -14.5]
	[-1.734, -17.774, -14.5]
	[-1.849, -17.065, -14.5]
	[-2.053, -16.377, -14.5]
	[-2.344, -15.72, -14.5]
	[-2.716, -15.106, -14.5]
	[-3.164, -14.545, -14.5]
	[-3.68, -14.045, -14.5]
	[-4.255, -13.616, -14.5]
	[-4.881, -13.263, -14.5]
	[-5.547, -12.994, -14.5]
	[-6.241, -12.812, -14.5]
	[-6.953, -12.72, -14.5]
	[-7.671, -12.72, -14.5]
	[-8.384, -12.812, -14.5]
	[-9.078, -12.994, -14.5]
	[-9.744, -13.263, -14.5]
	[-10.369, -13.616, -14.5]
	[-10.945, -14.045, -14.5]
	[-11.461, -14.545, -14.5]
	[-11.908, -15.106, -14.5]
	[-12.281, -15.72, -14.5]
	[-12.571, -16.377, -14.5]
	[-12.776, -17.065, -14.5]
	[-12.89, -17.774, -14.5]
	[-12.913, -18.492, -14.5]
	[-12.844, -19.207, -14.5]
	[-12.685, -19.907, -14.5]
	[-12.437, -20.581, -14.5]
	[-12.104, -21.217, -14.5]
	[-11.694, -21.806, -14.5]
	[-11.211, -22.338, -14.5]
	[-10.664, -22.803, -14.5]
	[-10.062, -23.195, -14.5]
	[-9.415, -23.507, -14.5]
	[-8.734, -23.733, -14.5]
	[-8.029, -23.87, -14.5]
p
	[-7.312, 7.315, -14.5]
	[-8.383, 7.384, -14.5]
	[-9.436, 7.589, -14.5]
	[-10.454, 7.927, -14.5]
	[-11.421, 8.392, -14.5]
	[-12.32, 8.978, -14.5]
	[-13.137, 9.673, -14.5]
	[-13.859, 10.467, -14.5]
	[-14.472, 11.347, -14.5]
	[-14.969, 12.298, -14.5]
	[-15.339, 13.305, -14.5]
	[-15.578, 14.351, -14.5]
	[-15.681, 15.419, -14.5]
	[-15.647, 16.492, -14.5]
	[-15.475, 17.551, -14.5]
	[-15.17, 18.579, -14.5]
	[-14.736, 19.56, -14.5]
	[-14.18, 20.478, -14.5]
	[-13.511, 21.317, -14.5]
	[-12.74, 22.063, -14.5]
	[-11.88, 22.705, -14.5]
	[-10.945, 23.231, -14.5]
	[-9.951, 23.634, -14.5]
	[-8.913, 23.906, -14.5]
	[-7.849, 24.043, -14.5]
	[-6.776, 24.043, -14.5]
	[-5.712, 23.906, -14.5]
	[-4.674, 23.634, -14.5]
	[-3.679, 23.231, -14.5]
	[-2.745, 22.705, -14.5]
	[-1.885, 22.063, -14.5]
	[-1.114, 21.317, -14.5]
	[-0.445, 20.478, -14.5]
	[0.111, 19.56, -14.5]
	[0.545, 18.579, -14.5]
	[0.851, 17.551, -14.5]
	[1.022, 16.492, -14.5]
	[1.056, 15.419, -14.5]
	[0.953, 14.351, -14.5]
	[0.714, 13.305, -14.5]
	[0.344, 12.298, -14.5]
	[-0.152, 11.347, -14.5]
	[-0.766, 10.467, -14.5]
	[-1.487, 9.673, -14.5]
	[-2.304, 8.978, -14.5]
	[-3.204, 8.392, -14.5]
	[-4.17, 7.927, -14.5]
	[-5.189, 7.589, -14.5]
	[-6.242, 7.384, -14.5]
p
	[-7.312, 10.084, -14.5]
	[-6.596, 10.13, -14.5]
	[-5.891, 10.267, -14.5]
	[-5.209, 10.493, -14.5]
	[-4.562, 10.805, -14.5]
	[-3.961, 11.197, -14.5]
	[-3.414, 11.662, -14.5]
	[-2.931, 12.194, -14.5]
	[-2.52, 12.783, -14.5]
	[-2.188, 13.419, -14.5]
	[-1.94, 14.093, -14.5]
	[-1.78, 14.793, -14.5]
	[-1.711, 15.508, -14.5]
	[-1.734, 16.226, -14.5]
	[-1.849, 16.935, -14.5]
	[-2.053, 17.623, -14.5]
	[-2.344, 18.28, -14.5]
	[-2.716, 18.894, -14.5]
	[-3.164, 19.455, -14.5]
	[-3.68, 19.955, -14.5]
	[-4.255, 20.384, -14.5]
	[-4.881, 20.737, -14.5]
	[-5.547, 21.006, -14.5]
	[-6.241, 21.188, -14.5]
	[-6.953, 21.28, -14.5]
	[-7.671, 21.28, -14.5]
	[-8.384, 21.188, -14.5]
	[-9.078, 21.006, -14.5]
	[-9.744, 20.737, -14.5]
	[-10.369, 20.384, -14.5]
	[-10.945, 19.955, -14.5]
	[-11.461, 19.455, -14.5]
	[-11.908, 18.894, -14.5]
	[-12.281, 18.28, -14.5]
	[-12.571, 17.623, -14.5]
	[-12.776, 16.935, -14.5]
	[-12.89, 16.226, -14.5]
	[-12.913, 15.508, -14.5]
	[-12.844, 14.793, -14.5]
	[-12.685, 14.093, -14.5]
	[-12.437, 13.419, -14.5]
	[-12.104, 12.783, -14.5]
	[-11.694, 12.194, -14.5]
	[-11.211, 11.662, -14.5]
	[-10.664, 11.197, -14.5]
	[-10.062, 10.805, -14.5]
	[-9.415, 10.493, -14.5]
	[-8.734, 10.267, -14.5]
	[-8.029, 10.13, -14.5]
p