	71.7791 -0.1608
	71.7791 48.9424
	51.229 48.9424
	1.1258 48.9424
	-69.5276 48.9424
	-69.5276 -0.1608
	-69.5276 -49.2641
	-48.9775 -49.2641
	1.1258 -49.2641
	71.7791 -49.2641
	71.7791 -0.1608

	-4.9211 -36.0503
	-4.9211 -43.4295
	-13.9086 -43.4295
	-41.143 -43.4295
	-54.846 -43.4295
	-54.846 -10.5332
	-54.846 -3.1539
	-45.8586 -3.1539
	-4.9211 -3.1539
	-4.9211 -7.2077
	-4.9211 -36.0503

	-42.8878 6.5627
	-54.5824 6.5627
	-54.5824 15.6038
	-54.5824 40.7271
	-21.4985 40.7271
	-9.8038 40.7271
	-9.8038 15.6038
	-9.8038 6.5627
	-42.8878 6.5627

	50.6137 23.6672
	50.7584 22.4745
	50.7788 22.3064
	50.8272 21.1063
	50.834 20.9372
	50.8272 20.768
	50.7788 19.5677
	50.634 18.3754
	50.6137 18.2072
	50.3733 17.0301
	50.3394 16.8642
	50.0052 15.7103
	49.9581 15.5477
	49.5322 14.4246
	49.4722 14.2663
	49.3995 14.1133
	48.8846 13.028
	48.2839 11.9876
	48.1993 11.841
	47.5168 10.8522
	47.4206 10.7129
	46.6612 9.78288
	46.5542 9.65164
	45.7215 8.78481
	45.6043 8.6628
	45.4778 8.55072
	44.5786 7.75407
	43.6182 7.03241
	43.4829 6.9307
	42.4673 6.28846
	42.3242 6.19805
	41.2606 5.6398
	41.1107 5.56117
	40.0054 5.09022
	39.8497 5.02395
	38.7103 4.6435
	38.5496 4.58996
	37.3832 4.30239
	37.2188 4.26197
	37.0521 4.23486
	35.8664 4.04209
	34.669 3.94545
	34.5003 3.9318
	33.2989 3.9318
	33.1296 3.9318
	31.932 4.02845
	31.7634 4.0421
	31.5963 4.06925
	30.4106 4.26202
	29.2441 4.54949
	29.0797 4.59004
	27.9401 4.97044
	27.7796 5.02412
	26.6746 5.49485
	26.5189 5.56121
	26.3691 5.6398
	25.3054 6.19814
	25.1623 6.28855
	24.1469 6.93065
	23.1865 7.65242
	23.0512 7.75411
	22.152 8.55069
	22.0253 8.66292
	21.1931 9.52932
	21.0757 9.6515
	20.9687 9.78265
	20.209 10.713
	19.5266 11.7016
	19.4302 11.8413
	19.3752 11.9367
	19.346 11.9872
	18.7451 13.028
	18.2302 14.1132
	18.1576 14.2661
	17.7315 15.3896
	17.6715 15.548
	17.6245 15.7103
	17.3303 16.7261
	17.2902 16.8643
	17.05 18.0412
	17.0162 18.2071
	16.8713 19.3998
	16.8509 19.5678
	16.8441 19.7368
	16.7957 20.9372
	16.8441 22.1375
	16.8509 22.3066
	16.9957 23.4993
	17.0162 23.6674
	17.05 23.8331
	17.2903 25.0101
	17.6245 26.164
	17.6715 26.3263
	17.7315 26.4847
	18.1576 27.6081
	18.6726 28.6935
	18.7452 28.8464
	19.3458 29.8867
	19.4304 30.0333
	19.5266 30.1727
	20.209 31.1613
	20.9687 32.0916
	21.0758 32.2228
	21.9081 33.0895
	22.0254 33.2115
	22.152 33.3236
	23.0512 34.1202
	23.1865 34.2219
	24.1469 34.9437
	24.29 35.0341
	25.3053 35.6761
	26.3691 36.2345
	26.5189 36.3131
	26.6746 36.3795
	27.7798 36.8503
	28.9194 37.2308
	29.0799 37.2843
	29.244 37.3248
	30.4106 37.6124
	31.5963 37.8051
	31.7634 37.8322
	31.932 37.8458
	33.1296 37.9425
	34.3309 37.9425
	34.5003 37.9425
	34.669 37.9288
	35.8664 37.8322
	37.0517 37.6395
	37.2188 37.6125
	37.3836 37.5718
	37.9799 37.4248
	38.5499 37.2843
	39.6896 36.9039
	39.8499 36.8503
	40.0054 36.7841
	41.1108 36.3131
	42.1747 35.7548
	42.3246 35.676
	43.3397 35.0341
	43.4828 34.9437
	44.4433 34.2219
	44.5786 34.1202
	45.4778 33.3236
	45.6044 33.2114
	46.4365 32.3452
	46.5538 32.2231
	47.3136 31.2924
	47.3386 31.2618
	47.4208 31.1611
	48.1031 30.1727
	48.1993 30.0333
	48.2839 29.8867
	48.8846 28.8463
	49.3995 27.761
	49.4721 27.6082
	49.8982 26.4847
	49.9582 26.3263
	50.0052 26.164
	50.3394 25.0101
	50.5798 23.8332
	50.6137 23.6672

	64.1742 -5.5896
	64.1742 -15.1936
	64.1742 -42.0055
	49.6652 -42.0055
	8.1381 -42.0055
	8.1381 -15.1936
	8.1381 -5.5896
	22.6471 -5.5896
	64.1742 -5.5896

	70.7791 -0.1608
	70.7791 47.9424
	51.229 47.9424
	1.1258 47.9424
	-68.5276 47.9424
	-68.5276 -0.1608
	-68.5276 -48.2641
	-48.9775 -48.2641
	1.1258 -48.2641
	70.7791 -48.2641
	70.7791 -0.1608

	-3.9211 -36.0503
	-3.9211 -44.4295
	-13.9086 -44.4295
	-41.143 -44.4295
	-55.846 -44.4295
	-55.846 -10.5332
	-55.846 -2.1539
	-45.8586 -2.1539
	-3.9211 -2.1539
	-3.9211 -7.2077
	-3.9211 -36.0503

	-42.8878 5.5627
	-55.5824 5.5627
	-55.5824 15.6038
	-55.5824 41.7271
	-21.4985 41.7271
	-8.8038 41.7271
	-8.8038 15.6038
	-8.8038 5.5627
	-42.8878 5.5627

	51.6015 23.8277
	51.7512 22.5948
	51.7763 22.3868
	51.8264 21.1466
	51.8348 20.9372
	51.8264 20.7277
	51.7763 19.4871
	51.6268 18.2551
	51.6016 18.0469
	51.3531 16.83
	51.3112 16.6247
	50.9657 15.4321
	50.9074 15.2308
	50.4672 14.0702
	50.3929 13.8741
	50.303 13.6845
	49.7708 12.5629
	49.1499 11.4876
	49.0451 11.3061
	48.3397 10.284
	48.2205 10.1115
	47.436 9.15077
	47.3036 8.98828
	46.4426 8.09193
	46.2974 7.9409
	46.1409 7.80223
	45.2115 6.97885
	44.219 6.23301
	44.0515 6.10709
	43.0015 5.44311
	42.8243 5.33119
	41.7253 4.75429
	41.5397 4.65694
	40.3972 4.17014
	40.2043 4.0881
	39.0267 3.6949
	38.8279 3.62861
	37.6223 3.33138
	37.4187 3.28135
	37.2126 3.24782
	35.987 3.04857
	34.7495 2.9487
	34.5407 2.9318
	33.2989 2.9318
	33.0893 2.9318
	31.8515 3.0317
	31.6427 3.0486
	31.4359 3.0822
	30.2104 3.28144
	29.0046 3.57858
	28.8012 3.62879
	27.6232 4.02197
	27.4245 4.08843
	26.2825 4.57489
	26.0899 4.65702
	25.9044 4.75429
	24.805 5.33138
	24.6279 5.44331
	23.5783 6.10701
	22.5856 6.85304
	22.4182 6.97891
	21.4888 7.80219
	21.332 7.94113
	20.4718 8.83663
	20.3265 8.988
	20.194 9.15031
	19.4089 10.1118
	18.7036 11.1336
	18.5841 11.3067
	18.5093 11.4365
	18.4803 11.4867
	17.8589 12.5629
	17.3268 13.6845
	17.2369 13.8738
	16.7964 15.0353
	16.7222 15.2313
	16.664 15.4321
	16.3697 16.4479
	16.3185 16.6249
	16.0702 17.8412
	16.0283 18.0465
	15.8785 19.2794
	15.8534 19.4874
	15.8449 19.6965
	15.7949 20.9372
	15.8449 22.1778
	15.8534 22.3872
	16.003 23.62
	16.0284 23.8281
	16.0702 24.0331
	16.3185 25.2496
	16.664 26.4422
	16.7222 26.643
	16.7964 26.839
	17.2369 28.0004
	17.7692 29.1222
	17.859 29.3115
	18.4798 30.3867
	18.5846 30.5682
	18.7036 30.7407
	19.409 31.7625
	20.194 32.724
	20.3266 32.8864
	21.187 33.7823
	21.3323 33.9334
	21.4889 34.0721
	22.4182 34.8954
	22.5857 35.0213
	23.5784 35.7674
	23.7556 35.8794
	24.8049 36.5428
	25.9044 37.12
	26.0899 37.2173
	26.2826 37.2994
	27.4249 37.786
	28.6029 38.1794
	28.8016 38.2456
	29.0045 38.2957
	30.2104 38.593
	31.4359 38.7921
	31.6427 38.8257
	31.8515 38.8426
	33.0893 38.9425
	34.3309 38.9425
	34.5407 38.9425
	34.7495 38.9256
	35.987 38.8257
	37.2118 38.6266
	37.4188 38.5931
	37.623 38.5427
	38.2192 38.3958
	38.8283 38.2456
	40.0065 37.8523
	40.2048 37.786
	40.3972 37.7041
	41.5399 37.2173
	42.6396 36.6401
	42.8252 36.5426
	43.8741 35.8794
	44.0512 35.7674
	45.0441 35.0213
	45.2116 34.8954
	46.1409 34.0721
	46.2977 33.9332
	47.1575 33.0381
	47.3028 32.8869
	48.0883 31.9248
	48.1134 31.894
	48.221 31.7622
	48.9261 30.7407
	49.0451 30.5682
	49.1499 30.3867
	49.7708 29.3114
	50.303 28.1898
	50.3928 28.0005
	50.8333 26.839
	50.9075 26.643
	50.9657 26.4422
	51.3111 25.2497
	51.5596 24.0332
	51.6015 23.8277

	65.1742 -4.5896
	65.1742 -15.1936
	65.1742 -43.0055
	49.6652 -43.0055
	7.1381 -43.0055
	7.1381 -15.1936
	7.1381 -4.5896
	22.6471 -4.5896
	65.1742 -4.5896

	69.7791 -0.1608
	69.7791 46.9424
	51.229 46.9424
	1.1258 46.9424
	-67.5276 46.9424
	-67.5276 -0.1608
	-67.5276 -47.2641
	-48.9775 -47.2641
	1.1258 -47.2641
	69.7791 -47.2641
	69.7791 -0.1608

	-2.9211 -36.0503
	-2.9211 -45.4295
	-13.9086 -45.4295
	-41.143 -45.4295
	-56.846 -45.4295
	-56.846 -10.5332
	-56.846 -1.1539
	-45.8586 -1.1539
	-2.9211 -1.1539
	-2.9211 -7.2077
	-2.9211 -36.0503

	-42.8878 4.5627
	-56.5824 4.5627
	-56.5824 15.6038
	-56.5824 42.7271
	-21.4985 42.7271
	-7.8038 42.7271
	-7.8038 15.6038
	-7.8038 4.5627
	-42.8878 4.5627

	52.5894 23.9883
	52.7439 22.7151
	52.7739 22.4671
	52.8256 21.187
	52.8356 20.9372
	52.8256 20.6874
	52.7739 19.4066
	52.6195 18.1348
	52.5895 17.8865
	52.3329 16.63
	52.2829 16.3852
	51.9262 15.1538
	51.8567 14.9138
	51.4023 13.7157
	51.3137 13.4818
	51.2064 13.2558
	50.6569 12.0978
	50.0159 10.9875
	49.891 10.7712
	49.1625 9.71573
	49.0205 9.5101
	48.2109 8.51865
	48.053 8.32493
	47.1636 7.39904
	46.9906 7.219
	46.8041 7.05375
	45.8445 6.20362
	44.8198 5.43362
	44.6201 5.28349
	43.5358 4.59777
	43.3245 4.46434
	42.1899 3.86879
	41.9686 3.75271
	40.7889 3.25006
	40.559 3.15226
	39.3432 2.7463
	39.1061 2.66727
	37.8613 2.36037
	37.6187 2.30072
	37.3731 2.26079
	36.1077 2.05506
	34.8301 1.95195
	34.5811 1.9318
	33.2989 1.9318
	33.049 1.9318
	31.7709 2.03495
	31.5219 2.0551
	31.2754 2.09516
	30.0102 2.30085
	28.7652 2.60767
	28.5226 2.66753
	27.3063 3.07351
	27.0694 3.15275
	25.8905 3.65494
	25.6609 3.75283
	25.4398 3.86879
	24.3047 4.46463
	24.0936 4.59806
	23.0098 5.28336
	21.9848 6.05366
	21.7852 6.20372
	20.8257 7.05368
	20.6387 7.21935
	19.7506 8.14395
	19.5772 8.3245
	19.4193 8.51796
	18.6089 9.51054
	17.8806 10.5655
	17.738 10.7722
	17.6433 10.9364
	17.6145 10.9863
	16.9728 12.0978
	16.4233 13.2557
	16.3162 13.4814
	15.8613 14.6809
	15.7728 14.9146
	15.7035 15.1538
	15.4092 16.1698
	15.3467 16.3855
	15.0904 17.6412
	15.0405 17.886
	14.8858 19.159
	14.8558 19.407
	14.8457 19.6562
	14.7941 20.9372
	14.8457 22.2181
	14.8558 22.4677
	15.0103 23.7407
	15.0405 23.9888
	15.0904 24.2331
	15.3468 25.4891
	15.7035 26.7205
	15.7728 26.9597
	15.8613 27.1934
	16.3161 28.3927
	16.8657 29.551
	16.9729 29.7767
	17.6138 30.8868
	17.7387 31.1031
	17.8806 31.3088
	18.6089 32.3638
	19.4193 33.3563
	19.5773 33.5499
	20.466 34.4752
	20.6391 34.6553
	20.8257 34.8206
	21.7852 35.6706
	21.9848 35.8206
	23.01 36.5911
	23.2213 36.7246
	24.3045 37.4096
	25.4398 38.0055
	25.6609 38.1215
	25.8905 38.2194
	27.07 38.7218
	28.2865 39.128
	28.5232 39.2069
	28.7651 39.2666
	30.0102 39.5736
	31.2756 39.7792
	31.522 39.8192
	31.7709 39.8393
	33.049 39.9425
	34.3309 39.9425
	34.5811 39.9425
	34.8301 39.9223
	36.1077 39.8192
	37.3719 39.6137
	37.6187 39.5738
	37.8624 39.5137
	38.4586 39.3667
	39.1068 39.2069
	40.3233 38.8008
	40.5596 38.7218
	40.7889 38.6242
	41.9689 38.1215
	43.1045 37.5255
	43.3257 37.4092
	44.4085 36.7246
	44.6197 36.5911
	45.6449 35.8207
	45.8447 35.6705
	46.8041 34.8206
	46.991 34.6549
	47.8786 33.7309
	48.0518 33.5507
	48.8629 32.5572
	48.8881 32.5263
	49.0212 32.3633
	49.7491 31.3088
	49.891 31.1031
	50.0159 30.8868
	50.6569 29.7765
	51.2064 28.6185
	51.3135 28.3929
	51.7684 27.1934
	51.8569 26.9597
	51.9262 26.7205
	52.2829 25.4892
	52.5394 24.2333
	52.5894 23.9883

	66.1742 -3.5896
	66.1742 -15.1936
	66.1742 -44.0055
	49.6652 -44.0055
	6.1381 -44.0055
	6.1381 -15.1936
	6.1381 -3.5896
	22.6471 -3.5896
	66.1742 -3.5896

	68.7791 -0.1608
	68.7791 45.9424
	51.229 45.9424
	1.1258 45.9424
	-66.5276 45.9424
	-66.5276 -0.1608
	-66.5276 -46.2641
	-57.846 -46.2641
	-57.846 -10.5332
	-57.846 -0.1539
	-45.8586 -0.1539
	-1.9211 -0.1539
	-1.9211 -7.2077
	-1.9211 -36.0503
	-1.9211 -46.2641
	1.1258 -46.2641
	68.7791 -46.2641
	68.7791 -0.1608

	-42.8878 3.5627
	-57.5824 3.5627
	-57.5824 15.6038
	-57.5824 43.7271
	-21.4985 43.7271
	-6.8038 43.7271
	-6.8038 15.6038
	-6.8038 3.5627
	-42.8878 3.5627

	53.5772 24.1488
	53.7366 22.8354
	53.7715 22.5475
	53.8247 21.2273
	53.8365 20.9373
	53.8247 20.6471
	53.7715 19.3261
	53.6122 18.0145
	53.5774 17.7261
	53.3126 16.4299
	53.2546 16.1457
	52.8867 14.8755
	52.806 14.5968
	52.3374 13.3612
	52.2344 13.0896
	52.1098 12.827
	51.5431 11.6327
	50.882 10.4875
	50.7369 10.2362
	49.9854 9.14751
	49.8204 8.9087
	48.9858 7.88654
	48.8024 7.66157
	47.8847 6.70616
	47.6837 6.4971
	47.4672 6.30527
	46.4775 5.42839
	45.4206 4.63422
	45.1887 4.45989
	44.07 3.75243
	43.8247 3.59749
	42.6545 2.98328
	42.3975 2.84848
	41.1806 2.32999
	40.9137 2.21641
	39.6597 1.7977
	39.3844 1.70593
	38.1004 1.38936
	37.8186 1.3201
	37.5335 1.27375
	36.2283 1.06154
	34.9106 0.9552
	34.6215 0.9318
	33.2989 0.9318
	33.0088 0.9318
	31.6904 1.0382
	31.4012 1.0616
	31.115 1.10811
	29.81 1.32027
	28.5257 1.63676
	28.244 1.70628
	26.9895 2.12505
	26.7143 2.21707
	25.4985 2.73499
	25.2319 2.84864
	24.9752 2.98328
	23.8043 3.59787
	23.5592 3.75282
	22.4412 4.45972
	21.384 5.25428
	21.1522 5.42853
	20.1626 6.30517
	19.9454 6.49756
	19.0293 7.45127
	18.8279 7.661
	18.6447 7.88561
	17.8088 8.90929
	17.0577 9.99746
	16.8919 10.2376
	16.7774 10.4363
	16.7487 10.4858
	16.0866 11.6327
	15.5199 12.827
	15.3955 13.0891
	14.9262 14.3266
	14.8234 14.5979
	14.743 14.8755
	14.4486 15.8916
	14.375 16.1461
	14.1106 17.4412
	14.0526 17.7254
	13.8931 19.0386
	13.8582 19.3266
	13.8466 19.6159
	13.7932 20.9372
	13.8466 22.2584
	13.8582 22.5482
	14.0176 23.8614
	14.0527 24.1495
	14.1106 24.4331
	14.3751 25.7286
	14.743 26.9988
	14.8234 27.2764
	14.9262 27.5477
	15.3954 28.785
	15.9623 29.9797
	16.0867 30.2418
	16.7478 31.3868
	16.8928 31.6381
	17.0577 31.8768
	17.8088 32.965
	18.6447 33.9887
	18.8281 34.2135
	19.7449 35.168
	19.946 35.3772
	20.1626 35.5691
	21.1522 36.4458
	21.384 36.62
	22.4415 37.4148
	22.6869 37.5699
	23.804 38.2763
	24.9751 38.891
	25.2319 39.0257
	25.4985 39.1393
	26.7151 39.6576
	27.97 40.0766
	28.2448 40.1682
	28.5256 40.2375
	29.81 40.5541
	31.1152 40.7662
	31.4013 40.8127
	31.6904 40.8361
	33.0087 40.9425
	34.3309 40.9425
	34.6215 40.9425
	34.9107 40.9191
	36.2283 40.8128
	37.532 40.6008
	37.8186 40.5544
	38.1018 40.4846
	38.698 40.3376
	39.3852 40.1682
	40.6402 39.7493
	40.9145 39.6575
	41.1807 39.5443
	42.3979 39.0256
	43.5694 38.4108
	43.8263 38.2759
	44.9428 37.5699
	45.1881 37.4148
	46.2457 36.6201
	46.4777 36.4457
	47.4672 35.569
	47.6843 35.3767
	48.5996 34.4238
	48.8008 34.2145
	49.6376 33.1896
	49.6629 33.1586
	49.8214 32.9643
	50.5721 31.8768
	50.7369 31.638
	50.882 31.3868
	51.5431 30.2416
	52.1098 29.0473
	52.2342 28.7852
	52.7035 27.5477
	52.8063 27.2764
	52.8867 26.9988
	53.2546 25.7288
	53.5191 24.4333
	53.5772 24.1488

	67.1742 -2.5896
	67.1742 -15.1936
	67.1742 -45.0055
	49.6652 -45.0055
	5.1381 -45.0055
	5.1381 -15.1936
	5.1381 -2.5896
	22.6471 -2.5896
	67.1742 -2.5896

	67.7791 -0.1608
	67.7791 44.9424
	51.229 44.9424
	1.1258 44.9424
	-65.5276 44.9424
	-65.5276 -0.1608
	-65.5276 -45.2641
	-58.846 -45.2641
	-58.846 -10.5332
	-58.846 0.8461
	-45.8586 0.8461
	-0.9211 0.8461
	-0.9211 -7.2077
	-0.9211 -36.0503
	-0.9211 -45.2641
	1.1258 -45.2641
	4.1381 -45.2641
	4.1381 -15.1936
	4.1381 -1.5896
	22.6471 -1.5896
	67.7791 -1.5896
	67.7791 -0.1608

	-42.8878 2.5627
	-58.5824 2.5627
	-58.5824 15.6038
	-58.5824 44.7271
	-21.4985 44.7271
	-5.8038 44.7271
	-5.8038 15.6038
	-5.8038 2.5627
	-42.8878 2.5627

	54.5651 24.3093
	54.7294 22.9558
	54.7691 22.6278
	54.8239 21.2676
	54.8373 20.9373
	54.8239 20.6068
	54.769 19.2455
	54.605 17.8942
	54.5653 17.5658
	54.2924 16.2299
	54.2264 15.9062
	53.8472 14.5973
	53.7553 14.2799
	53.2724 13.0067
	53.1552 12.6974
	53.0132 12.3983
	52.4293 11.1677
	51.748 9.98751
	51.5827 9.70133
	50.8083 8.57929
	50.6204 8.3073
	49.7607 7.25442
	49.5519 6.99821
	48.6057 6.01327
	48.3769 5.7752
	48.1304 5.55679
	47.1104 4.65316
	46.0214 3.83483
	45.7573 3.63628
	44.6042 2.90708
	44.3248 2.73063
	43.1192 2.09778
	42.8265 1.94425
	41.5724 1.40991
	41.2683 1.28056
	39.9762 0.849096
	39.6626 0.744583
	38.3394 0.418351
	38.0185 0.339472
	37.694 0.286709
	36.349 0.0680303
	34.9912 -0.0415497
	34.6619 -0.0682001
	33.2989 -0.0682001
	32.9685 -0.0682001
	31.6098 0.0414502
	31.2805 0.0681032
	30.9546 0.12106
	29.6098 0.339689
	28.2863 0.665848
	27.9655 0.745022
	26.6726 1.17658
	26.3592 1.28138
	25.1065 1.81503
	24.8029 1.94445
	24.5105 2.09778
	23.304 2.73111
	23.0248 2.90757
	21.8727 3.63607
	20.7832 4.4549
	20.5192 4.65333
	19.4995 5.55666
	19.2522 5.77578
	18.3081 6.75858
	18.0787 6.9975
	17.87 7.25327
	17.0087 8.30804
	16.2347 9.4294
	16.0458 9.70299
	15.9115 9.93614
	15.8829 9.9854
	15.2004 11.1677
	14.6165 12.3982
	14.4748 12.6967
	13.9911 13.9722
	13.8741 14.2812
	13.7825 14.5972
	13.4881 15.6135
	13.4032 15.9066
	13.1308 17.2412
	13.0648 17.5649
	12.9004 18.9182
	12.8606 19.2462
	12.8474 19.5756
	12.7924 20.9372
	12.8474 22.2987
	12.8607 22.6288
	13.025 23.9821
	13.0649 24.3102
	13.1308 24.6331
	13.4033 25.9681
	13.7825 27.277
	13.8741 27.5931
	13.9911 27.9021
	14.4747 29.1773
	15.0589 30.4085
	15.2006 30.707
	15.8817 31.8868
	16.047 32.173
	16.2347 32.4449
	17.0087 33.5663
	17.87 34.621
	18.0789 34.877
	19.0238 35.8609
	19.2528 36.0991
	19.4995 36.3176
	20.5192 37.221
	20.7832 37.4194
	21.873 38.2384
	22.1525 38.4151
	23.3036 39.143
	24.5105 39.7765
	24.8029 39.9298
	25.1065 40.0593
	26.3603 40.5934
	27.6535 41.0252
	27.9665 41.1295
	28.2861 41.2084
	29.6098 41.5347
	30.9548 41.7533
	31.2806 41.8062
	31.6098 41.8328
	32.9685 41.9425
	34.3309 41.9425
	34.662 41.9425
	34.9912 41.9158
	36.349 41.8063
	37.6921 41.5879
	38.0186 41.5351
	38.3412 41.4555
	38.9374 41.3085
	39.6637 41.1295
	40.9571 40.6977
	41.2694 40.5933
	41.5724 40.4644
	42.827 39.9298
	44.0343 39.2962
	44.3269 39.1425
	45.4772 38.4151
	45.7566 38.2385
	46.8465 37.4195
	47.1107 37.2209
	48.1304 36.3175
	48.3776 36.0985
	49.3207 35.1167
	49.5498 34.8783
	50.4122 33.822
	50.4376 33.7908
	50.6216 33.5654
	51.395 32.4449
	51.5827 32.1729
	51.748 31.8868
	52.4293 30.7066
	53.0132 29.476
	53.1549 29.1776
	53.6386 27.9021
	53.7556 27.5931
	53.8472 27.277
	54.2263 25.9683
	54.4989 24.6334
	54.5651 24.3093

	66.7791 -0.1608
	66.7791 43.9424
	51.229 43.9424
	1.1258 43.9424
	-4.8038 43.9424
	-4.8038 15.6038
	-4.8038 1.8461
	0.0788999 1.8461
	0.0788999 -7.2077
	0.0788999 -36.0503
	0.0788999 -44.2641
	1.1258 -44.2641
	3.1381 -44.2641
	3.1381 -15.1936
	3.1381 -0.5896
	22.6471 -0.5896
	29.2015 -0.5896
	28.0468 -0.305062
	27.6869 -0.216233
	26.3557 0.22812
	26.0041 0.345701
	24.7144 0.895078
	24.3739 1.04026
	24.0459 1.21227
	22.8036 1.86435
	22.4904 2.06232
	21.3042 2.81243
	20.1823 3.65552
	19.8862 3.87814
	18.8363 4.80816
	18.5589 5.054
	17.5869 6.0659
	17.3294 6.33401
	17.0953 6.62092
	16.2086 7.70679
	15.4117 8.86133
	15.1997 9.1684
	15.0455 9.43601
	15.0172 9.48496
	14.3142 10.7026
	13.7131 11.9695
	13.5541 12.3043
	13.0559 13.6178
	12.9247 13.9645
	12.822 14.319
	12.5276 15.3354
	12.4315 15.6672
	12.151 17.0412
	12.0769 17.4043
	11.9076 18.7978
	11.8631 19.1658
	11.8482 19.5353
	11.7916 20.9372
	11.8482 22.3391
	11.8631 22.7093
	12.0323 24.1028
	12.0771 24.4709
	12.151 24.8331
	12.4316 26.2076
	12.822 27.5553
	12.9247 27.9098
	13.0559 28.2564
	13.554 29.5695
	14.1555 30.8372
	14.3144 31.1721
	15.0157 32.3868
	15.2011 32.7079
	15.4117 33.013
	16.2087 34.1675
	17.0953 35.2534
	17.3297 35.5406
	18.3027 36.5537
	18.5597 36.821
	18.8364 37.0662
	19.8862 37.9962
	20.1824 38.2188
	21.3045 39.0621
	21.6181 39.2604
	22.8032 40.0097
	24.0459 40.662
	24.3738 40.834
	24.7145 40.9792
	26.0054 41.5291
	27.337 41.9738
	27.6881 42.0908
	28.0466 42.1793
	29.4096 42.5153
	30.7944 42.7403
	31.1598 42.7997
	31.5293 42.8296
	32.9282 42.9425
	34.3309 42.9425
	34.7024 42.9425
	35.0718 42.9126
	36.4696 42.7998
	37.8522 42.575
	38.2185 42.5157
	38.5806 42.4264
	39.1767 42.2795
	39.9421 42.0908
	41.274 41.6462
	41.6243 41.529
	41.9641 41.3845
	43.256 40.834
	44.4992 40.1816
	44.8275 40.0091
	46.0116 39.2603
	46.3251 39.0622
	47.4473 38.2189
	47.7437 37.9961
	48.7935 37.066
	49.0709 36.8203
	50.0417 35.8096
	50.2988 35.5421
	51.1869 34.4544
	51.2124 34.4231
	51.4217 34.1665
	52.218 33.013
	52.4286 32.7078
	52.614 32.3868
	53.3155 31.1717
	53.9167 29.9048
	54.0756 29.5699
	54.5738 28.2564
	54.705 27.9098
	54.8077 27.5553
	55.198 26.2079
	55.4787 24.8334
	55.5529 24.4698
	55.7221 23.0761
	55.7666 22.7081
	55.8231 21.3079
	55.8381 20.9373
	55.8231 20.5665
	55.7666 19.165
	55.5977 17.7738
	55.5531 17.4054
	55.2722 16.0298
	55.1981 15.6667
	54.8077 14.319
	54.7046 13.9629
	54.2075 12.6523
	54.076 12.3052
	53.9167 11.9695
	53.3155 10.7026
	52.614 9.48749
	52.4286 9.16642
	51.6312 8.01107
	51.4203 7.70589
	50.5355 6.6223
	50.3013 6.33486
	49.3268 5.32039
	49.07 5.0533
	48.7935 4.8083
	47.7434 3.87794
	46.6222 3.03543
	46.3259 2.81268
	45.1384 2.06174
	44.825 1.86378
	43.5838 1.21227
	43.2554 1.04002
	41.9641 0.489828
	41.623 0.344711
	40.2927 -0.0995046
	39.9409 -0.216761
	38.5784 -0.552659
	38.4282 -0.5896
	66.7791 -0.5896
	66.7791 -0.1608

	-64.5276 43.9424
	-64.5276 -0.1608
	-64.5276 -44.2641
	-59.846 -44.2641
	-59.846 -10.5332
	-59.846 1.8461
	-59.5824 1.8461
	-59.5824 15.6038
	-59.5824 43.9424
	-64.5276 43.9424

	65.7791 42.9424
	51.229 42.9424
	40.5491 42.9424
	41.5909 42.5947
	41.9792 42.4648
	42.3559 42.3045
	43.6851 41.7382
	44.9641 41.0669
	45.3281 40.8757
	46.546 40.1056
	46.8935 39.8859
	48.0481 39.0183
	48.3768 38.7712
	49.4567 37.8145
	49.7641 37.5421
	50.7628 36.5024
	51.0479 36.2059
	51.9615 35.0868
	51.9871 35.0554
	52.2219 34.7676
	53.041 33.581
	53.2745 33.2428
	53.48 32.8868
	54.2017 31.6368
	54.8201 30.3335
	54.9963 29.9623
	55.5089 28.6108
	55.6544 28.2265
	55.7682 27.8335
	56.1697 26.4474
	56.4585 25.0334
	56.5408 24.6303
	56.7149 23.1964
	56.7642 22.7885
	56.8223 21.3483
	56.8389 20.9373
	56.8223 20.5262
	56.7642 19.0844
	56.5905 17.6535
	56.541 17.245
	56.252 15.8298
	56.1698 15.4272
	55.7682 14.0408
	55.6538 13.646
	55.1426 12.2978
	54.9967 11.913
	54.8201 11.5408
	54.2017 10.2375
	53.48 8.98747
	53.2745 8.63151
	52.454 7.44284
	52.2203 7.10449
	51.3104 5.99019
	51.0507 5.6715
	50.0478 4.6275
	49.7632 4.3314
	49.4567 4.05982
	48.3764 3.10271
	47.223 2.23604
	46.8945 1.98908
	45.6727 1.2164
	45.3251 0.996924
	44.2077 0.4104
	65.7791 0.4104
	65.7791 42.9424

	1.1258 42.9424
	-3.8038 42.9424
	-3.8038 15.6038
	-3.8038 2.8461
	1.0789 2.8461
	1.0789 -7.2077
	1.0789 -36.0503
	1.0789 -43.2641
	1.1258 -43.2641
	2.1381 -43.2641
	2.1381 -15.1936
	2.1381 0.4104
	23.422 0.4104
	22.3033 0.997594
	21.9561 1.21708
	20.7356 1.98878
	19.5815 2.85614
	19.2532 3.10295
	18.1732 4.05965
	17.8656 4.33221
	16.8656 5.37322
	16.5801 5.67051
	16.3206 5.98857
	15.4086 7.10554
	14.5887 8.29327
	14.3536 8.63382
	14.1796 8.93588
	14.1514 8.98452
	13.428 10.2375
	12.8096 11.5407
	12.6334 11.912
	12.1208 13.2635
	11.9753 13.6478
	11.8615 14.0407
	11.567 15.0572
	11.4597 15.4278
	11.1712 16.8412
	11.0891 17.2438
	10.9149 18.6774
	10.8655 19.0854
	10.849 19.495
	10.7908 20.9372
	10.849 22.3794
	10.8655 22.7898
	11.0396 24.2235
	11.0893 24.6316
	11.1712 25.0331
	11.4599 26.4471
	11.8615 27.8335
	11.9753 28.2265
	12.1208 28.6108
	12.6332 29.9618
	13.252 31.266
	13.4283 31.6373
	14.1497 32.8869
	14.3552 33.2428
	14.5887 33.581
	15.4086 34.7688
	16.3206 35.8857
	16.5804 36.2041
	17.5817 37.2466
	17.8665 37.5429
	18.1732 37.8147
	19.2532 38.7714
	19.5815 39.0182
	20.736 39.8858
	21.0837 40.1056
	22.3028 40.8765
	23.5812 41.5475
	23.9448 41.7382
	24.3225 41.8992
	25.6505 42.4649
	27.0205 42.9224
	27.0806 42.9424
	1.1258 42.9424

	64.7791 41.9424
	51.229 41.9424
	45.4479 41.9424
	45.8286 41.7423
	47.0804 40.9508
	47.462 40.7096
	48.6489 39.8177
	49.0098 39.5464
	50.1198 38.563
	50.4574 38.2638
	51.4838 37.1953
	51.7969 36.8697
	52.7361 35.7192
	52.7619 35.6876
	53.0221 35.3687
	53.864 34.1491
	54.1204 33.7777
	54.346 33.3868
	55.0878 32.1019
	55.7235 30.7623
	55.917 30.3546
	56.444 28.9652
	56.6037 28.5432
	56.7287 28.1118
	57.1415 26.6869
	57.4383 25.2335
	57.5286 24.7908
	57.7076 23.3167
	57.7618 22.8688
	57.8215 21.3886
	57.8397 20.9373
	57.8215 20.4859
	57.7617 19.0039
	57.5832 17.5332
	57.5289 17.0847
	57.2318 15.6297
	57.1416 15.1877
	56.7287 13.7625
	56.6031 13.329
	56.0776 11.9433
	55.9175 11.5207
	55.7235 11.112
	55.0878 9.77239
	54.346 8.48746
	54.1203 8.09659
	53.2769 6.87462
	53.0202 6.50309
	52.0853 5.35807
	51.8001 5.00814
	50.7689 3.93462
	50.4563 3.6095
	50.1198 3.31134
	49.0093 2.32748
	47.8238 1.43664
	47.7889 1.4104
	64.7791 1.4104
	64.7791 41.9424

	63.7791 40.9424
	51.229 40.9424
	48.8168 40.9424
	49.2497 40.6171
	49.6428 40.3216
	50.783 39.3115
	51.1507 38.9856
	52.2049 37.8882
	52.5459 37.5335
	53.5108 36.3516
	53.5366 36.3199
	53.8223 35.9698
	54.687 34.7171
	54.9662 34.3126
	55.212 33.8869
	55.974 32.567
	56.6269 31.191
	56.8377 30.747
	57.3791 29.3195
	57.5531 28.8599
	57.6892 28.3901
	58.1132 26.9265
	58.4181 25.4335
	58.5165 24.9514
	58.7003 23.437
	58.7594 22.9492
	58.8207 21.4289
	58.8405 20.9373
	58.8207 20.4455
	58.7593 18.9234
	58.5759 17.4129
	58.5168 16.9243
	58.2116 15.4297
	58.1133 14.9482
	57.6892 13.4842
	57.5524 13.012
	57.0127 11.5889
	56.8383 11.1285
	56.6269 10.6833
	55.974 9.3073
	55.212 7.98744
	54.9662 7.56168
	54.0998 6.3064
	53.8202 5.90169
	52.8602 4.72595
	52.5495 4.34478
	51.4899 3.24173
	51.1495 2.8876
	50.783 2.56286
	50.6109 2.4104
	63.7791 2.4104
	63.7791 40.9424

	62.7791 39.9424
	51.5788 39.9424
	51.844 39.7074
	52.9259 38.5811
	53.2949 38.1973
	54.2854 36.984
	54.3114 36.9522
	54.6225 36.5709
	55.51 35.2852
	55.8121 34.8475
	56.078 34.3869
	56.8602 33.0321
	57.5304 31.6197
	57.7584 31.1393
	58.3142 29.6739
	58.5025 29.1766
	58.6497 28.6683
	59.0849 27.166
	59.3979 25.6336
	59.5044 25.1119
	59.6931 23.5573
	59.7569 23.0295
	59.8199 21.4692
	59.8413 20.9374
	59.8199 20.4052
	59.7568 18.8428
	59.5687 17.2926
	59.5047 16.7639
	59.1914 15.2296
	59.085 14.7087
	58.6497 13.206
	58.5017 12.6951
	57.9478 11.2344
	57.759 10.7363
	57.5304 10.2545
	56.8602 8.84221
	56.0781 7.48742
	55.8121 7.02676
	54.9227 5.73818
	54.6201 5.30029
	53.635 4.09384
	53.2989 3.68143
	53.0386 3.4104
	62.7791 3.4104
	62.7791 39.9424

	61.7791 38.9424
	53.9657 38.9424
	54.0439 38.8611
	55.0601 37.6164
	55.0861 37.5844
	55.4227 37.1719
	56.333 35.8533
	56.658 35.3824
	56.9441 34.8869
	57.7464 33.4972
	58.4338 32.0485
	58.6791 31.5317
	59.2493 30.0282
	59.4518 29.4933
	59.6103 28.9466
	60.0566 27.4056
	60.3776 25.8336
	60.4922 25.2724
	60.6858 23.6776
	60.7545 23.1099
	60.8191 21.5095
	60.8422 20.9374
	60.8191 20.3649
	60.7544 18.7623
	60.5614 17.1723
	60.4926 16.6036
	60.1711 15.0296
	60.0567 14.4692
	59.6103 12.9277
	59.451 12.3781
	58.8828 10.8799
	58.6798 10.3441
	58.4338 9.82579
	57.7464 8.37712
	56.9441 6.9874
	56.6579 6.49185
	55.7455 5.16995
	55.4201 4.69889
	55.1845 4.4104
	61.7791 4.4104
	61.7791 38.9424

	60.7791 13.3687
	60.5708 12.6494
	60.4003 12.0611
	59.8179 10.5254
	59.6006 9.95186
	59.3372 9.39705
	58.6326 7.91203
	57.8101 6.48739
	57.5038 5.95694
	57.1266 5.4104
	60.7791 5.4104
	60.7791 13.3687

	60.7791 37.9424
	56.0847 37.9424
	56.2229 37.773
	57.156 36.4213
	57.5038 35.9173
	57.8101 35.3869
	58.6326 33.9623
	59.3372 32.4772
	59.5998 31.924
	60.1844 30.3826
	60.4012 29.81
	60.5708 29.2249
	60.7791 28.5056
	60.7791 37.9424

	59.7791 7.99563
	59.5187 7.44694
	58.9203 6.4104
	59.7791 6.4104
	59.7791 7.99563

	59.7791 36.9424
	58.0114 36.9424
	58.3497 36.4522
	58.6761 35.8869
	59.5187 34.4274
	59.7791 33.8787
	59.7791 36.9424

	1.1258 41.9424
	-2.8038 41.9424
	-2.8038 15.6038
	-2.8038 3.8461
	2.0789 3.8461
	2.0789 1.4104
	19.8407 1.4104
	18.9807 2.05676
	18.6202 2.32775
	17.5101 3.31114
	17.1723 3.61043
	16.1444 4.68053
	15.8309 5.00701
	15.5459 5.35623
	14.6085 6.50428
	13.7657 7.72521
	13.5076 8.09924
	13.3136 8.43575
	13.2856 8.48407
	12.5419 9.77239
	11.9062 11.112
	11.7127 11.5196
	11.1857 12.9091
	11.026 13.3311
	10.901 13.7624
	10.6065 14.7791
	10.488 15.1884
	10.1914 16.6412
	10.1012 17.0832
	9.9222 18.557
	9.86794 19.005
	9.8498 19.4546
	9.78999 20.9372
	9.8498 22.4197
	9.86798 22.8704
	10.0469 24.3442
	10.1015 24.7923
	10.1914 25.2331
	10.4881 26.6866
	10.901 28.1118
	11.026 28.5432
	11.1857 28.9652
	11.7125 30.3541
	12.3486 31.6947
	12.5421 32.1024
	13.2837 33.3869
	13.5094 33.7777
	13.7657 34.1491
	14.6085 35.37
	15.5459 36.5181
	15.8312 36.8677
	16.8606 37.9394
	17.1734 38.2648
	17.5101 38.5632
	18.6202 39.5465
	18.9807 39.8175
	20.1676 40.7095
	20.5493 40.9508
	21.8024 41.7432
	22.1819 41.9424
	1.1258 41.9424

	1.1258 40.9424
	-1.8038 40.9424
	-1.8038 15.6038
	-1.8038 4.8461
	3.0789 4.8461
	3.0789 2.4104
	17.0188 2.4104
	16.847 2.56263
	16.479 2.88865
	15.4231 3.98785
	15.0816 4.34351
	14.7712 4.72388
	13.8084 5.90303
	12.9427 7.15715
	12.6615 7.56466
	12.4477 7.93562
	12.4199 7.98363
	11.6557 9.3073
	11.0028 10.6832
	10.792 11.1273
	10.2506 12.5548
	10.0766 13.0144
	9.94048 13.4841
	9.64594 14.5009
	9.51624 14.949
	9.21164 16.4412
	9.11336 16.9227
	8.92947 18.4366
	8.87037 18.9247
	8.85061 19.4143
	8.78918 20.9372
	8.85061 22.46
	8.87042 22.9509
	9.05419 24.4649
	9.11364 24.953
	9.21164 25.4331
	9.51641 26.9261
	9.94046 28.3901
	10.0766 28.8599
	10.2506 29.3195
	10.7918 30.7464
	11.4452 32.1235
	11.656 32.5676
	12.4177 33.8869
	12.6635 34.3126
	12.9427 34.7171
	13.8084 35.9713
	14.7712 37.1504
	15.082 37.5312
	16.1395 38.6323
	16.4802 38.9867
	16.847 39.3117
	17.9872 40.3217
	18.3799 40.6169
	18.813 40.9424
	1.1258 40.9424

	1.1258 39.9424
	-0.8038 39.9424
	-0.8038 15.6038
	-0.8038 5.8461
	4.0789 5.8461
	4.0789 3.4104
	14.5912 3.4104
	14.3323 3.68001
	13.9965 4.09154
	13.0083 5.30178
	12.1197 6.58909
	11.8154 7.03007
	11.5817 7.43548
	11.5541 7.48319
	10.7695 8.84222
	10.0994 10.2545
	9.87133 10.7349
	9.3155 12.2004
	9.12724 12.6977
	8.97998 13.2059
	8.6854 14.2228
	8.54449 14.7096
	8.23184 16.2412
	8.12551 16.7621
	7.93675 18.3162
	7.8728 18.8443
	7.85143 19.374
	7.78836 20.9372
	7.85143 22.5003
	7.87285 23.0314
	8.0615 24.5856
	8.12582 25.1137
	8.23184 25.6331
	8.54468 27.1656
	8.97995 28.6683
	9.12723 29.1766
	9.3155 29.6739
	9.87107 31.1387
	10.5418 32.5522
	10.7699 33.0327
	11.5517 34.3869
	11.8176 34.8475
	12.1197 35.2852
	13.0084 36.5725
	13.9965 37.7828
	14.3328 38.1948
	15.4184 39.3252
	15.787 39.7086
	16.0509 39.9424
	1.1258 39.9424

	1.1258 38.9424
	0.1962 38.9424
	0.1962 15.6038
	0.1962 6.8461
	5.0789 6.8461
	5.0789 4.4104
	12.4452 4.4104
	12.2083 4.70053
	11.2967 6.02103
	10.9693 6.49549
	10.7158 6.93535
	10.6883 6.98275
	9.88331 8.37713
	9.19596 9.82573
	8.95063 10.3425
	8.3804 11.8461
	8.17787 12.3809
	8.01948 12.9276
	7.72486 13.9446
	7.57274 14.4702
	7.25205 16.0412
	7.13766 16.6016
	6.94402 18.1958
	6.87523 18.7639
	6.85224 19.3337
	6.78755 20.9372
	6.85224 22.5406
	6.87529 23.112
	7.06881 24.7063
	7.138 25.2744
	7.25205 25.8331
	7.57295 27.4051
	8.01945 28.9466
	8.17787 29.4933
	8.38039 30.0282
	8.95035 31.531
	9.63835 32.981
	9.88371 33.4979
	10.6857 34.887
	10.9718 35.3824
	11.2967 35.8533
	12.2083 37.1738
	13.2219 38.4151
	13.5835 38.8583
	13.6643 38.9424
	1.1258 38.9424

	1.1962 37.9424
	1.1962 15.6038
	1.1962 7.8461
	6.0789 7.8461
	6.0789 5.4104
	10.5031 5.4104
	10.4738 5.45297
	10.1232 5.96091
	9.8498 6.43522
	9.82255 6.48231
	8.99713 7.91204
	8.29253 9.39697
	8.02994 9.95019
	7.44529 11.4917
	7.2285 12.0642
	7.05897 12.6493
	6.76432 13.6665
	6.60099 14.2308
	6.27225 15.8412
	6.14981 16.441
	5.9513 18.0754
	5.87765 18.6835
	5.85305 19.2934
	5.78674 20.9372
	5.85305 22.5809
	5.87772 23.1925
	6.07612 24.8269
	6.15018 25.4351
	6.27225 26.0331
	6.60121 27.6446
	7.05894 29.2249
	7.2285 29.81
	7.44528 30.3826
	8.02962 31.9233
	8.73493 33.4097
	8.99756 33.963
	9.81965 35.387
	10.1259 35.9174
	10.4738 36.4213
	11.4082 37.775
	11.5449 37.9424
	1.1962 37.9424

	2.1962 36.9424
	2.1962 15.6038
	2.1962 8.8461
	7.0789 8.8461
	7.0789 6.4104
	8.70938 6.4104
	8.11095 7.44695
	7.38911 8.96822
	7.10924 9.55783
	6.51018 11.1373
	6.27914 11.7475
	6.09847 12.3711
	5.80378 13.3884
	5.62924 13.9914
	5.29246 15.6412
	5.16196 16.2805
	4.95857 17.955
	4.88008 18.6031
	4.85386 19.2531
	4.78592 20.9372
	4.85387 22.6212
	4.88016 23.273
	5.08343 24.9476
	5.16237 25.5958
	5.29246 26.2331
	5.62948 27.8841
	6.09844 29.5031
	6.27913 30.1267
	6.51017 30.737
	7.1089 32.3156
	7.8315 33.8385
	8.11142 34.4282
	8.95364 35.887
	9.28005 36.4523
	9.61834 36.9424
	2.1962 36.9424

	3.1962 35.9424
	3.1962 15.6038
	3.1962 9.8461
	5.9304 9.8461
	5.57507 10.783
	5.32977 11.4308
	5.13797 12.0928
	4.84324 13.1102
	4.65749 13.752
	4.31266 15.4412
	4.17411 16.1199
	3.96585 17.8346
	3.88251 18.5227
	3.85468 19.2128
	3.78511 20.9372
	3.85468 22.6615
	3.88259 23.3536
	4.09075 25.0683
	4.17455 25.7565
	4.31266 26.4331
	4.65775 28.1236
	5.13793 29.7814
	5.32977 30.4435
	5.57506 31.0913
	6.18818 32.7079
	6.92808 34.2672
	7.22527 34.8933
	7.83094 35.9424
	3.1962 35.9424

	4.1962 34.9424
	4.1962 30.1244
	4.3804 30.7602
	4.63995 31.4457
	5.26745 33.1002
	6.02466 34.696
	6.14164 34.9424
	4.1962 34.9424

	4.1962 10.8461
	4.48189 10.8461
	4.3804 11.1141
	4.1962 11.7499
	4.1962 10.8461

	-63.5276 42.9424
	-63.5276 -0.1608
	-63.5276 -43.2641
	-60.846 -43.2641
	-60.846 -10.5332
	-60.846 2.8461
	-60.5824 2.8461
	-60.5824 15.6038
	-60.5824 42.9424
	-63.5276 42.9424

	-62.5276 41.9424
	-62.5276 -0.1608
	-62.5276 -42.2641
	-61.846 -42.2641
	-61.846 -10.5332
	-61.846 3.8461
	-61.5824 3.8461
	-61.5824 15.6038
	-61.5824 41.9424
	-62.5276 41.9424

