-7.0952
-6.8324
-6.5696
	-38.9963 -199.5
	-39.4294 -199.5
	-39.4294 -202.491
	-39.4294 -203.67
	-38.9963 -203.67
	-38.9963 -199.5

-6.3069
	-38.9963 -199.5
	-39.8959 -199.5
	-39.8959 -202.264
	-39.8959 -203.67
	-38.9963 -203.67
	-38.9963 -199.5

-6.0441
	-38.9963 -203.568
	-38.9963 -199.5
	-40.3625 -199.5
	-40.3625 -202.038
	-40.3625 -203.67
	-38.9963 -203.67
	-38.9963 -203.568

-5.7813
	-38.9963 -203.348
	-38.9963 -199.5
	-40.829 -199.5
	-40.829 -201.811
	-40.829 -203.67
	-38.9963 -203.67
	-38.9963 -203.348

-5.5185
	-38.9963 -203.128
	-38.9963 -199.5
	-41.2956 -199.5
	-41.2956 -201.585
	-41.2956 -203.67
	-38.9963 -203.67
	-38.9963 -203.128

	-39.9963 -200.5
	-40.2956 -200.5
	-40.2956 -201.585
	-40.2956 -202.67
	-39.9963 -202.67
	-39.9963 -200.5

-5.2557
	-38.9963 -202.907
	-38.9963 -199.5
	-41.7621 -199.5
	-41.7621 -201.359
	-41.7621 -203.67
	-38.9963 -203.67
	-38.9963 -202.907

	-39.9963 -200.5
	-40.7621 -200.5
	-40.7621 -201.359
	-40.7621 -202.67
	-39.9963 -202.67
	-39.9963 -200.5

-4.9929
	-38.9963 -203.67
	-38.9963 -202.687
	-38.9963 -199.5
	-44.2628 -199.5
	-44.2628 -201.132
	-44.2628 -203.67
	-38.9963 -203.67

	-39.9963 -202.67
	-39.9963 -200.5
	-43.2628 -200.5
	-43.2628 -201.132
	-43.2628 -202.67
	-39.9963 -202.67

	-40.9963 -201.67
	-40.9963 -201.5
	-42.2628 -201.5
	-42.2628 -201.67
	-40.9963 -201.67

-4.7301
	-38.9963 -202.466
	-38.9963 -199.5
	-44.5105 -199.5
	-44.7293 -199.5
	-44.7293 -200.906
	-44.7293 -203.67
	-38.9963 -203.67
	-38.9963 -202.466

	-39.9963 -202.466
	-39.9963 -200.5
	-43.7293 -200.5
	-43.7293 -200.906
	-43.7293 -202.67
	-39.9963 -202.67
	-39.9963 -202.466

	-40.9963 -201.5
	-42.7293 -201.5
	-42.7293 -201.67
	-40.9963 -201.67
	-40.9963 -201.5

-4.4674
	-38.9963 -203.67
	-38.9963 -202.246
	-38.9963 -199.5
	-44.5105 -199.5
	-45.1959 -199.5
	-45.1959 -200.185
	-45.1959 -200.679
	-45.1959 -203.67
	-38.9963 -203.67

	-39.9963 -202.67
	-39.9963 -202.246
	-39.9963 -200.5
	-44.1959 -200.5
	-44.1959 -200.679
	-44.1959 -202.67
	-39.9963 -202.67

	-40.9963 -201.67
	-40.9963 -201.5
	-43.1959 -201.5
	-43.1959 -201.67
	-40.9963 -201.67

-4.2046
	-38.9963 -202.026
	-38.9963 -199.5
	-44.5105 -199.5
	-45.6624 -199.5
	-45.6624 -200.453
	-45.6624 -200.652
	-45.6624 -203.67
	-38.9963 -203.67
	-38.9963 -202.026

	-39.9963 -202.026
	-39.9963 -200.5
	-44.5105 -200.5
	-44.6624 -200.5
	-44.6624 -200.652
	-44.6624 -202.67
	-39.9963 -202.67
	-39.9963 -202.026

	-40.9963 -201.5
	-43.6624 -201.5
	-43.6624 -201.67
	-40.9963 -201.67
	-40.9963 -201.5

-3.9418
	-38.9963 -203.67
	-38.9963 -201.805
	-38.9963 -199.5
	-44.5105 -199.5
	-46.129 -199.5
	-46.129 -200.227
	-46.129 -201.118
	-46.129 -203.67
	-38.9963 -203.67

	-39.9963 -202.67
	-39.9963 -201.805
	-39.9963 -200.5
	-44.5105 -200.5
	-45.129 -200.5
	-45.129 -201.118
	-45.129 -202.67
	-39.9963 -202.67

	-40.9963 -201.67
	-40.9963 -201.5
	-44.129 -201.5
	-44.129 -201.67
	-40.9963 -201.67

-3.679
	-38.9963 -203.67
	-38.9963 -201.585
	-38.9963 -199.5
	-44.5105 -199.5
	-46.129 -199.5
	-46.129 -201.118
	-46.129 -203.67
	-38.9963 -203.67

	-39.9963 -202.67
	-39.9963 -201.585
	-39.9963 -200.5
	-44.5105 -200.5
	-45.129 -200.5
	-45.129 -201.118
	-45.129 -202.67
	-39.9963 -202.67

	-40.9963 -201.67
	-40.9963 -201.585
	-40.9963 -201.5
	-44.129 -201.5
	-44.129 -201.67
	-40.9963 -201.67

-3.4162
	-38.9963 -203.67
	-38.9963 -201.365
	-38.9963 -199.5
	-44.5105 -199.5
	-46.5955 -199.5
	-46.5955 -201.585
	-46.5955 -202.944
	-46.5955 -203.67
	-38.9963 -203.67

	-39.9963 -202.67
	-39.9963 -201.365
	-39.9963 -200.5
	-44.5105 -200.5
	-45.5955 -200.5
	-45.5955 -201.585
	-45.5955 -202.67
	-39.9963 -202.67

	-40.9963 -201.67
	-40.9963 -201.5
	-44.5105 -201.5
	-44.5955 -201.5
	-44.5955 -201.585
	-44.5955 -201.67
	-40.9963 -201.67

-3.1534
	-38.9963 -203.67
	-38.9963 -201.144
	-38.9963 -199.5
	-44.5105 -199.5
	-46.2242 -199.5
	-47.0621 -199.5
	-47.0621 -202.051
	-47.0621 -202.717
	-47.0621 -203.67
	-46.2242 -203.67
	-38.9963 -203.67

	-39.9963 -202.67
	-39.9963 -201.144
	-39.9963 -200.5
	-44.5105 -200.5
	-46.0621 -200.5
	-46.0621 -202.051
	-46.0621 -202.67
	-39.9963 -202.67

	-40.9963 -201.67
	-40.9963 -201.5
	-44.5105 -201.5
	-45.0621 -201.5
	-45.0621 -201.67
	-40.9963 -201.67

-2.8906
	-38.9963 -203.67
	-38.9963 -200.924
	-38.9963 -199.5
	-44.5105 -199.5
	-45.5385 -199.5
	-47.5286 -199.5
	-47.5286 -202.491
	-47.5286 -202.518
	-47.5286 -203.67
	-45.5385 -203.67
	-38.9963 -203.67

	-39.9963 -202.67
	-39.9963 -200.924
	-39.9963 -200.5
	-44.5105 -200.5
	-45.5385 -200.5
	-46.5286 -200.5
	-46.5286 -202.491
	-46.5286 -202.518
	-46.5286 -202.67
	-45.5385 -202.67
	-39.9963 -202.67

	-40.9963 -201.67
	-40.9963 -201.5
	-44.5105 -201.5
	-45.5286 -201.5
	-45.5286 -201.67
	-40.9963 -201.67

-2.6279
	-38.9963 -203.67
	-38.9963 -200.704
	-38.9963 -199.5
	-44.5105 -199.5
	-44.8529 -199.5
	-47.9952 -199.5
	-47.9952 -202.264
	-47.9952 -202.985
	-47.9952 -203.67
	-44.8529 -203.67
	-38.9963 -203.67

	-39.9963 -202.67
	-39.9963 -200.704
	-39.9963 -200.5
	-44.5105 -200.5
	-44.8529 -200.5
	-46.9952 -200.5
	-46.9952 -202.264
	-46.9952 -202.67
	-44.8529 -202.67
	-39.9963 -202.67

	-40.9963 -201.67
	-40.9963 -201.5
	-44.5105 -201.5
	-44.8529 -201.5
	-45.9952 -201.5
	-45.9952 -201.67
	-44.8529 -201.67
	-40.9963 -201.67

-2.3651
	-38.9963 -203.67
	-38.9963 -200.483
	-38.9963 -199.5
	-44.1672 -199.5
	-44.5105 -199.5
	-48.4617 -199.5
	-48.4617 -202.038
	-48.4617 -203.67
	-44.1672 -203.67
	-38.9963 -203.67

	-39.9963 -202.67
	-39.9963 -200.5
	-44.1672 -200.5
	-44.5105 -200.5
	-47.4617 -200.5
	-47.4617 -202.038
	-47.4617 -202.67
	-44.1672 -202.67
	-39.9963 -202.67

	-40.9963 -201.67
	-40.9963 -201.5
	-44.1672 -201.5
	-44.5105 -201.5
	-46.4617 -201.5
	-46.4617 -201.67
	-44.1672 -201.67
	-40.9963 -201.67

-2.1023
	-38.9963 -203.67
	-38.9963 -200.263
	-38.9963 -199.5
	-43.4816 -199.5
	-44.5105 -199.5
	-50.9624 -199.5
	-50.9624 -201.811
	-50.9624 -203.67
	-50.6805 -203.67
	-43.4816 -203.67
	-38.9963 -203.67

	-39.9963 -202.67
	-39.9963 -200.5
	-43.4816 -200.5
	-44.5105 -200.5
	-49.9624 -200.5
	-49.9624 -201.811
	-49.9624 -202.67
	-43.4816 -202.67
	-39.9963 -202.67

	-40.9963 -201.67
	-40.9963 -201.5
	-43.4816 -201.5
	-44.5105 -201.5
	-48.9624 -201.5
	-48.9624 -201.67
	-43.4816 -201.67
	-40.9963 -201.67

-1.8395
	-38.9963 -203.67
	-38.9963 -200.042
	-38.9963 -199.5
	-42.7959 -199.5
	-44.5105 -199.5
	-51.4289 -199.5
	-51.4289 -201.585
	-51.4289 -203.67
	-50.6805 -203.67
	-42.7959 -203.67
	-38.9963 -203.67

	-39.9963 -202.67
	-39.9963 -200.5
	-42.7959 -200.5
	-44.5105 -200.5
	-50.4289 -200.5
	-50.4289 -201.585
	-50.4289 -202.67
	-42.7959 -202.67
	-39.9963 -202.67

	-40.9963 -201.67
	-40.9963 -201.5
	-42.7959 -201.5
	-44.5105 -201.5
	-49.4289 -201.5
	-49.4289 -201.585
	-49.4289 -201.67
	-42.7959 -201.67
	-40.9963 -201.67

-1.5767
	-38.9963 -203.67
	-38.9963 -199.822
	-38.9963 -199.5
	-42.1102 -199.5
	-44.5105 -199.5
	-51.8955 -199.5
	-51.8955 -201.359
	-51.8955 -203.67
	-50.6805 -203.67
	-42.1102 -203.67
	-38.9963 -203.67

	-39.9963 -202.67
	-39.9963 -200.5
	-42.1102 -200.5
	-44.5105 -200.5
	-50.8955 -200.5
	-50.8955 -201.359
	-50.8955 -202.67
	-50.6805 -202.67
	-42.1102 -202.67
	-39.9963 -202.67

	-40.9963 -201.67
	-40.9963 -201.5
	-42.1102 -201.5
	-44.5105 -201.5
	-49.8955 -201.5
	-49.8955 -201.67
	-42.1102 -201.67
	-40.9963 -201.67

-1.3139
	-38.9963 -203.67
	-38.9963 -199.602
	-38.9963 -199.5
	-41.4246 -199.5
	-44.5105 -199.5
	-52.362 -199.5
	-52.362 -201.132
	-52.362 -203.67
	-50.6805 -203.67
	-41.4246 -203.67
	-38.9963 -203.67

	-39.9963 -202.67
	-39.9963 -200.5
	-41.4246 -200.5
	-44.5105 -200.5
	-51.362 -200.5
	-51.362 -201.132
	-51.362 -202.67
	-50.6805 -202.67
	-41.4246 -202.67
	-39.9963 -202.67

	-40.9963 -201.67
	-40.9963 -201.5
	-41.4246 -201.5
	-44.5105 -201.5
	-50.362 -201.5
	-50.362 -201.67
	-41.4246 -201.67
	-40.9963 -201.67

-1.0511
	-38.9963 -203.67
	-38.9963 -199.5
	-40.7389 -199.5
	-44.5105 -199.5
	-52.8286 -199.5
	-52.8286 -200.906
	-52.8286 -203.67
	-50.6805 -203.67
	-40.7389 -203.67
	-38.9963 -203.67

	-39.9963 -202.67
	-39.9963 -200.5
	-40.7389 -200.5
	-44.5105 -200.5
	-51.8286 -200.5
	-51.8286 -200.906
	-51.8286 -202.67
	-50.6805 -202.67
	-40.7389 -202.67
	-39.9963 -202.67

	-40.9963 -201.5
	-44.5105 -201.5
	-50.8286 -201.5
	-50.8286 -201.67
	-50.6805 -201.67
	-40.9963 -201.67
	-40.9963 -201.5

-0.7884
	-38.9963 -203.67
	-38.9963 -199.5
	-40.0532 -199.5
	-44.5105 -199.5
	-53.2951 -199.5
	-53.2951 -200.679
	-53.2951 -203.67
	-50.6805 -203.67
	-40.0532 -203.67
	-38.9963 -203.67

	-39.9963 -202.67
	-39.9963 -200.5
	-40.0532 -200.5
	-44.5105 -200.5
	-52.2951 -200.5
	-52.2951 -200.679
	-52.2951 -202.67
	-50.6805 -202.67
	-40.0532 -202.67
	-39.9963 -202.67

	-40.9963 -201.5
	-44.5105 -201.5
	-51.2951 -201.5
	-51.2951 -201.67
	-50.6805 -201.67
	-40.9963 -201.67
	-40.9963 -201.5

-0.5256
	-38.9963 -199.5
	-39.3676 -199.5
	-44.5105 -199.5
	-53.7617 -199.5
	-53.7617 -200.453
	-53.7617 -203.67
	-50.6805 -203.67
	-39.3676 -203.67
	-38.9963 -203.67
	-38.9963 -199.5

	-39.9963 -200.5
	-44.5105 -200.5
	-52.7617 -200.5
	-52.7617 -202.67
	-50.6805 -202.67
	-39.9963 -202.67
	-39.9963 -200.5

	-40.9963 -201.5
	-44.5105 -201.5
	-51.7617 -201.5
	-51.7617 -201.67
	-50.6805 -201.67
	-40.9963 -201.67
	-40.9963 -201.5

-0.2628
	-38.9963 -199.5
	-44.5105 -199.5
	-54.2282 -199.5
	-54.2282 -200.227
	-54.2282 -203.67
	-50.6805 -203.67
	-38.9963 -203.67
	-38.9963 -199.5

	-39.9963 -200.5
	-44.5105 -200.5
	-53.2282 -200.5
	-53.2282 -202.67
	-50.6805 -202.67
	-39.9963 -202.67
	-39.9963 -200.5

	-40.9963 -201.5
	-44.5105 -201.5
	-52.2282 -201.5
	-52.2282 -201.67
	-50.6805 -201.67
	-40.9963 -201.67
	-40.9963 -201.5

