	71.7791 48.9424
	58.4485 48.9424
	51.229 48.9424
	-69.5276 48.9424
	-69.5276 39.9218
	-69.5276 -49.2641
	-48.9775 -49.2641
	58.4485 -49.2641
	71.7791 -49.2641
	71.7791 39.9218
	71.7791 48.9424

	50.5591 17.9399
	50.3394 16.8642
	50.2636 16.6025
	49.9581 15.5478
	49.8615 15.2931
	49.4721 14.2662
	49.0014 13.2741
	48.8846 13.028
	48.7483 12.792
	48.1993 11.841
	48.0445 11.6167
	47.4207 10.713
	47.2483 10.502
	46.5538 9.65124
	46.365 9.45475
	45.6044 8.66291
	44.7826 7.93482
	44.5786 7.75413
	44.3608 7.59039
	43.4829 6.93068
	43.2526 6.78502
	42.3244 6.19815
	42.0831 6.07154
	41.1108 5.56122
	40.8601 5.45441
	39.85 5.02409
	39.5916 4.93771
	38.5499 4.59002
	38.2854 4.52477
	37.2191 4.26201
	36.1354 4.08587
	35.8665 4.0421
	35.5947 4.02014
	34.5002 3.9318
	34.2277 3.9318
	33.1296 3.9318
	32.8579 3.95374
	31.7635 4.04209
	30.6795 4.21827
	30.4107 4.26201
	30.1461 4.32713
	29.0799 4.58999
	28.8214 4.67624
	27.7798 5.02403
	27.5292 5.13081
	26.5189 5.56121
	25.5466 6.07154
	25.3053 6.19816
	24.3773 6.78497
	24.1469 6.93064
	23.929 7.0944
	23.0513 7.75402
	22.8472 7.93473
	22.0253 8.6629
	21.8365 8.85946
	21.0759 9.65134
	20.3814 10.5019
	20.209 10.7131
	20.0542 10.9373
	19.4304 11.841
	19.1222 12.3749
	18.8814 12.792
	18.7451 13.028
	18.6283 13.2741
	18.1575 14.2663
	18.061 14.5211
	17.6716 15.5478
	17.3661 16.6024
	17.3303 16.726
	17.2902 16.8644
	17.2358 17.1313
	17.0162 18.207
	16.9833 18.4775
	16.8509 19.5677
	16.8067 20.6647
	16.7957 20.9372
	16.8067 21.2096
	16.8509 22.3067
	16.8838 22.5772
	17.0161 23.6672
	17.2358 24.743
	17.2902 25.01
	17.3661 25.2718
	17.6716 26.3265
	18.061 27.3532
	18.1576 27.6081
	18.2745 27.8544
	18.7451 28.8463
	18.8814 29.0823
	19.4304 30.0333
	20.0542 30.937
	20.209 31.1612
	20.3814 31.3724
	21.0759 32.223
	21.2646 32.4194
	22.0253 33.2114
	22.8472 33.9396
	23.0513 34.1203
	23.929 34.7799
	24.1469 34.9436
	25.075 35.5305
	25.3053 35.6761
	25.5466 35.8028
	26.5189 36.3131
	27.5292 36.7435
	27.7797 36.8502
	28.0381 36.9366
	29.0799 37.2843
	30.1459 37.5471
	30.4107 37.6124
	30.6797 37.6561
	31.7635 37.8322
	32.8579 37.9206
	33.1296 37.9425
	33.4021 37.9425
	34.5002 37.9425
	35.5947 37.8542
	35.8665 37.8322
	36.1353 37.7884
	37.2191 37.6124
	37.9798 37.4248
	38.2854 37.3495
	38.5498 37.2843
	38.8083 37.1981
	39.8499 36.8503
	40.8601 36.4199
	41.1108 36.3131
	41.3521 36.1865
	42.3244 35.6761
	42.5547 35.5305
	43.4829 34.9436
	43.7007 34.7799
	44.5786 34.1202
	44.7826 33.9395
	45.6044 33.2114
	45.7932 33.0149
	46.554 32.2229
	46.7263 32.0117
	46.9301 31.762
	47.4207 31.1612
	47.5755 30.937
	48.1993 30.0333
	48.7483 29.0823
	48.8846 28.8463
	49.0014 28.6002
	49.4722 27.608
	49.5687 27.3532
	49.9581 26.3265
	50.2636 25.2718
	50.3394 25.0102
	50.394 24.7433
	50.6137 23.6671
	50.6464 23.3965
	50.7788 22.3067
	50.7898 22.0345
	50.834 20.9372
	50.7898 19.8398
	50.7788 19.5677
	50.746 19.2974
	50.6136 18.2069
	50.5591 17.9399

	70.7791 47.9424
	58.4485 47.9424
	51.229 47.9424
	-68.5276 47.9424
	-68.5276 39.9218
	-68.5276 -48.2641
	-48.9775 -48.2641
	58.4485 -48.2641
	70.7791 -48.2641
	70.7791 39.9218
	70.7791 47.9424

	51.5388 17.7398
	51.3111 16.6246
	51.2241 16.3242
	50.9074 15.231
	50.7966 14.9385
	50.3929 13.8739
	49.9048 12.8454
	49.7708 12.5629
	49.6144 12.292
	49.0452 11.3061
	48.8675 11.0487
	48.2207 10.1118
	48.0229 9.86953
	47.3029 8.98748
	47.0861 8.7619
	46.2977 7.94112
	45.4457 7.18634
	45.2117 6.97895
	44.9616 6.79098
	44.0514 6.10707
	43.7871 5.93984
	42.8247 5.33139
	42.5478 5.18609
	41.5399 4.65703
	41.2521 4.53442
	40.2051 4.08838
	39.9084 3.98921
	38.8284 3.62875
	38.5248 3.55385
	37.4192 3.28142
	36.2959 3.09885
	35.9873 3.0486
	35.6752 3.02339
	34.5405 2.9318
	34.2277 2.9318
	33.0893 2.9318
	32.7774 2.95699
	31.6428 3.04857
	30.5189 3.23124
	30.2105 3.28143
	29.9069 3.35615
	28.8015 3.62868
	28.5048 3.72768
	27.4249 4.08826
	27.1372 4.21082
	26.0898 4.65703
	25.0819 5.18609
	24.8049 5.33142
	23.8429 5.93974
	23.5784 6.10698
	23.3282 6.29501
	22.4184 6.97875
	22.1842 7.18615
	21.3321 7.9411
	21.1153 8.16671
	20.3268 8.98768
	19.6068 9.86948
	19.4089 10.1118
	19.2312 10.3693
	18.5846 11.3061
	18.2561 11.8749
	18.0153 12.292
	17.8589 12.5629
	17.7249 12.8454
	17.2368 13.874
	17.1259 14.1665
	16.7223 15.2309
	16.4056 16.3241
	16.3698 16.4478
	16.3185 16.625
	16.256 16.9313
	16.0283 18.0465
	15.9906 18.357
	15.8534 19.4871
	15.8075 20.6244
	15.7949 20.9372
	15.8075 21.25
	15.8534 22.3872
	15.8911 22.6977
	16.0283 23.8278
	16.256 24.943
	16.3185 25.2495
	16.4056 25.5501
	16.7223 26.6434
	17.1259 27.7078
	17.2369 28.0004
	17.3711 28.2831
	17.8589 29.3114
	18.0153 29.5823
	18.5846 30.5682
	19.2312 31.505
	19.4089 31.7625
	19.6068 32.0048
	20.3268 32.8866
	20.5434 33.1122
	21.332 33.9332
	22.1842 34.6882
	22.4184 34.8956
	23.3282 35.5793
	23.5783 35.7673
	24.5405 36.3757
	24.8048 36.5428
	25.0818 36.6882
	26.0898 37.2173
	27.1372 37.6635
	27.4246 37.7859
	27.7213 37.8851
	28.8014 38.2456
	29.9065 38.518
	30.2105 38.593
	30.5194 38.6431
	31.6428 38.8257
	32.7774 38.9173
	33.0893 38.9425
	33.4021 38.9425
	34.5405 38.9425
	35.6752 38.8509
	35.9873 38.8257
	36.2958 38.7755
	37.4193 38.593
	38.2192 38.3958
	38.5248 38.3204
	38.8283 38.2456
	39.1249 38.1466
	40.2048 37.786
	41.2521 37.3399
	41.5398 37.2173
	41.8169 37.0719
	42.8247 36.5429
	43.0891 36.3758
	44.0514 35.7673
	44.3015 35.5793
	45.2116 34.8954
	45.4457 34.688
	46.2976 33.9332
	46.5143 33.7076
	47.3032 32.8865
	47.5011 32.644
	47.7048 32.3944
	48.2208 31.7625
	48.3985 31.505
	49.0451 30.5682
	49.6144 29.5823
	49.7708 29.3114
	49.9048 29.0289
	50.3929 28.0003
	50.5038 27.7078
	50.9074 26.6434
	51.2241 25.5501
	51.3111 25.2499
	51.3737 24.9434
	51.6016 23.8274
	51.6392 23.5169
	51.7763 22.3874
	51.789 22.0749
	51.8348 20.9372
	51.789 19.7994
	51.7763 19.4873
	51.7388 19.177
	51.6015 18.0463
	51.5388 17.7398

	69.7791 46.9424
	58.4485 46.9424
	51.229 46.9424
	-67.5276 46.9424
	-67.5276 39.9218
	-67.5276 -47.2641
	-48.9775 -47.2641
	58.4485 -47.2641
	69.7791 -47.2641
	69.7791 39.9218
	69.7791 46.9424

	52.5186 17.5396
	52.2829 16.3851
	52.1846 16.046
	51.8568 14.9141
	51.7316 14.584
	51.3136 13.4816
	50.8083 12.4167
	50.657 12.0978
	50.4804 11.792
	49.8911 10.7712
	49.6904 10.4806
	49.0208 9.51051
	48.7975 9.2371
	48.0519 8.32372
	47.8071 8.06905
	46.9909 7.21933
	46.1089 6.43786
	45.8447 6.20378
	45.5623 5.99156
	44.62 5.28345
	44.3216 5.09466
	43.3251 4.46464
	43.0126 4.30063
	41.9689 3.75285
	41.644 3.61443
	40.5601 3.15266
	40.2252 3.04072
	39.1069 2.66747
	38.7641 2.58292
	37.6194 2.30084
	36.4565 2.11182
	36.1081 2.0551
	35.7557 2.02663
	34.5808 1.9318
	34.2277 1.9318
	33.0489 1.9318
	32.6969 1.96023
	31.5222 2.05506
	30.3584 2.24421
	30.0104 2.30084
	29.6678 2.38518
	28.5232 2.66737
	28.1882 2.77912
	27.07 3.15249
	26.7453 3.29083
	25.6608 3.75284
	24.6171 4.30063
	24.3045 4.46468
	23.3085 5.09452
	23.0098 5.28332
	22.7274 5.49561
	21.7855 6.20347
	21.5211 6.43758
	20.6388 7.21931
	20.3942 7.47397
	19.5776 8.32402
	18.8322 9.23701
	18.6089 9.51057
	18.4083 9.8012
	17.7387 10.7712
	17.3901 11.3749
	17.1493 11.7921
	16.9728 12.0978
	16.8214 12.4167
	16.316 13.4818
	16.1909 13.812
	15.773 14.9139
	15.4451 16.0457
	15.4093 16.1695
	15.3467 16.3857
	15.2762 16.7314
	15.0405 17.8859
	14.9979 18.2364
	14.8558 19.4066
	14.8083 20.584
	14.794 20.9372
	14.8083 21.2903
	14.8558 22.4678
	14.8984 22.8183
	15.0404 23.9883
	15.2762 25.1429
	15.3467 25.4889
	15.4451 25.8283
	15.773 26.9604
	16.1909 28.0623
	16.3161 28.3927
	16.4676 28.7119
	16.9727 29.7764
	17.1493 30.0823
	17.7387 31.1031
	18.4083 32.0731
	18.6089 32.3637
	18.8322 32.6373
	19.5777 33.5503
	19.8222 33.8049
	20.6387 34.655
	21.5211 35.4367
	21.7855 35.6708
	22.7274 36.3787
	23.0098 36.5909
	24.0061 37.2208
	24.3044 37.4095
	24.6171 37.5737
	25.6608 38.1215
	26.7453 38.5835
	27.0696 38.7216
	27.4045 38.8336
	28.523 39.2069
	29.6671 39.489
	30.0104 39.5736
	30.3591 39.6302
	31.5222 39.8192
	32.6969 39.9141
	33.0489 39.9425
	33.4021 39.9425
	34.5808 39.9425
	35.7557 39.8477
	36.1081 39.8192
	36.4563 39.7625
	37.6194 39.5736
	38.4585 39.3667
	38.7642 39.2914
	39.1067 39.2069
	39.4415 39.0952
	40.5597 38.7218
	41.644 38.2599
	41.9689 38.1215
	42.2816 37.9574
	43.3251 37.4096
	43.6235 37.221
	44.62 36.5909
	44.9022 36.3787
	45.8446 35.6706
	46.1089 35.4364
	46.9909 34.655
	47.2355 34.4004
	48.0524 33.5501
	48.2758 33.2763
	48.4794 33.0268
	49.0209 32.3637
	49.2215 32.0731
	49.891 31.1031
	50.4804 30.0823
	50.657 29.7764
	50.8083 29.4576
	51.3137 28.3925
	51.4388 28.0623
	51.8567 26.9604
	52.1846 25.8283
	52.2828 25.4895
	52.3535 25.1436
	52.5895 23.9878
	52.6319 23.6372
	52.7739 22.468
	52.7882 22.1152
	52.8356 20.9372
	52.7882 19.7591
	52.7739 19.4068
	52.7315 19.0567
	52.5893 17.8856
	52.5186 17.5396

	68.7791 45.9424
	58.4485 45.9424
	51.229 45.9424
	-66.5276 45.9424
	-66.5276 39.9218
	-66.5276 -46.2641
	-48.9775 -46.2641
	58.4485 -46.2641
	68.7791 -46.2641
	68.7791 39.9218
	68.7791 45.9424

	53.4984 17.3395
	53.2546 16.1456
	53.1452 15.7678
	52.8061 14.5972
	52.6667 14.2295
	52.2343 13.0894
	51.7117 11.988
	51.5431 11.6328
	51.3464 11.292
	50.7369 10.2364
	50.5134 9.91253
	49.8209 8.90924
	49.5722 8.60466
	48.801 7.65996
	48.5282 7.3762
	47.6842 6.49754
	46.772 5.68938
	46.4777 5.4286
	46.1631 5.19215
	45.1886 4.45983
	44.856 4.24948
	43.8254 3.59789
	43.4773 3.41518
	42.398 2.84866
	42.036 2.69443
	40.9152 2.21695
	40.542 2.09223
	39.3854 1.70619
	39.0035 1.612
	37.8196 1.32025
	36.617 1.1248
	36.2289 1.0616
	35.8361 1.02988
	34.6211 0.9318
	34.2277 0.9318
	33.0086 0.9318
	32.6165 0.963477
	31.4016 1.06154
	30.1979 1.25717
	29.8103 1.32025
	29.4286 1.4142
	28.2448 1.70606
	27.8716 1.83056
	26.7151 2.21672
	26.3533 2.37083
	25.2318 2.84865
	24.1524 3.41518
	23.8042 3.59794
	22.7741 4.24929
	22.4413 4.45967
	22.1266 4.69622
	21.1526 5.4282
	20.8581 5.689
	19.9455 6.49751
	19.673 6.78122
	18.8285 7.66036
	18.0576 8.60455
	17.8088 8.90932
	17.5853 9.23313
	16.8928 10.2362
	16.5241 10.8749
	16.2833 11.2921
	16.0866 11.6328
	15.918 11.988
	15.3953 13.0896
	15.2558 13.4575
	14.8237 14.597
	14.4846 15.7674
	14.4487 15.8913
	14.3749 16.1464
	14.2964 16.5314
	14.0526 17.7253
	14.0052 18.1159
	13.8582 19.3261
	13.8092 20.5436
	13.7932 20.9372
	13.8092 21.3307
	13.8582 22.5483
	13.9057 22.9388
	14.0526 24.1489
	14.2964 25.3429
	14.375 25.7283
	14.4845 26.1065
	14.8237 27.2773
	15.2558 28.4168
	15.3954 28.785
	15.5642 29.1406
	16.0866 30.2415
	16.2833 30.5823
	16.8928 31.638
	17.5853 32.6412
	17.8088 32.965
	18.0576 33.2697
	18.8285 34.214
	19.101 34.4977
	19.9455 35.3768
	20.8581 36.1853
	21.1526 36.4461
	22.1266 37.1781
	22.4412 37.4146
	23.4716 38.066
	23.8039 38.2762
	24.1524 38.4591
	25.2318 39.0256
	26.3534 39.5035
	26.7146 39.6574
	27.0877 39.7821
	28.2446 40.1682
	29.4277 40.4599
	29.8103 40.5542
	30.1988 40.6173
	31.4015 40.8128
	32.6165 40.9108
	33.0086 40.9425
	33.4021 40.9425
	34.6211 40.9425
	35.8361 40.8444
	36.2289 40.8127
	36.6169 40.7495
	37.8196 40.5542
	38.6979 40.3376
	39.0036 40.2623
	39.3852 40.1682
	39.7581 40.0437
	40.9146 39.6576
	42.0359 39.1799
	42.3979 39.0257
	42.7463 38.8428
	43.8255 38.2764
	44.1579 38.0662
	45.1885 37.4145
	45.503 37.1781
	46.4776 36.4458
	46.772 36.1849
	47.6842 35.3768
	47.9566 35.0932
	48.8015 34.2137
	49.0505 33.9085
	49.254 33.6592
	49.821 32.9649
	50.0444 32.6412
	50.7369 31.638
	51.3464 30.5823
	51.5431 30.2415
	51.7117 29.8862
	52.2344 28.7847
	52.3739 28.4168
	52.806 27.2773
	53.1452 26.1065
	53.2545 25.7291
	53.3333 25.3437
	53.5774 24.1482
	53.6246 23.7576
	53.7714 22.5486
	53.7873 22.1556
	53.8364 20.9372
	53.7873 19.7187
	53.7714 19.3264
	53.7242 18.9363
	53.5772 17.725
	53.4984 17.3395

	67.7791 44.9424
	58.4485 44.9424
	51.229 44.9424
	-65.5276 44.9424
	-65.5276 39.9218
	-65.5276 -45.2641
	-48.9775 -45.2641
	58.4485 -45.2641
	67.7791 -45.2641
	67.7791 39.9218
	67.7791 44.9424

	54.4781 17.1393
	54.2263 15.9061
	54.1057 15.4895
	53.7554 14.2804
	53.6017 13.8749
	53.155 12.6971
	52.6152 11.5594
	52.4293 11.1677
	52.2125 10.7921
	51.5828 9.70147
	51.3364 9.34446
	50.6209 8.30798
	50.3468 7.97223
	49.55 6.9962
	49.2493 6.68335
	48.3775 5.77575
	47.4352 4.9409
	47.1108 4.65343
	46.7639 4.39274
	45.7572 3.63622
	45.3905 3.40431
	44.3258 2.73113
	43.942 2.52972
	42.827 1.94448
	42.4279 1.77444
	41.2702 1.28124
	40.8588 1.14374
	39.6639 0.744913
	39.2429 0.64107
	38.0198 0.339659
	36.7776 0.13777
	36.3497 0.0681044
	35.9166 0.0331211
	34.6614 -0.0682001
	34.2277 -0.0682001
	32.9683 -0.0682001
	32.536 -0.0332787
	31.2809 0.0680258
	30.0374 0.270143
	29.6102 0.339666
	29.1894 0.443226
	27.9664 0.744747
	27.555 0.882003
	26.3602 1.28095
	25.9614 1.45084
	24.8027 1.94447
	23.6877 2.52972
	23.3038 2.7312
	22.2397 3.40406
	21.8728 3.63601
	21.5258 3.89682
	20.5197 4.65292
	20.195 4.94043
	19.2522 5.77571
	18.9518 6.08848
	18.0794 6.99669
	17.283 7.97209
	17.0087 8.30808
	16.7623 8.66506
	16.047 9.70133
	15.658 10.3749
	15.4172 10.7921
	15.2004 11.1677
	15.0145 11.5593
	14.4745 12.6974
	14.3208 13.1029
	13.8744 14.2801
	13.5242 15.4891
	13.4882 15.6131
	13.4031 15.907
	13.3166 16.3315
	13.0648 17.5647
	13.0125 17.9953
	12.8607 19.2455
	12.81 20.5032
	12.7924 20.9372
	12.81 21.3711
	12.8607 22.6289
	12.913 23.0594
	13.0647 24.3094
	13.3166 25.5428
	13.4032 25.9678
	13.524 26.3848
	13.8744 27.5942
	14.3208 28.7714
	14.4747 29.1773
	14.6608 29.5694
	15.2004 30.7066
	15.4172 31.0822
	16.0469 32.1729
	16.7623 33.2092
	17.0087 33.5662
	17.283 33.9022
	18.0794 34.8776
	18.3799 35.1904
	19.2522 36.0985
	20.195 36.9339
	20.5197 37.2214
	21.5258 37.9775
	21.8727 38.2382
	22.9371 38.9112
	23.3035 39.1429
	23.6877 39.3446
	24.8027 39.9298
	25.9614 40.4235
	26.3595 40.5931
	26.7709 40.7306
	27.9661 41.1295
	29.1884 41.4308
	29.6102 41.5348
	30.0384 41.6043
	31.2809 41.8063
	32.536 41.9076
	32.9683 41.9425
	33.4021 41.9425
	34.6614 41.9425
	35.9166 41.8412
	36.3497 41.8062
	36.7774 41.7366
	38.0198 41.5348
	38.9372 41.3086
	39.243 41.2332
	39.6636 41.1295
	40.0747 40.9923
	41.2695 40.5934
	42.4279 40.0999
	42.8269 39.9299
	43.211 39.7283
	44.3258 39.1431
	44.6923 38.9114
	45.7571 38.2382
	46.1038 37.9776
	47.1105 37.2211
	47.4352 36.9334
	48.3775 36.0986
	48.6778 35.786
	49.5507 34.8773
	49.8253 34.5408
	50.0287 34.2916
	50.6211 33.5662
	50.8674 33.2092
	51.5828 32.1729
	52.2125 31.0822
	52.4293 30.7066
	52.6152 30.3149
	53.1552 29.1769
	53.3089 28.7714
	53.7553 27.5942
	54.1057 26.3848
	54.2262 25.9688
	54.313 25.5439
	54.5652 24.3085
	54.6174 23.8779
	54.769 22.6293
	54.7865 22.196
	54.8373 20.9372
	54.7865 19.6783
	54.769 19.2459
	54.717 18.816
	54.565 17.5643
	54.4781 17.1393

	66.7791 43.9424
	58.4485 43.9424
	51.229 43.9424
	-64.5276 43.9424
	-64.5276 39.9218
	-64.5276 -44.2641
	-48.9775 -44.2641
	58.4485 -44.2641
	66.7791 -44.2641
	66.7791 39.9218
	66.7791 43.9424

	55.4579 16.9392
	55.1981 15.6665
	55.0662 15.2113
	54.7047 13.9635
	54.5368 13.5204
	54.0758 12.3048
	53.5186 11.1307
	53.3155 10.7026
	53.0785 10.2921
	52.4287 9.16658
	52.1594 8.7764
	51.421 7.70672
	51.1214 7.33979
	50.2991 6.33245
	49.9704 5.99049
	49.0708 5.05396
	48.0983 4.19242
	47.7438 3.87825
	47.3647 3.59333
	46.3257 2.8126
	45.925 2.55913
	44.8262 1.86438
	44.4067 1.64426
	43.2561 1.0403
	42.8198 0.85445
	41.6252 0.34553
	41.1756 0.195245
	39.9424 -0.216364
	39.4823 -0.329856
	38.2199 -0.640929
	36.9382 -0.849256
	36.4705 -0.925395
	35.9971 -0.963635
	34.7017 -1.0682
	34.2277 -1.0682
	32.928 -1.0682
	32.4555 -1.03003
	31.1603 -0.925489
	29.8768 -0.716889
	29.41 -0.640921
	28.9502 -0.527749
	27.688 -0.216564
	27.2384 -0.0665568
	26.0053 0.345176
	25.5695 0.530851
	24.3737 1.04028
	23.223 1.64427
	22.8034 1.86445
	21.7053 2.55883
	21.3043 2.81235
	20.925 3.09743
	19.8868 3.87765
	19.532 4.19186
	18.559 5.05391
	18.2306 5.39573
	17.3303 6.33303
	16.5085 7.33963
	16.2086 7.70683
	15.9393 8.097
	15.2011 9.16642
	14.792 9.87495
	14.5512 10.2921
	14.3142 10.7026
	14.1111 11.1306
	13.5538 12.3051
	13.3857 12.7484
	12.9251 13.9632
	12.5637 15.2108
	12.5277 15.3349
	12.4314 15.6677
	12.3368 16.1315
	12.0769 17.4042
	12.0198 17.8747
	11.8631 19.165
	11.8108 20.4629
	11.7916 20.9373
	11.8108 21.4115
	11.8631 22.7095
	11.9203 23.18
	12.0769 24.47
	12.3368 25.7428
	12.4315 26.2072
	12.5635 26.663
	12.9251 27.9111
	13.3857 29.1259
	13.554 29.5697
	13.7574 29.9982
	14.3142 31.1717
	14.5512 31.5822
	15.2011 32.7078
	15.9393 33.7773
	16.2086 34.1675
	16.5084 34.5347
	17.3303 35.5413
	17.6587 35.8831
	18.5589 36.8203
	19.532 37.6824
	19.8868 37.9967
	20.925 38.7769
	21.3042 39.0619
	22.4026 39.7564
	22.803 40.0096
	23.2229 40.23
	24.3737 40.834
	25.5695 41.3435
	26.0045 41.5288
	26.4541 41.6791
	27.6877 42.0908
	28.949 42.4017
	29.41 42.5154
	29.8781 42.5914
	31.1603 42.7998
	32.4555 42.9043
	32.928 42.9425
	33.4021 42.9425
	34.7017 42.9425
	35.9971 42.8379
	36.4705 42.7997
	36.9379 42.7236
	38.22 42.5153
	39.1766 42.2795
	39.4824 42.2041
	39.942 42.0907
	40.3913 41.9409
	41.6244 41.5291
	42.8198 41.0199
	43.2559 40.8341
	43.6758 40.6137
	44.8262 40.0099
	45.2267 39.7567
	46.3257 39.0618
	46.7046 38.777
	47.7435 37.9963
	48.0983 37.6819
	49.0707 36.8204
	49.399 36.4787
	50.2999 35.5409
	50.6 35.1731
	50.8033 34.9241
	51.4211 34.1674
	51.6904 33.7773
	52.4286 32.7079
	53.0785 31.5822
	53.3155 31.1717
	53.5186 30.7436
	54.0759 29.5692
	54.244 29.1259
	54.7046 27.9111
	55.0662 26.663
	55.1979 26.2084
	55.2928 25.744
	55.5531 24.4689
	55.6101 23.9983
	55.7665 22.7099
	55.7857 22.2364
	55.8381 20.9372
	55.7857 19.6379
	55.7666 19.1655
	55.7097 18.6956
	55.5528 17.4037
	55.4579 16.9392

	65.7791 42.9424
	58.4485 42.9424
	51.229 42.9424
	40.5491 42.9424
	40.7079 42.8894
	41.9793 42.4649
	43.2118 41.9398
	43.6849 41.7383
	44.1405 41.4992
	45.3266 40.8766
	45.7611 40.6019
	46.8942 39.8854
	47.3054 39.5764
	48.3765 38.7715
	48.7615 38.4304
	49.764 37.5422
	50.1201 37.1715
	51.0491 36.2045
	51.3747 35.8054
	51.5779 35.5565
	52.2212 34.7686
	52.5134 34.3453
	53.2745 33.2428
	53.9445 32.0822
	54.2017 31.6368
	54.4221 31.1723
	54.9967 29.9614
	55.179 29.4804
	55.6539 28.2281
	56.0267 26.9412
	56.1696 26.448
	56.2726 25.9442
	56.541 24.6293
	56.6028 24.1186
	56.7641 22.7906
	56.7849 22.2767
	56.8389 20.9372
	56.7849 19.5976
	56.7641 19.085
	56.7024 18.5753
	56.5407 17.243
	56.4377 16.739
	56.1698 15.427
	56.0267 14.9331
	55.6541 13.6466
	55.4718 13.1659
	54.9965 11.9125
	54.4221 10.702
	54.2017 10.2375
	53.9445 9.79208
	53.2746 8.63169
	52.9824 8.20833
	52.2211 7.10545
	51.896 6.70736
	51.0481 5.66869
	50.6915 5.29764
	49.7641 4.33217
	48.7615 3.44394
	48.3768 3.10308
	47.9655 2.79392
	46.8943 1.98898
	46.4595 1.71395
	45.3265 0.997625
	44.8715 0.758808
	43.6851 0.136112
	43.2118 -0.0655413
	41.9803 -0.590182
	41.4924 -0.753247
	40.2209 -1.17764
	39.7217 -1.30078
	38.4201 -1.62152
	37.0987 -1.83628
	36.5913 -1.91889
	36.0776 -1.96039
	34.742 -2.0682
	34.2277 -2.0682
	32.8876 -2.0682
	32.375 -2.02679
	31.0396 -1.919
	29.7163 -1.70392
	29.2099 -1.62151
	28.711 -1.49872
	27.4096 -1.17787
	26.9218 -1.01512
	25.6504 -0.590594
	25.1775 -0.389141
	23.9446 0.136094
	22.7582 0.758813
	22.303 0.997714
	21.1709 1.71361
	20.7357 1.98869
	20.3242 2.29803
	19.2539 3.10237
	18.8689 3.44328
	17.8657 4.33211
	17.5094 4.70299
	16.5812 5.66937
	15.7339 6.70717
	15.4085 7.10559
	15.1163 7.52893
	14.3552 8.6315
	13.926 9.37496
	13.6851 9.79213
	13.428 10.2375
	13.2076 10.702
	12.633 11.9129
	12.4507 12.3939
	11.9758 13.6462
	11.6032 14.9325
	11.5672 15.0566
	11.4596 15.4284
	11.3569 15.9316
	11.0891 17.2436
	11.0271 17.7542
	10.8655 19.0845
	10.8116 20.4225
	10.7908 20.9373
	10.8116 21.4519
	10.8655 22.79
	10.9276 23.3005
	11.089 24.6305
	11.3569 25.9427
	11.4597 26.4466
	11.603 26.9413
	11.9758 28.2281
	12.4507 29.4804
	12.6332 29.962
	12.854 30.4269
	13.428 31.6368
	13.6852 32.0822
	14.3552 33.2428
	15.1163 34.3454
	15.4085 34.7687
	15.7339 35.1671
	16.5812 36.205
	16.9375 36.5759
	17.8656 37.5421
	18.8689 38.431
	19.2539 38.7719
	20.3242 39.5763
	20.7356 39.8855
	21.8681 40.6016
	22.3026 40.8763
	22.7582 41.1155
	23.9446 41.7382
	25.1775 42.2634
	25.6494 42.4645
	26.1373 42.6276
	27.0806 42.9424
	-63.5276 42.9424
	-63.5276 39.9218
	-63.5276 -43.2641
	-48.9775 -43.2641
	58.4485 -43.2641
	65.7791 -43.2641
	65.7791 39.9218
	65.7791 42.9424

	64.7791 41.9424
	58.4485 41.9424
	51.229 41.9424
	45.4478 41.9424
	45.8269 41.7434
	46.2955 41.4471
	47.4628 40.709
	47.9062 40.3758
	49.0095 39.5467
	49.4247 39.1788
	50.4573 38.264
	50.8413 37.8643
	51.7983 36.868
	52.1495 36.4377
	52.3526 36.1889
	53.0213 35.3699
	53.3364 34.9134
	54.1204 33.7777
	54.8106 32.5822
	55.0879 32.1019
	55.3255 31.601
	55.9174 30.3536
	56.114 29.835
	56.6033 28.545
	56.9872 27.2195
	57.1413 26.6877
	57.2523 26.1443
	57.5289 24.7896
	57.5956 24.239
	57.7616 22.8712
	57.7841 22.3171
	57.8397 20.9372
	57.7841 19.5572
	57.7617 19.0046
	57.6952 18.4549
	57.5285 17.0823
	57.4174 16.5389
	57.1415 15.1875
	56.9872 14.6548
	56.6034 13.3298
	56.4068 12.8113
	55.9172 11.5202
	55.3255 10.2733
	55.0879 9.77243
	54.8106 9.29209
	54.1205 8.09681
	53.8054 7.64026
	53.0211 6.50419
	52.6706 6.07493
	51.7971 5.00493
	51.4125 4.60479
	50.4574 3.61038
	49.4247 2.69546
	49.0098 2.3279
	48.5663 1.9945
	47.4629 1.16537
	46.994 0.86877
	45.8269 0.130872
	45.3362 -0.126648
	44.1141 -0.768072
	43.6037 -0.985533
	42.3353 -1.52589
	41.8092 -1.70174
	40.4994 -2.13892
	39.961 -2.27171
	38.6203 -2.60211
	37.2593 -2.82331
	36.7121 -2.91239
	36.1581 -2.95715
	34.7822 -3.0682
	34.2277 -3.0682
	32.8473 -3.0682
	32.2945 -3.02355
	30.919 -2.91252
	29.5558 -2.69095
	29.0098 -2.6021
	28.4718 -2.4697
	27.1313 -2.13919
	26.6052 -1.96368
	25.2955 -1.52637
	24.7856 -1.30913
	23.5156 -0.768093
	22.2935 -0.126643
	21.8026 0.130973
	20.6364 0.868379
	20.1672 1.16503
	19.7234 1.49864
	18.621 2.32709
	18.2059 2.69471
	17.1724 3.61031
	16.7882 4.01024
	15.832 5.00571
	14.9593 6.07471
	14.6084 6.50434
	14.2933 6.96086
	13.5094 8.09659
	13.06 8.87497
	12.8191 9.29215
	12.5418 9.77241
	12.3042 10.2733
	11.7123 11.5207
	11.5157 12.0393
	11.0264 13.3293
	10.6427 14.6542
	10.6067 14.7784
	10.4878 15.1891
	10.3771 15.7317
	10.1012 17.083
	10.0344 17.6336
	9.86797 19.0039
	9.81242 20.3821
	9.78994 20.9373
	9.81243 21.4923
	9.86798 22.8706
	9.93485 23.4211
	10.1012 24.7911
	10.3771 26.1426
	10.488 26.6861
	10.6425 27.2195
	11.0264 28.545
	11.5157 29.835
	11.7125 30.3543
	11.9506 30.8557
	12.5418 32.1018
	12.8191 32.5822
	13.5093 33.7777
	14.2933 34.9134
	14.6084 35.3699
	14.9593 35.7996
	15.8321 36.8686
	16.2163 37.2686
	17.1723 38.2639
	18.2059 39.1796
	18.621 39.5472
	19.7234 40.3757
	20.1671 40.7092
	21.3337 41.4467
	21.8021 41.7431
	22.182 41.9424
	-62.5276 41.9424
	-62.5276 39.9218
	-62.5276 -42.2641
	-48.9775 -42.2641
	58.4485 -42.2641
	64.7791 -42.2641
	64.7791 39.9218
	64.7791 41.9424

	63.7791 40.9424
	58.4485 40.9424
	51.229 40.9424
	48.8168 40.9424
	49.6425 40.3219
	50.0878 39.9273
	51.1506 38.9858
	51.5624 38.557
	52.5475 37.5316
	52.9242 37.07
	53.1272 36.8213
	53.8214 35.9711
	54.1594 35.4815
	54.9662 34.3126
	55.6766 33.0822
	55.9741 32.5669
	56.229 32.0297
	56.8382 30.7459
	57.0491 30.1895
	57.5526 28.8619
	57.9477 27.4977
	58.1129 26.9273
	58.2321 26.3445
	58.5168 24.95
	58.5883 24.3593
	58.7592 22.9518
	58.7833 22.3575
	58.8405 20.9372
	58.7833 19.5168
	58.7592 18.9241
	58.6879 18.3346
	58.5163 16.9217
	58.3972 16.3387
	58.1132 14.9479
	57.9477 14.3766
	57.5527 13.0129
	57.3419 12.4568
	56.8379 11.1279
	56.229 9.8446
	55.9741 9.30735
	55.6766 8.79211
	54.9664 7.56192
	54.6283 7.07219
	53.8212 5.90292
	53.4452 5.44249
	52.5462 4.34117
	52.1336 3.91194
	51.1507 2.88859
	50.0878 1.94698
	49.6429 1.55273
	49.167 1.19509
	48.0315 0.34175
	47.5285 0.023591
	46.3272 -0.735882
	45.8009 -1.0121
	44.5432 -1.67226
	43.9956 -1.90552
	42.6903 -2.46161
	42.126 -2.65023
	40.7779 -3.1002
	40.2004 -3.24263
	38.8204 -3.58269
	37.4198 -3.81033
	36.8329 -3.90589
	36.2386 -3.9539
	34.8225 -4.0682
	34.2277 -4.0682
	32.807 -4.0682
	32.214 -4.0203
	30.7984 -3.90603
	29.3953 -3.67798
	28.8097 -3.58268
	28.2327 -3.44067
	26.8529 -3.1005
	26.2886 -2.91224
	24.9406 -2.46214
	24.3937 -2.22912
	23.0866 -1.67228
	21.8288 -1.0121
	21.3022 -0.735768
	20.102 0.0231519
	19.5987 0.341373
	19.1225 0.699244
	17.9881 1.55182
	17.5428 1.94614
	16.4791 2.88852
	16.0671 3.3175
	15.0829 4.34205
	14.1847 5.44224
	13.8084 5.9031
	13.4704 6.39279
	12.6635 7.56168
	12.1939 8.37498
	11.9531 8.79217
	11.6557 9.30732
	11.4007 9.84457
	10.7915 11.1285
	10.5806 11.6848
	10.0771 13.0124
	9.6822 14.3758
	9.64616 14.5002
	9.51603 14.9497
	9.39733 15.5317
	9.11339 16.9224
	9.04165 17.5131
	8.87041 18.9234
	8.81324 20.3417
	8.78912 20.9373
	8.81324 21.5326
	8.87042 22.9512
	8.94215 23.5416
	9.11334 24.9516
	9.39733 26.3426
	9.51622 26.9255
	9.68199 27.4977
	10.0771 28.8619
	10.5806 30.1895
	10.7918 30.7466
	11.0471 31.2845
	11.6556 32.5669
	11.9531 33.0822
	12.6635 34.3126
	13.4704 35.4815
	13.8084 35.9712
	14.1847 36.432
	15.083 37.5323
	15.4951 37.9614
	16.479 38.9857
	17.5428 39.9282
	17.9881 40.3225
	18.813 40.9424
	-61.5276 40.9424
	-61.5276 39.9218
	-61.5276 -41.2641
	-48.9775 -41.2641
	58.4485 -41.2641
	63.7791 -41.2641
	63.7791 39.9218
	63.7791 40.9424

	62.7791 39.9424
	58.4485 39.9424
	51.5788 39.9424
	51.8438 39.7076
	52.2836 39.2498
	53.2967 38.1952
	53.6989 37.7023
	53.9018 37.4537
	54.6215 36.5723
	54.9823 36.0495
	55.8121 34.8475
	56.5426 33.5822
	56.8602 33.032
	57.1324 32.4584
	57.7589 31.1381
	57.9841 30.5441
	58.5019 29.1788
	58.9082 27.7759
	59.0846 27.167
	59.2118 26.5446
	59.5047 25.1104
	59.581 24.4797
	59.7567 23.0325
	59.7824 22.3979
	59.8413 20.9372
	59.7824 19.4764
	59.7568 18.8437
	59.6806 18.2142
	59.5042 16.761
	59.3769 16.1386
	59.085 14.7084
	58.9082 14.0984
	58.502 12.696
	58.2769 12.1022
	57.7587 10.7357
	57.1324 9.41591
	56.8602 8.84227
	56.5426 8.29212
	55.8122 7.02703
	55.4513 6.50413
	54.6213 5.30166
	54.2198 4.81006
	53.2952 3.67741
	52.8547 3.21909
	51.8439 2.1668
	50.751 1.1985
	50.2759 0.777556
	49.7678 0.39568
	48.6 -0.481867
	48.0629 -0.821588
	46.8276 -1.60264
	46.2656 -1.89756
	44.9722 -2.57644
	44.3876 -2.82552
	43.0454 -3.39732
	42.4428 -3.59872
	41.0563 -4.06147
	40.4398 -4.21356
	39.0206 -4.56328
	37.5804 -4.79736
	36.9537 -4.89939
	36.3191 -4.95066
	34.8628 -5.0682
	34.2277 -5.0682
	32.7667 -5.0682
	32.1335 -5.01706
	30.6777 -4.89955
	29.2347 -4.66501
	28.6095 -4.56327
	27.9935 -4.41165
	26.5745 -4.06181
	25.972 -3.86079
	24.5857 -3.39791
	24.0017 -3.14912
	22.6575 -2.57647
	21.3641 -1.89755
	20.8019 -1.60251
	19.5676 -0.822076
	19.0302 -0.482286
	18.5217 -0.100152
	17.3552 0.776542
	16.8798 1.19756
	15.7859 2.16672
	15.3459 2.62475
	14.3338 3.67839
	13.4101 4.80978
	13.0083 5.30185
	12.6474 5.82473
	11.8176 7.02676
	11.3279 7.87498
	11.087 8.29219
	10.7695 8.84223
	10.4973 9.41588
	9.87076 10.7362
	9.64556 11.3303
	9.12784 12.6955
	8.72171 14.0975
	8.68564 14.222
	8.54426 14.7104
	8.41752 15.3318
	8.12555 16.7619
	8.04894 17.3925
	7.87284 18.8429
	7.81405 20.3014
	7.7883 20.9373
	7.81406 21.573
	7.87285 23.0317
	7.94944 23.6622
	8.12549 25.1122
	8.41752 26.5425
	8.54447 27.1649
	8.72147 27.776
	9.12784 29.1788
	9.64556 30.544
	9.87107 31.1389
	10.1437 31.7132
	10.7694 33.032
	11.0871 33.5822
	11.8176 34.8475
	12.6474 36.0496
	13.0083 36.5724
	13.4101 37.0645
	14.3339 38.196
	14.7739 38.6541
	15.7858 39.7075
	16.0509 39.9424
	-60.5276 39.9424
	-60.5276 39.9218
	-60.5276 -40.2641
	-48.9775 -40.2641
	58.4485 -40.2641
	62.7791 -40.2641
	62.7791 39.9218
	62.7791 39.9424

	58.4485 38.9424
	53.9656 38.9424
	54.0459 38.8588
	54.4737 38.3346
	54.6765 38.0861
	55.4216 37.1736
	55.8053 36.6176
	56.658 35.3824
	57.4086 34.0822
	57.7464 33.4971
	58.0359 32.8871
	58.6797 31.5303
	58.9192 30.8986
	59.4512 29.4958
	59.8688 28.0542
	60.0563 27.4066
	60.1916 26.7448
	60.4926 25.2707
	60.5738 24.6
	60.7543 23.1131
	60.7816 22.4382
	60.8421 20.9372
	60.7816 19.4361
	60.7544 18.7632
	60.6733 18.0939
	60.492 16.6004
	60.3567 15.9384
	60.0567 14.4689
	59.8688 13.8201
	59.4514 12.3792
	59.212 11.7477
	58.6794 10.3434
	58.0359 8.98722
	57.7464 8.37718
	57.4087 7.79213
	56.6581 6.49215
	56.2743 5.93606
	55.4213 4.7004
	54.9945 4.17762
	54.0443 3.01365
	53.5758 2.52624
	52.5372 1.44501
	51.4141 0.450025
	50.9089 0.00238165
	50.3686 -0.403732
	49.1686 -1.30548
	48.5974 -1.66677
	47.328 -2.46939
	46.7304 -2.78302
	45.4013 -3.48062
	44.7795 -3.74551
	43.4004 -4.33303
	42.7596 -4.54722
	41.3348 -5.02275
	40.6792 -5.18449
	39.2208 -5.54387
	37.741 -5.78439
	37.0745 -5.89289
	36.3995 -5.94741
	34.9031 -6.0682
	34.2277 -6.0682
	32.7263 -6.0682
	32.0531 -6.01381
	30.5571 -5.89306
	29.0742 -5.65205
	28.4094 -5.54386
	27.7543 -5.38262
	26.2961 -5.02312
	25.6554 -4.80935
	24.2308 -4.33368
	23.6098 -4.06911
	22.2285 -3.48065
	20.8993 -2.78301
	20.3015 -2.46925
	19.0332 -1.6673
	18.4616 -1.30594
	17.9209 -0.899547
	16.7223 0.00126649
	16.2167 0.448988
	15.0926 1.44492
	14.6247 1.93201
	13.5847 3.01473
	12.6355 4.17732
	12.2082 4.70061
	11.8244 5.25666
	10.9718 6.49185
	10.4619 7.37499
	10.221 7.79221
	9.8833 8.37715
	9.59384 8.98718
	8.95 10.344
	8.71052 10.9757
	8.17853 12.3785
	7.76122 13.8192
	7.72512 13.9437
	7.57248 14.4711
	7.43771 15.1318
	7.1377 16.6013
	7.05623 17.2719
	6.87527 18.7623
	6.81487 20.261
	6.78748 20.9373
	6.81487 21.6134
	6.87529 23.1123
	6.95673 23.7828
	7.13764 25.2727
	7.43771 26.7425
	7.57272 27.4044
	7.76096 28.0542
	8.17853 29.4958
	8.71052 30.8986
	8.95035 31.5312
	9.24031 32.142
	9.88325 33.4971
	10.2211 34.0822
	10.9717 35.3824
	11.8244 36.6177
	12.2082 37.1737
	12.6355 37.697
	13.5847 38.8596
	13.6642 38.9424
	-59.5276 38.9424
	-59.5276 -39.2641
	-48.9775 -39.2641
	58.4485 -39.2641
	61.7791 -39.2641
	61.7791 38.9424
	58.4485 38.9424

	58.4485 37.9424
	56.0848 37.9424
	56.2217 37.7748
	56.6283 37.1857
	57.5039 35.9173
	58.2747 34.5822
	58.6326 33.9622
	58.9393 33.3157
	59.6004 31.9226
	59.8542 31.2531
	60.4005 29.8127
	60.7791 28.5056
	60.7791 37.9424
	58.4485 37.9424

	60.4007 12.0623
	60.147 11.3932
	59.6001 9.9511
	58.9393 8.55853
	58.6326 7.9121
	58.2747 7.29214
	57.504 5.95726
	57.0973 5.36799
	56.2214 4.09913
	55.7691 3.54519
	54.7933 2.34989
	54.2969 1.83339
	53.2305 0.723221
	52.0773 -0.298454
	51.542 -0.772793
	50.9694 -1.20314
	49.7372 -2.1291
	49.1319 -2.51195
	47.8283 -3.33614
	47.1951 -3.66847
	45.8303 -4.38481
	45.1715 -4.6655
	43.7555 -5.26874
	43.0764 -5.49571
	41.6133 -5.98403
	40.9186 -6.15541
	39.4209 -6.52446
	37.9015 -6.77141
	37.1953 -6.88639
	36.48 -6.94417
	34.9434 -7.0682
	34.2277 -7.0682
	32.686 -7.0682
	31.9726 -7.01057
	30.4365 -6.88658
	28.9137 -6.63908
	28.2093 -6.52444
	27.5151 -6.3536
	26.0177 -5.98443
	25.3388 -5.75791
	23.8759 -5.26945
	23.2178 -4.9891
	21.7995 -4.38484
	20.4346 -3.66846
	19.8011 -3.33599
	18.4988 -2.51253
	17.8931 -2.1296
	17.3201 -1.69894
	16.0894 -0.774009
	15.5537 -0.299586
	14.3993 0.723121
	13.9035 1.23927
	12.8356 2.35107
	11.8609 3.54486
	11.4081 4.09936
	11.0014 4.68859
	10.1259 5.95693
	9.59584 6.875
	9.35496 7.29223
	8.99712 7.91206
	8.69039 8.55849
	8.02925 9.95178
	7.77548 10.6212
	7.22922 12.0616
	6.80073 13.5409
	6.76461 13.6655
	6.60071 14.2317
	6.45791 14.9319
	6.14986 16.4407
	6.06353 17.1514
	5.87771 18.6818
	5.81568 20.2206
	5.78665 20.9373
	5.81569 21.6538
	5.87772 23.1928
	5.96403 23.9033
	6.14979 25.4333
	6.45791 26.9424
	6.60096 27.6438
	6.80045 28.3324
	7.22923 29.8127
	7.77548 31.2531
	8.02962 31.9235
	8.33689 32.5707
	8.99706 33.9621
	9.35502 34.5822
	10.1258 35.9173
	11.0014 37.1857
	11.4081 37.7749
	11.5449 37.9424
	-58.5276 37.9424
	-58.5276 -38.2641
	-48.9775 -38.2641
	58.4485 -38.2641
	60.7791 -38.2641
	60.7791 13.3687
	60.4007 12.0623

	58.4485 36.9424
	58.0114 36.9424
	58.3497 36.4522
	59.1407 35.0822
	59.5188 34.4273
	59.7791 33.8787
	59.7791 36.9424
	58.4485 36.9424

	59.5188 7.44701
	59.1407 6.79215
	58.3499 5.42237
	57.9203 4.79993
	57.0215 3.49787
	56.5437 2.91275
	55.5424 1.68613
	55.018 1.14054
	53.9238 0.00143066
	52.7405 -1.04693
	52.175 -1.54797
	51.5702 -2.00256
	50.3057 -2.95272
	49.6664 -3.35712
	48.3287 -4.2029
	47.6598 -4.55393
	46.2594 -5.28899
	45.5634 -5.58549
	44.1105 -6.20445
	43.3932 -6.4442
	41.8918 -6.94531
	41.1579 -7.12634
	39.6211 -7.50505
	38.0621 -7.75844
	37.3161 -7.87989
	36.5605 -7.94093
	34.9837 -8.0682
	34.2277 -8.0682
	32.6457 -8.0682
	31.8921 -8.00732
	30.3158 -7.88009
	28.7531 -7.62611
	28.0091 -7.50503
	27.2759 -7.32457
	25.7394 -6.94574
	25.0222 -6.70647
	23.521 -6.20522
	22.8259 -5.90909
	21.3704 -5.28903
	19.9699 -4.55392
	19.3007 -4.20273
	17.9644 -3.35776
	17.3246 -2.95326
	16.7193 -2.49834
	15.4565 -1.54929
	14.8906 -1.04816
	13.706 0.00132257
	13.1823 0.546521
	12.0865 1.68741
	11.0863 2.9124
	10.608 3.49812
	10.1784 4.12053
	9.28002 5.42202
	8.72981 6.37501
	8.48893 6.79225
	8.11094 7.44697
	7.78694 8.1298
	7.10849 9.55956
	6.84043 10.2667
	6.27992 11.7447
	5.84024 13.2626
	5.80409 13.3873
	5.62893 13.9924
	5.4781 14.732
	5.16201 16.2801
	5.07082 17.0308
	4.88014 18.6013
	4.8165 20.1803
	4.78583 20.9373
	4.8165 21.6942
	4.88016 23.2734
	4.97132 24.0239
	5.16194 25.5938
	5.4781 27.1423
	5.62921 27.8832
	5.83994 28.6107
	6.27992 30.1296
	6.84043 31.6076
	7.1089 32.3158
	7.43347 32.9995
	8.11087 34.4272
	8.48899 35.0822
	9.27997 36.4522
	9.61835 36.9424
	-57.5276 36.9424
	-57.5276 -37.2641
	-48.9775 -37.2641
	58.4485 -37.2641
	59.7791 -37.2641
	59.7791 7.99563
	59.5188 7.44701

	58.7433 4.23186
	57.8215 2.8966
	57.3183 2.28032
	56.2914 1.02237
	55.739 0.447687
	54.6171 -0.720359
	53.4036 -1.79541
	52.808 -2.32314
	52.171 -2.80197
	50.8743 -3.77633
	50.2009 -4.2023
	48.829 -5.06965
	48.1245 -5.43938
	46.6884 -6.19318
	45.9553 -6.50548
	44.4655 -7.14016
	43.71 -7.39269
	42.1703 -7.90658
	41.3973 -8.09726
	39.8213 -8.48564
	38.2226 -8.74546
	37.4369 -8.87339
	36.641 -8.93768
	35.024 -9.0682
	34.2277 -9.0682
	32.6054 -9.0682
	31.8116 -9.00408
	30.1952 -8.87361
	28.5926 -8.61314
	27.809 -8.48562
	27.0368 -8.29555
	25.461 -7.90705
	24.7056 -7.65503
	23.1661 -7.14099
	22.434 -6.82908
	20.9414 -6.19321
	19.5052 -5.43937
	18.8003 -5.06947
	17.43 -4.20299
	16.7561 -3.77692
	16.1185 -3.29773
	14.8236 -2.32456
	14.2276 -1.79673
	13.0128 -0.720476
	12.4611 -0.146224
	11.3373 1.02375
	10.3117 2.27993
	9.80795 2.89687
	9.35545 3.55246
	8.43415 4.88711
	7.86378 5.87502
	7.62289 6.29226
	7.22476 6.98189
	6.88349 7.70111
	6.18774 9.16733
	5.90539 9.91214
	5.33061 11.4278
	4.87975 12.9842
	4.84358 13.1091
	4.65716 13.7531
	4.49829 14.532
	4.17416 16.1196
	4.07812 16.9103
	3.88258 18.5207
	3.81731 20.1399
	3.78501 20.9373
	3.81732 21.7345
	3.88259 23.354
	3.97862 24.1444
	4.17409 25.7544
	4.49829 27.3423
	4.65746 28.1227
	4.87942 28.8889
	5.33061 30.4465
	5.90539 31.9622
	6.18818 32.7081
	6.53006 33.4283
	7.22469 34.8923
	7.62296 35.5821
	7.83095 35.9424
	-56.5276 35.9424
	-56.5276 -36.2641
	-48.9775 -36.2641
	58.4485 -36.2641
	58.7791 -36.2641
	58.7791 4.2838
	58.7433 4.23186

	57.0404 0.358615
	56.4601 -0.245164
	55.3104 -1.44215
	54.0668 -2.54389
	53.4411 -3.09832
	52.7717 -3.60138
	51.4429 -4.59995
	50.7354 -5.04748
	49.3294 -5.9364
	48.5892 -6.32484
	47.1174 -7.09736
	46.3473 -7.42547
	44.8206 -8.07588
	44.0268 -8.34119
	42.4488 -8.86786
	41.6367 -9.06819
	40.0214 -9.46622
	38.3832 -9.73249
	37.5577 -9.86689
	36.7215 -9.93444
	35.0643 -10.0682
	34.2277 -10.0682
	32.565 -10.0682
	31.7311 -10.0008
	30.0745 -9.86712
	28.4321 -9.60017
	27.6089 -9.4662
	26.7976 -9.26652
	25.1826 -8.86836
	24.389 -8.60359
	22.8112 -8.07676
	22.042 -7.74907
	20.5123 -7.0974
	19.0404 -6.32483
	18.2999 -5.93621
	16.8956 -5.04821
	16.1875 -4.60058
	15.5177 -4.09713
	14.1907 -3.09984
	13.5645 -2.54531
	12.3195 -1.44227
	11.74 -0.838968
	10.5882 0.360085
	9.53713 1.64747
	9.00786 2.29563
	8.53247 2.98439
	7.58829 4.35219
	6.99775 5.37503
	6.75686 5.79228
	6.33857 6.5168
	5.98004 7.27241
	5.26698 8.7751
	4.97035 9.55761
	4.38131 11.1108
	3.91927 12.7059
	3.88306 12.8308
	3.68539 13.5137
	3.51848 14.3321
	3.18632 15.959
	3.08541 16.7897
	2.88501 18.4402
	2.81813 20.0995
	2.78419 20.9373
	2.81814 21.7749
	2.88503 23.4345
	2.98591 24.265
	3.18624 25.9149
	3.51848 27.5422
	3.6857 28.3621
	3.91891 29.1671
	4.38131 30.7635
	4.97035 32.3167
	5.26745 33.1004
	5.62664 33.857
	6.14161 34.9424
	-55.5276 34.9424
	-55.5276 -35.2641
	-48.9775 -35.2641
	57.7791 -35.2641
	57.7791 1.26347
	57.0404 0.358615

	56.0036 -2.16394
	54.7299 -3.29237
	54.0741 -3.87349
	53.3725 -4.40079
	52.0115 -5.42357
	51.2698 -5.89266
	49.8298 -6.80316
	49.054 -7.2103
	47.5465 -8.00154
	46.7392 -8.34547
	45.1756 -9.01159
	44.3436 -9.28968
	42.7273 -9.82914
	41.8761 -10.0391
	40.2216 -10.4468
	38.5438 -10.7195
	37.6785 -10.8604
	36.802 -10.9312
	35.1046 -11.0682
	34.2277 -11.0682
	32.5247 -11.0682
	31.6506 -10.9976
	29.9539 -10.8606
	28.2716 -10.5872
	27.4088 -10.4468
	26.5584 -10.2375
	24.9042 -9.82967
	24.0724 -9.55215
	22.4563 -9.01253
	21.6501 -8.66906
	20.0833 -8.00159
	18.5757 -7.21029
	17.7996 -6.80295
	16.3612 -5.89344
	15.619 -5.42424
	14.9169 -4.89652
	13.5578 -3.87511
	12.9015 -3.29388
	11.6262 -2.16407
	11.0188 -1.53171
	9.8391 -0.303576
	8.76254 1.01501
	8.20778 1.69438
	7.70948 2.41632
	6.74242 3.81728
	6.13172 4.87503
	5.89082 5.2923
	5.45239 6.05171
	5.07659 6.84372
	4.34623 8.38288
	4.0353 9.20308
	3.432 10.7939
	2.95878 12.4276
	2.92254 12.5526
	2.71361 13.2744
	2.53868 14.1321
	2.19847 15.7984
	2.0927 16.6691
	1.88744 18.3597
	1.81895 20.0591
	1.78337 20.9373
	1.81895 21.8153
	1.88746 23.5151
	1.9932 24.3856
	2.19839 26.0755
	2.53868 27.7422
	2.71395 28.6015
	2.9584 29.4454
	3.432 31.0804
	4.0353 32.6712
	4.34673 33.4927
	4.5602 33.9424
	-54.5276 33.9424
	-54.5276 -34.2641
	-49.9775 -34.2641
	56.7791 -34.2641
	56.7791 -1.35663
	56.0036 -2.16394

	55.3931 -4.04085
	54.7071 -4.64866
	53.9733 -5.2002
	52.58 -6.24718
	51.8043 -6.73784
	50.3301 -7.66991
	49.5187 -8.09575
	47.9755 -8.90573
	47.1311 -9.26546
	45.5306 -9.9473
	44.6604 -10.2382
	43.0058 -10.7904
	42.1155 -11.01
	40.4218 -11.4274
	38.7043 -11.7065
	37.7993 -11.8539
	36.8824 -11.9279
	35.1449 -12.0682
	34.2277 -12.0682
	32.4844 -12.0682
	31.5701 -11.9943
	29.8333 -11.8542
	28.111 -11.5742
	27.2086 -11.4274
	26.3192 -11.2085
	24.6258 -10.791
	23.7558 -10.5007
	22.1014 -9.9483
	21.2581 -9.58906
	19.6543 -8.90577
	18.111 -8.09574
	17.2992 -7.66969
	15.8268 -6.73867
	15.0505 -6.2479
	14.3161 -5.69592
	12.9249 -4.65039
	12.2384 -4.04245
	10.9329 -2.88587
	10.2976 -2.22446
	9.08998 -0.967237
	7.98794 0.382549
	7.4077 1.09314
	6.8865 1.84826
	5.89655 3.28236
	5.26569 4.37504
	5.02478 4.79232
	4.56621 5.58663
	4.17314 6.41503
	3.42548 7.99065
	3.10026 8.84855
	2.48269 10.477
	1.99829 12.1493
	1.96203 12.2744
	1.74184 13.0351
	1.55887 13.9322
	1.21063 15.6378
	1.1 16.5486
	0.889877 18.2791
	0.819761 20.0188
	0.782553 20.9374
	0.819767 21.8557
	0.889896 23.5956
	1.0005 24.5061
	1.21053 26.236
	1.55887 27.9421
	1.7422 28.841
	1.99788 29.7236
	2.48269 31.3973
	3.06865 32.9424
	-53.5276 32.9424
	-53.5276 -33.2641
	-49.9775 -33.2641
	55.7791 -33.2641
	55.7791 -3.69887
	55.3931 -4.04085

	54.5741 -5.99962
	53.1486 -7.0708
	52.3388 -7.58302
	50.8305 -8.53666
	49.9834 -8.98121
	48.4046 -9.80991
	47.5231 -10.1854
	45.8857 -10.883
	44.9772 -11.1867
	43.2843 -11.7517
	42.3548 -11.981
	40.622 -12.408
	38.8649 -12.6936
	37.9201 -12.8474
	36.9629 -12.9247
	35.1852 -13.0682
	34.2277 -13.0682
	32.4441 -13.0682
	31.4897 -12.9911
	29.7126 -12.8477
	27.9505 -12.5613
	27.0085 -12.408
	26.08 -12.1794
	24.3475 -11.7523
	23.4392 -11.4493
	21.7465 -10.8841
	20.8662 -10.509
	19.2252 -9.80996
	17.6463 -8.9812
	16.7988 -8.53644
	15.2924 -7.5839
	14.482 -7.07155
	13.7153 -6.49531
	12.292 -5.42566
	11.5754 -4.79103
	10.2397 -3.60767
	9.5764 -2.9172
	8.34086 -1.6309
	7.21335 -0.249913
	6.60762 0.491892
	6.06352 1.28019
	5.05068 2.74745
	4.39965 3.87505
	4.15875 4.29234
	3.68003 5.12154
	3.26969 5.98634
	2.50472 7.59843
	2.16521 8.49401
	1.53339 10.1601
	1.0378 11.871
	1.00151 11.9962
	0.770063 12.7958
	0.57906 13.7322
	0.222783 15.4773
	0.107291 16.428
	-0.107689 18.1986
	-0.179424 19.9784
	-0.218267 20.9374
	-0.179418 21.8961
	-0.107669 23.6762
	0.00779121 24.6267
	0.222683 26.3965
	0.57906 28.1421
	0.770444 29.0804
	1.03737 30.0019
	1.53339 31.7142
	1.61992 31.9424
	-52.5276 31.9424
	-52.5276 -32.2641
	-49.9775 -32.2641
	54.7791 -32.2641
	54.7791 -5.84553
	54.5741 -5.99962

	53.7172 -7.89442
	52.8733 -8.4282
	51.3308 -9.40342
	50.4481 -9.86666
	48.8336 -10.7141
	47.915 -11.1054
	46.2407 -11.8187
	45.294 -12.1352
	43.5628 -12.713
	42.5942 -12.9519
	40.8221 -13.3886
	39.0255 -13.6806
	38.0409 -13.8409
	37.0434 -13.9215
	35.2255 -14.0682
	34.2277 -14.0682
	32.4038 -14.0682
	31.4092 -13.9879
	29.592 -13.8412
	27.79 -13.5483
	26.8084 -13.3886
	25.8408 -13.1504
	24.0691 -12.7136
	23.1226 -12.3978
	21.3916 -11.8198
	20.4743 -11.429
	18.7962 -10.7141
	17.1815 -9.86665
	16.2984 -9.40318
	14.758 -8.42912
	13.9134 -7.89521
	13.1145 -7.29471
	11.6591 -6.20094
	10.9123 -5.5396
	9.54639 -4.32947
	8.85522 -3.60995
	7.59174 -2.29456
	6.43876 -0.882375
	5.80754 -0.109353
	5.24054 0.712122
	4.20482 2.21254
	3.53362 3.37506
	3.29271 3.79236
	2.79385 4.65645
	2.36624 5.55764
	1.58397 7.2062
	1.23017 8.13948
	0.584081 9.84315
	0.0773096 11.5927
	0.0409963 11.7179
	-0.201711 12.5564
	-0.400748 13.5323
	-0.765062 15.3167
	-0.885415 16.3075
	-1.10526 18.1181
	-1.17861 19.938
	-1.21909 20.9374
	-1.1786 21.9364
	-1.10523 23.7568
	-0.984915 24.7472
	-0.765168 26.5571
	-0.400748 28.342
	-0.201309 29.3198
	0.0768595 30.2801
	0.268708 30.9424
	-51.5276 30.9424
	-51.5276 -31.2641
	-49.9775 -31.2641
	53.7791 -31.2641
	53.7791 -7.84789
	53.7172 -7.89442

	51.8312 -10.2702
	50.9129 -10.7521
	49.2626 -11.6183
	48.307 -12.0254
	46.5958 -12.7544
	45.6108 -13.0836
	43.8413 -13.6742
	42.8336 -13.9228
	41.0223 -14.3692
	39.186 -14.6676
	38.1617 -14.8344
	37.1239 -14.9182
	35.2658 -15.0682
	34.2277 -15.0682
	32.3634 -15.0682
	31.3287 -14.9846
	29.4714 -14.8347
	27.6295 -14.5353
	26.6083 -14.3691
	25.6017 -14.1214
	23.7907 -13.6749
	22.806 -13.3464
	21.0367 -12.7556
	20.0823 -12.349
	18.3672 -11.6183
	16.7168 -10.7521
	15.798 -10.2699
	14.2236 -9.27435
	13.3449 -8.71887
	12.5137 -8.0941
	11.0262 -6.97622
	10.2493 -6.28818
	8.85312 -5.05127
	8.13404 -4.30269
	6.84262 -2.95822
	5.66417 -1.51484
	5.00745 -0.710598
	4.41756 0.144055
	3.35895 1.67762
	2.66759 2.87507
	2.42667 3.29238
	1.90767 4.19137
	1.46279 5.12895
	0.663213 6.81397
	0.295127 7.78495
	-0.365225 9.52622
	-0.883179 11.3143
	-0.91952 11.4397
	-1.17348 12.3171
	-1.38056 13.3324
	-1.75291 15.1561
	-1.87812 16.1869
	-2.10282 18.0375
	-2.17779 19.8977
	-2.21991 20.9374
	-2.17779 21.9768
	-2.1028 23.8373
	-1.97762 24.8678
	-1.75302 26.7176
	-1.38056 28.5419
	-1.17306 29.5593
	-1.06208 29.9424
	-50.5276 29.9424
	-50.5276 -30.2641
	-49.9775 -30.2641
	52.7791 -30.2641
	52.7791 -9.67086
	51.8312 -10.2702

	51.3776 -11.6376
	49.6917 -12.5225
	48.6989 -12.9454
	46.9508 -13.6901
	45.9276 -14.0321
	44.1198 -14.6355
	43.073 -14.8937
	41.2225 -15.3498
	39.3466 -15.6546
	38.2825 -15.8279
	37.2044 -15.915
	35.3061 -16.0682
	34.2277 -16.0682
	32.3231 -16.0682
	31.2482 -15.9814
	29.3507 -15.8282
	27.4689 -15.5224
	26.4081 -15.3497
	25.3625 -15.0924
	23.5123 -14.6362
	22.4894 -14.2949
	20.6818 -13.6914
	19.6904 -13.269
	17.9381 -12.5225
	16.2521 -11.6376
	15.2976 -11.1367
	13.6892 -10.1196
	12.7764 -9.54253
	11.9129 -8.8935
	10.3933 -7.75149
	9.58622 -7.03675
	8.15984 -5.77306
	7.41286 -4.99544
	6.0935 -3.62188
	4.88958 -2.1473
	4.20737 -1.31184
	3.59457 -0.424012
	2.51308 1.14271
	1.80156 2.37508
	1.56064 2.7924
	1.02148 3.72628
	0.559339 4.70026
	-0.257542 6.42175
	-0.639916 7.43041
	-1.31453 9.2093
	-1.84367 11.036
	-1.88004 11.1615
	-2.14526 12.0778
	-2.36036 13.1324
	-2.74075 14.9955
	-2.87083 16.0663
	-3.10039 17.957
	-3.17698 19.8573
	-3.22073 20.9374
	-3.17697 22.0172
	-3.10036 23.9179
	-2.97033 24.9884
	-2.74087 26.8782
	-2.36036 28.7419
	-2.31947 28.9424
	-49.5276 28.9424
	-49.5276 -29.2641
	51.7791 -29.2641
	51.7791 -11.4269
	51.3776 -11.6376

	50.1207 -13.4266
	49.0908 -13.8654
	47.3058 -14.6259
	46.2444 -14.9806
	44.3983 -15.5968
	43.3124 -15.8647
	41.4226 -16.3303
	39.5071 -16.6417
	38.4033 -16.8214
	37.2849 -16.9117
	35.3463 -17.0682
	34.2277 -17.0682
	32.2828 -17.0682
	31.1677 -16.9781
	29.2301 -16.8217
	27.3084 -16.5094
	26.208 -16.3303
	25.1233 -16.0633
	23.2339 -15.5975
	22.1728 -15.2435
	20.3269 -14.6272
	19.2985 -14.189
	17.5091 -13.4267
	15.7874 -12.523
	14.7973 -12.0034
	13.1548 -10.9648
	12.2079 -10.3662
	11.3121 -9.69289
	9.76042 -8.52677
	8.92317 -7.78532
	7.46657 -6.49486
	6.69167 -5.68818
	5.34438 -4.28554
	4.11499 -2.77976
	3.40729 -1.91309
	2.77159 -0.99208
	1.66721 0.607795
	0.935534 1.87508
	0.694602 2.29242
	0.135302 3.26119
	-0.344112 4.27157
	-1.1783 6.02952
	-1.57496 7.07588
	-2.26384 8.89238
	-2.80416 10.7577
	-2.84055 10.8833
	-3.11703 11.8384
	-3.34017 12.9325
	-3.7286 14.835
	-3.86353 15.9458
	-4.09795 17.8765
	-4.17616 19.8169
	-4.22155 20.9374
	-4.17616 22.0576
	-4.09793 23.9984
	-3.96303 25.1089
	-3.72872 27.0387
	-3.54422 27.9424
	-48.5276 27.9424
	-48.5276 -28.2641
	50.7791 -28.2641
	50.7791 -13.0811
	50.1207 -13.4266

	49.4828 -14.7854
	47.6609 -15.5616
	46.5612 -15.9291
	44.6768 -16.5581
	43.5517 -16.8356
	41.6228 -17.3109
	39.6677 -17.6287
	38.5241 -17.8149
	37.3654 -17.9085
	35.3866 -18.0682
	34.2277 -18.0682
	32.2425 -18.0682
	31.0872 -17.9749
	29.1095 -17.8152
	27.1479 -17.4964
	26.0079 -17.3109
	24.8841 -17.0343
	22.9555 -16.5588
	21.8562 -16.1921
	19.972 -15.5629
	18.9065 -15.109
	17.08 -14.3309
	15.3226 -13.4085
	14.2969 -12.8701
	12.6203 -11.81
	11.6394 -11.1898
	10.7113 -10.4923
	9.12752 -9.30204
	8.26012 -8.5339
	6.77329 -7.21666
	5.97049 -6.38092
	4.59527 -4.9492
	3.3404 -3.41222
	2.60721 -2.51433
	1.94861 -1.56015
	0.821346 0.0728806
	0.0695036 1.37509
	-0.171435 1.79243
	-0.75088 2.79611
	-1.24756 3.84287
	-2.09905 5.63729
	-2.51 6.72135
	-3.21314 8.57545
	-3.76465 10.4794
	-3.80107 10.605
	-4.08881 11.5991
	-4.31998 12.7325
	-4.71644 14.6744
	-4.85624 15.8252
	-5.09552 17.7959
	-5.17535 19.7765
	-5.22237 20.9374
	-5.17534 22.098
	-5.09549 24.079
	-4.95574 25.2295
	-4.74776 26.9424
	-47.5276 26.9424
	-47.5276 -27.2641
	49.7791 -27.2641
	49.7791 -14.6592
	49.4828 -14.7854

	48.0159 -16.4973
	46.878 -16.8776
	44.9553 -17.5194
	43.7911 -17.8065
	41.823 -18.2915
	39.8283 -18.6157
	38.6449 -18.8084
	37.4458 -18.9052
	35.4269 -19.0682
	34.2277 -19.0682
	32.2021 -19.0682
	31.0067 -18.9716
	28.9888 -18.8088
	26.9874 -18.4835
	25.8077 -18.2915
	24.6449 -18.0053
	22.6772 -17.5202
	21.5396 -17.1406
	19.6171 -16.4987
	18.5146 -16.029
	16.651 -15.2351
	14.8579 -14.2939
	13.7965 -13.7369
	12.0859 -12.6553
	11.0708 -12.0135
	10.1105 -11.2917
	8.49462 -10.0773
	7.59706 -9.28247
	6.08002 -7.93846
	5.24931 -7.07367
	3.84615 -5.61286
	2.5658 -4.04468
	1.80712 -3.11558
	1.12563 -2.12821
	-0.024522 -0.462033
	-0.796527 0.875101
	-1.03747 1.29245
	-1.63706 2.33102
	-2.15101 3.41418
	-3.0198 5.24507
	-3.44505 6.36682
	-4.16245 8.25853
	-4.72514 10.2011
	-4.76158 10.3268
	-5.06058 11.3598
	-5.29979 12.5326
	-5.70429 14.5138
	-5.84895 15.7047
	-6.09309 17.7154
	-6.17453 19.7362
	-6.22319 20.9374
	-6.17452 22.1383
	-6.09306 24.1596
	-5.94844 25.35
	-5.87652 25.9424
	-46.5276 25.9424
	-46.5276 -26.2641
	48.7791 -26.2641
	48.7791 -16.1721
	48.0159 -16.4973

	47.1948 -17.8261
	45.2338 -18.4806
	44.0305 -18.7774
	42.0231 -19.2721
	39.9888 -19.6028
	38.7657 -19.8019
	37.5263 -19.902
	35.4672 -20.0682
	34.2277 -20.0682
	32.1618 -20.0682
	30.9263 -19.9684
	28.8682 -19.8023
	26.8268 -19.4705
	25.6076 -19.2721
	24.4058 -18.9763
	22.3988 -18.4815
	21.223 -18.0892
	19.2622 -17.4345
	18.1226 -16.949
	16.222 -16.1393
	14.3932 -15.1794
	13.2961 -14.6036
	11.5515 -13.5005
	10.5023 -12.8372
	9.50966 -12.0911
	7.86172 -10.8526
	6.93401 -10.031
	5.38674 -8.66026
	4.52812 -7.76641
	3.09703 -6.27653
	1.79121 -4.67715
	1.00704 -3.71682
	0.302646 -2.69628
	-0.87039 -0.996947
	-1.66256 0.37511
	-1.90351 0.792472
	-2.52324 1.86593
	-3.05446 2.98549
	-3.94056 4.85284
	-4.38009 6.01228
	-5.11176 7.9416
	-5.68562 9.92274
	-5.7221 10.0486
	-6.03236 11.1204
	-6.27959 12.3327
	-6.69213 14.3532
	-6.84165 15.5841
	-7.09065 17.6349
	-7.17372 19.6958
	-7.22401 20.9374
	-7.17371 22.1787
	-7.09062 24.2401
	-7.00531 24.9424
	-45.5276 24.9424
	-45.5276 -25.2641
	47.7791 -25.2641
	47.7791 -17.6308
	47.1948 -17.8261

	45.5123 -19.4419
	44.2699 -19.7484
	42.2233 -20.2527
	40.1494 -20.5898
	38.8865 -20.7954
	37.6068 -20.8988
	35.5075 -21.0682
	34.2277 -21.0682
	32.1215 -21.0682
	30.8458 -20.9651
	28.7475 -20.7958
	26.6663 -20.4575
	25.4075 -20.2527
	24.1666 -19.9472
	22.1204 -19.4428
	20.9064 -19.0377
	18.9073 -18.3702
	17.7307 -17.869
	15.7929 -17.0435
	13.9285 -16.0648
	12.7957 -15.4704
	11.0171 -14.3457
	9.93378 -13.6608
	8.90885 -12.8905
	7.22883 -11.6279
	6.27096 -10.7796
	4.69347 -9.38205
	3.80694 -8.45916
	2.34791 -6.94019
	1.01662 -5.30961
	0.206959 -4.31807
	-0.520337 -3.26435
	-1.71626 -1.53186
	-2.52859 -0.124882
	-2.76954 0.292491
	-3.40942 1.40085
	-3.95791 2.5568
	-4.86131 4.46061
	-5.31513 5.65775
	-6.06106 7.62468
	-6.64611 9.64443
	-6.68262 9.77035
	-7.00413 10.8811
	-7.2594 12.1327
	-7.67998 14.1927
	-7.83436 15.4635
	-8.08822 17.5543
	-8.1729 19.6554
	-8.22483 20.9374
	-8.17289 22.2191
	-8.10343 23.9424
	-44.5276 23.9424
	-44.5276 -24.2641
	46.7791 -24.2641
	46.7791 -19.0191
	45.5123 -19.4419

	44.5093 -20.7193
	42.4235 -21.2333
	40.3099 -21.5768
	39.0073 -21.7889
	37.6873 -21.8955
	35.5478 -22.0682
	34.2277 -22.0682
	32.0812 -22.0682
	30.7653 -21.9619
	28.6269 -21.7893
	26.5058 -21.4445
	25.2074 -21.2332
	23.9274 -20.9182
	21.842 -20.4041
	20.5898 -19.9863
	18.5524 -19.306
	17.3388 -18.789
	15.3639 -17.9476
	13.4637 -16.9503
	12.2953 -16.3371
	10.4827 -15.1909
	9.36526 -14.4845
	8.30805 -13.6899
	6.59593 -12.4031
	5.60791 -11.5282
	4.0002 -10.1039
	3.08576 -9.1519
	1.59879 -7.60385
	0.242029 -5.94207
	-0.593123 -4.91931
	-1.34332 -3.83242
	-2.56212 -2.06677
	-3.39462 -0.624874
	-3.63558 -0.20749
	-4.29561 0.935759
	-4.86136 2.1281
	-5.78207 4.06839
	-6.25018 5.30322
	-7.01037 7.30776
	-7.6066 9.36611
	-7.64313 9.49213
	-7.9759 10.6418
	-8.23921 11.9328
	-8.66782 14.0321
	-8.82706 15.343
	-9.08578 17.4738
	-9.17209 19.615
	-9.22565 20.9374
	-9.17208 22.2595
	-9.14455 22.9424
	-43.5276 22.9424
	-43.5276 -23.2641
	45.7791 -23.2641
	45.7791 -20.4061
	44.5093 -20.7193

	44.7486 -21.6902
	42.6237 -22.2139
	42.3146 -22.2641
	44.7791 -22.2641
	44.7791 -21.6827
	44.7486 -21.6902

	25.0072 -22.2138
	23.6882 -21.8892
	21.5636 -21.3654
	20.2732 -20.9349
	18.1975 -20.2418
	16.9468 -19.709
	14.9349 -18.8518
	12.999 -17.8357
	11.7949 -17.2038
	9.94832 -16.0362
	8.79673 -15.3081
	7.70724 -14.4893
	5.96303 -13.1784
	4.94486 -12.2768
	3.30692 -10.8257
	2.36457 -9.84465
	0.84967 -8.26751
	-0.532562 -6.57453
	-1.39321 -5.52056
	-2.1663 -4.40048
	-3.40799 -2.60169
	-4.26065 -1.12487
	-4.50162 -0.707471
	-5.18179 0.470672
	-5.76481 1.69941
	-6.70282 3.67616
	-7.18522 4.94869
	-7.95967 6.99083
	-8.56709 9.08779
	-8.60365 9.2139
	-8.94768 10.4025
	-9.21902 11.7328
	-9.65567 13.8715
	-9.81977 15.2224
	-10.0833 17.3933
	-10.1713 19.5747
	-10.2265 20.9374
	-10.1857 21.9424
	-42.5276 21.9424
	-42.5276 -22.2641
	25.3161 -22.2641
	25.0072 -22.2138

	17.8426 -21.1775
	16.5549 -20.629
	14.5058 -19.756
	12.5343 -18.7212
	11.2946 -18.0706
	9.41391 -16.8814
	8.22821 -16.1318
	7.10644 -15.2887
	5.33013 -13.9537
	4.28181 -13.0253
	2.61365 -11.5474
	1.64339 -10.5374
	0.100552 -8.93117
	-1.30715 -7.20699
	-2.19329 -6.1218
	-2.98928 -4.96855
	-4.25386 -3.1366
	-5.12668 -1.62486
	-5.36765 -1.20745
	-6.06797 0.0055852
	-6.66827 1.27072
	-7.62358 3.28394
	-8.12027 4.59415
	-8.90898 6.67391
	-9.52758 8.80947
	-9.56416 8.93568
	-9.91945 10.1631
	-10.1988 11.5329
	-10.6435 13.7109
	-10.8125 15.1019
	-11.0809 17.3127
	-11.1705 19.5343
	-11.2273 20.9375
	-11.2271 20.9424
	-41.5276 20.9424
	-41.5276 -21.2641
	18.1018 -21.2641
	17.8426 -21.1775

	12.0696 -19.6067
	10.7942 -18.9373
	8.8795 -17.7266
	7.65969 -16.9555
	6.50563 -16.0881
	4.69723 -14.729
	3.61876 -13.7739
	1.92037 -12.2692
	0.922208 -11.2301
	-0.648567 -9.59483
	-2.08175 -7.83946
	-2.99337 -6.72305
	-3.81227 -5.53662
	-5.09973 -3.67152
	-5.99271 -2.12485
	-6.23369 -1.70743
	-6.95415 -0.459502
	-7.57172 0.842027
	-8.54433 2.89171
	-9.05531 4.23962
	-9.85829 6.35699
	-10.4881 8.53115
	-10.5247 8.65745
	-10.8912 9.92379
	-11.1786 11.3329
	-11.6314 13.5504
	-11.8052 14.9813
	-12.0785 17.2322
	-12.1696 19.4939
	-12.1878 19.9424
	-40.5276 19.9424
	-40.5276 -20.2641
	13.3221 -20.2641
	12.0696 -19.6067

	8.3451 -18.5719
	7.09116 -17.7791
	5.90483 -16.8874
	4.06433 -15.5042
	2.9557 -14.5225
	1.2271 -12.991
	0.201025 -11.9229
	-1.39769 -10.2585
	-2.85634 -8.47192
	-3.79345 -7.32429
	-4.63525 -6.10468
	-5.9456 -4.20643
	-6.85874 -2.62484
	-7.09973 -2.20741
	-7.84033 -0.924588
	-8.47517 0.413334
	-9.46509 2.49948
	-9.99035 3.88509
	-10.8076 6.04006
	-11.4486 8.25283
	-11.4852 8.37923
	-11.863 9.68446
	-12.1584 11.133
	-12.6192 13.3898
	-12.7979 14.8607
	-13.076 17.1517
	-13.1482 18.9424
	-39.5276 18.9424
	-39.5276 -19.2641
	9.43986 -19.2641
	8.3451 -18.5719

	5.30402 -17.6868
	3.43143 -16.2795
	2.29265 -15.2711
	0.533825 -13.7128
	-0.520158 -12.6156
	-2.14681 -10.9222
	-3.63093 -9.10438
	-4.59354 -7.92554
	-5.45823 -6.67275
	-6.79146 -4.74134
	-7.72477 -3.12483
	-7.96576 -2.7074
	-8.72652 -1.38967
	-9.37862 -0.015358
	-10.3858 2.10726
	-10.9254 3.53056
	-11.7569 5.72314
	-12.409 7.97452
	-12.4457 8.101
	-12.8348 9.44513
	-13.1382 10.9331
	-13.6071 13.2292
	-13.7906 14.7402
	-14.0736 17.0711
	-14.1087 17.9424
	-38.5276 17.9424
	-38.5276 -18.2641
	6.07204 -18.2641
	5.30402 -17.6868

	2.79853 -17.0548
	1.6296 -16.0196
	-0.15945 -14.4346
	-1.24134 -13.3084
	-2.89592 -11.5858
	-4.40552 -9.73684
	-5.39362 -8.52678
	-6.28121 -7.24082
	-7.63733 -5.27626
	-8.5908 -3.62482
	-8.8318 -3.20738
	-9.6127 -1.85476
	-10.2821 -0.44405
	-11.3066 1.71503
	-11.8604 3.17602
	-12.7062 5.40621
	-13.3695 7.6962
	-13.4062 7.82278
	-13.8065 9.2058
	-14.1181 10.7331
	-14.5949 13.0686
	-14.7833 14.6196
	-15.0653 16.9424
	-37.5276 16.9424
	-37.5276 -17.2641
	3.07703 -17.2641
	2.79853 -17.0548

	-0.852724 -15.1564
	-1.96252 -14.0011
	-3.64504 -12.2495
	-5.18011 -10.3693
	-6.1937 -9.12803
	-7.10419 -7.80889
	-8.4832 -5.81117
	-9.45683 -4.12481
	-9.69783 -3.70736
	-10.4989 -2.31985
	-11.1855 -0.872743
	-12.2273 1.3228
	-12.7955 2.82149
	-13.6555 5.08929
	-14.33 7.41788
	-14.3667 7.54456
	-14.7783 8.96647
	-15.0979 10.5332
	-15.5827 12.9081
	-15.776 14.4991
	-15.9513 15.9424
	-36.5276 15.9424
	-36.5276 -16.2641
	0.397538 -16.2641
	-0.852724 -15.1564

	-2.68371 -14.6939
	-4.39416 -12.9131
	-5.9547 -11.0018
	-6.99378 -9.72927
	-7.92718 -8.37695
	-9.32907 -6.34609
	-10.3229 -4.62481
	-10.5639 -4.20734
	-11.3851 -2.78494
	-12.089 -1.30144
	-13.1481 0.930578
	-13.7305 2.46696
	-14.6048 4.77237
	-15.2905 7.13956
	-15.3273 7.26633
	-15.7501 8.72714
	-16.0777 10.3332
	-16.5706 12.7475
	-16.7687 14.3785
	-16.8372 14.9424
	-35.5276 14.9424
	-35.5276 -15.2641
	-2.13594 -15.2641
	-2.68371 -14.6939

	-5.14328 -13.5768
	-6.72929 -11.6342
	-7.79386 -10.3305
	-8.75016 -8.94502
	-10.1749 -6.881
	-11.1889 -5.1248
	-11.4299 -4.70732
	-12.2712 -3.25002
	-12.9924 -1.73013
	-14.0689 0.538351
	-14.6656 2.11243
	-15.5541 4.45544
	-16.251 6.86124
	-16.2878 6.98811
	-16.7219 8.48781
	-17.0575 10.1333
	-17.5584 12.5869
	-17.7231 13.9424
	-34.5276 13.9424
	-34.5276 -14.2641
	-4.4831 -14.2641
	-5.14328 -13.5768

	-7.50389 -12.2667
	-8.59395 -10.9318
	-9.57314 -9.51309
	-11.0208 -7.41591
	-12.0549 -5.62479
	-12.2959 -5.2073
	-13.1574 -3.71511
	-13.8959 -2.15882
	-14.9896 0.146125
	-15.6006 1.75789
	-16.5034 4.13852
	-17.2115 6.58292
	-17.2483 6.70988
	-17.6936 8.24848
	-18.0373 9.93335
	-18.5463 12.4263
	-18.609 12.9424
	-33.5276 12.9424
	-33.5276 -13.2641
	-6.68955 -13.2641
	-7.50389 -12.2667

	-9.39403 -11.533
	-10.3961 -10.0812
	-11.8667 -7.95083
	-12.921 -6.12478
	-13.162 -5.70728
	-14.0436 -4.1802
	-14.7993 -2.58751
	-15.9104 -0.246101
	-16.5357 1.40336
	-17.4527 3.82159
	-18.172 6.30461
	-18.2088 6.43166
	-18.6654 8.00915
	-19.0171 9.7334
	-19.4681 11.9424
	-32.5276 11.9424
	-32.5276 -12.2641
	-8.79704 -12.2641
	-9.39403 -11.533

	-11.2191 -10.6492
	-12.7125 -8.48574
	-13.787 -6.62477
	-14.028 -6.20726
	-14.9298 -4.64528
	-15.7028 -3.01621
	-16.8311 -0.638328
	-17.4707 1.04883
	-18.402 3.50467
	-19.1325 6.02629
	-19.1693 6.15343
	-19.6372 7.76982
	-19.9969 9.53346
	-20.2846 10.9424
	-31.5276 10.9424
	-31.5276 -11.2641
	-10.7947 -11.2641
	-11.2191 -10.6492

	-13.5584 -9.02066
	-14.653 -7.12476
	-14.8941 -6.70724
	-15.816 -5.11037
	-16.6062 -3.4449
	-17.7519 -1.03055
	-18.4057 0.694295
	-19.3513 3.18775
	-20.093 5.74797
	-20.1298 5.87521
	-20.609 7.53049
	-20.9767 9.33352
	-21.101 9.9424
	-30.5276 9.9424
	-30.5276 -10.2641
	-12.7001 -10.2641
	-13.5584 -9.02066

	-15.519 -7.62476
	-15.7601 -7.20723
	-16.7022 -5.57546
	-17.5097 -3.87359
	-18.6726 -1.42278
	-19.3408 0.339762
	-20.3007 2.87082
	-21.0534 5.46965
	-21.0904 5.59698
	-21.5807 7.29116
	-21.9175 8.9424
	-29.5276 8.9424
	-29.5276 -9.2641
	-14.5726 -9.2641
	-15.519 -7.62476

	-16.3851 -8.12475
	-16.6261 -7.70721
	-17.5883 -6.04054
	-18.4131 -4.30228
	-19.5934 -1.81501
	-20.2758 -0.0147704
	-21.25 2.5539
	-22.0139 5.19133
	-22.0509 5.31876
	-22.5525 7.05183
	-22.7342 7.9424
	-28.5276 7.9424
	-28.5276 -8.2641
	-16.3046 -8.2641
	-16.3851 -8.12475

	-18.4745 -6.50563
	-19.3166 -4.73097
	-20.5141 -2.20723
	-21.2109 -0.369303
	-22.1993 2.23698
	-22.9744 4.91302
	-23.0114 5.04053
	-23.5243 6.8125
	-23.5508 6.9424
	-27.5276 6.9424
	-27.5276 -7.2641
	-18.0366 -7.2641
	-18.4745 -6.50563

	-20.22 -5.15967
	-21.4349 -2.59946
	-22.1459 -0.723836
	-23.1486 1.92005
	-23.9349 4.6347
	-23.9719 4.76231
	-24.3135 5.9424
	-26.5276 5.9424
	-26.5276 -6.2641
	-19.696 -6.2641
	-20.22 -5.15967

	-22.3556 -2.99169
	-23.081 -1.07837
	-24.0979 1.60313
	-24.8954 4.35638
	-24.9324 4.48408
	-25.0651 4.9424
	-25.5276 4.9424
	-25.5276 -5.2641
	-21.2773 -5.2641
	-22.3556 -2.99169

	-23.2764 -3.38391
	-24.016 -1.4329
	-24.5276 -0.0838792
	-24.5276 -4.2641
	-22.8587 -4.2641
	-23.2764 -3.38391

