	71.7791 -49.2641
	71.7791 19.8805
	71.7791 48.9424
	51.229 48.9424
	29.7871 48.9424
	-69.5276 48.9424
	-69.5276 19.8805
	-69.5276 -49.2641
	-48.9775 -49.2641
	29.7871 -49.2641
	71.7791 -49.2641

	-4.9211 -13.0849
	-4.9211 -43.4295
	-41.143 -43.4295
	-42.6636 -43.4295
	-54.846 -43.4295
	-54.846 -33.4986
	-54.846 -3.1539
	-17.1036 -3.1539
	-4.9211 -3.1539
	-4.9211 -7.2077
	-4.9211 -13.0849

	49.4721 14.2662
	49.2004 13.6937
	48.8846 13.028
	48.5161 12.3898
	48.1993 11.841
	47.7807 11.2345
	47.4207 10.713
	46.9546 10.1423
	46.5539 9.65135
	46.0434 9.11993
	45.6044 8.66294
	45.1301 8.24271
	44.5786 7.75407
	43.9895 7.31137
	43.4828 6.93066
	42.86 6.53678
	42.3243 6.19813
	41.6719 5.85575
	41.1109 5.56123
	40.4329 5.27241
	39.8499 5.02402
	39.151 4.79066
	38.5498 4.59
	37.8344 4.41366
	37.2191 4.26201
	36.5937 4.16036
	35.8663 4.04208
	35.1318 3.98284
	34.5002 3.9318
	33.7633 3.9318
	33.1296 3.9318
	32.395 3.99114
	31.7635 4.04208
	31.1379 4.14376
	30.4106 4.26202
	29.6951 4.43836
	29.0799 4.59
	28.3808 4.82336
	27.7798 5.02401
	27.1019 5.31281
	26.5188 5.56124
	25.9578 5.85575
	25.3053 6.19815
	24.7698 6.53679
	24.1469 6.93064
	23.5577 7.3734
	23.0512 7.75407
	22.4996 8.24268
	22.0253 8.66293
	21.5148 9.19436
	21.0759 9.65136
	20.6751 10.1423
	20.209 10.7131
	19.7904 11.3195
	19.4304 11.841
	19.2487 12.1558
	19.1136 12.3898
	18.7451 13.028
	18.4293 13.6937
	18.1576 14.2662
	17.8963 14.9552
	17.6716 15.5478
	17.4953 16.1564
	17.3303 16.7261
	17.2902 16.8643
	17.1429 17.5862
	17.0162 18.207
	16.9273 18.9386
	16.8509 19.5677
	16.8254 20.2008
	16.7957 20.9372
	16.8254 21.6735
	16.8509 22.3067
	16.9398 23.0381
	17.0161 23.6672
	17.1429 24.2881
	17.2903 25.0101
	17.4953 25.7179
	17.6716 26.3265
	17.8963 26.9191
	18.1576 27.6081
	18.4735 28.2738
	18.7451 28.8462
	19.1136 29.4845
	19.4304 30.0333
	19.7904 30.5549
	20.209 31.1613
	20.6751 31.732
	21.0759 32.223
	21.5863 32.7543
	22.0253 33.2114
	22.4996 33.6316
	23.0512 34.1202
	23.5577 34.5009
	24.1469 34.9437
	24.6826 35.2823
	25.3053 35.6761
	25.9578 36.0185
	26.5188 36.3131
	27.1019 36.5615
	27.7798 36.8503
	28.4787 37.0836
	29.0799 37.2843
	29.695 37.4359
	30.4106 37.6124
	31.138 37.7306
	31.7635 37.8322
	32.395 37.8832
	33.1296 37.9425
	33.8665 37.9425
	34.5002 37.9425
	35.1318 37.8915
	35.8663 37.8322
	36.5936 37.714
	37.2191 37.6124
	37.8344 37.4607
	37.9797 37.4249
	38.5498 37.2843
	39.2489 37.051
	39.8499 36.8503
	40.4329 36.602
	41.1109 36.3131
	41.7633 35.9706
	42.3244 35.6761
	42.9472 35.2823
	43.4828 34.9437
	44.072 34.5009
	44.5786 34.1202
	45.1301 33.6316
	45.6044 33.2114
	46.1148 32.68
	46.5539 32.223
	47.0199 31.6521
	47.1343 31.512
	47.4207 31.1612
	47.8393 30.5549
	48.1993 30.0333
	48.5161 29.4845
	48.8846 28.8463
	49.2004 28.1806
	49.4721 27.6081
	49.7334 26.9191
	49.9581 26.3265
	50.1344 25.7179
	50.3394 25.0101
	50.4869 24.2882
	50.6137 23.6672
	50.7024 22.9357
	50.7788 22.3066
	50.8085 21.5704
	50.834 20.9372
	50.8085 20.3039
	50.7788 19.5677
	50.69 18.8362
	50.6137 18.207
	50.4662 17.485
	50.3394 16.8642
	50.1344 16.1564
	49.9581 15.5478
	49.6968 14.8587
	49.4721 14.2662

	70.7791 -48.2641
	70.7791 19.8805
	70.7791 47.9424
	51.229 47.9424
	29.7871 47.9424
	-68.5276 47.9424
	-68.5276 19.8805
	-68.5276 -48.2641
	-48.9775 -48.2641
	29.7871 -48.2641
	70.7791 -48.2641

	-3.9211 -13.0849
	-3.9211 -44.4295
	-41.143 -44.4295
	-42.6636 -44.4295
	-55.846 -44.4295
	-55.846 -33.4986
	-55.846 -2.1539
	-17.1036 -2.1539
	-3.9211 -2.1539
	-3.9211 -7.2077
	-3.9211 -13.0849

	50.3928 13.8739
	50.1039 13.265
	49.7708 12.5629
	49.3822 11.8898
	49.0452 11.3061
	48.6036 10.6664
	48.2207 10.1118
	47.7293 9.50991
	47.3031 8.9877
	46.7645 8.42715
	46.2977 7.94118
	45.7933 7.49422
	45.2115 6.97883
	44.5902 6.51194
	44.0514 6.10703
	43.3945 5.69157
	42.8247 5.33137
	42.1367 4.97031
	41.5399 4.65705
	40.8249 4.35241
	40.2048 4.08825
	39.4676 3.84213
	38.8283 3.6287
	38.0737 3.44271
	37.4193 3.28143
	36.7541 3.17332
	35.987 3.04857
	35.2122 2.98609
	34.5406 2.9318
	33.7633 2.9318
	33.0892 2.9318
	32.3146 2.99438
	31.6429 3.04856
	30.9775 3.15672
	30.2104 3.28144
	29.4558 3.46741
	28.8014 3.6287
	28.0642 3.87483
	27.425 4.08823
	26.7099 4.39282
	26.0897 4.65707
	25.493 4.97031
	24.805 5.33141
	24.2353 5.69158
	23.5784 6.10698
	22.9569 6.574
	22.4183 6.97884
	21.8365 7.49415
	21.332 7.94115
	20.7936 8.50163
	20.3267 8.98771
	19.9005 9.50982
	19.4089 10.1118
	18.9675 10.7514
	18.5846 11.306
	18.3826 11.6558
	18.2475 11.8898
	17.8589 12.5629
	17.5258 13.265
	17.2369 13.8739
	16.9612 14.6007
	16.7223 15.2309
	16.5348 15.8781
	16.3697 16.4479
	16.3185 16.6249
	16.1631 17.3862
	16.0283 18.0465
	15.9346 18.818
	15.8534 19.4872
	15.8262 20.1605
	15.7949 20.9372
	15.8262 21.7138
	15.8534 22.3872
	15.9471 23.1587
	16.0283 23.8277
	16.1631 24.4881
	16.3185 25.2496
	16.5348 25.9962
	16.7223 26.6434
	16.9612 27.2736
	17.2369 28.0005
	17.5701 28.7025
	17.8589 29.3113
	18.2475 29.9845
	18.5845 30.5682
	18.9674 31.123
	19.409 31.7625
	19.9005 32.3645
	20.3268 32.8866
	20.8651 33.4471
	21.332 33.9331
	21.8365 34.3801
	22.4183 34.8955
	22.9569 35.3003
	23.5784 35.7674
	24.1481 36.1275
	24.8049 36.5429
	25.493 36.904
	26.0897 37.2172
	26.7099 37.4815
	27.425 37.7861
	28.1621 38.0322
	28.8014 38.2456
	29.4557 38.4069
	30.2104 38.593
	30.9776 38.7176
	31.6429 38.8257
	32.3146 38.8799
	33.0892 38.9425
	33.8665 38.9425
	34.5406 38.9425
	35.2122 38.8882
	35.987 38.8257
	36.754 38.701
	37.4193 38.593
	38.0736 38.4316
	38.219 38.3958
	38.8282 38.2456
	39.5656 37.9996
	40.2048 37.786
	40.8248 37.522
	41.5399 37.2172
	42.2281 36.8561
	42.8248 36.5428
	43.4817 36.1275
	44.0513 35.7673
	44.6727 35.3004
	45.2115 34.8955
	45.7933 34.3801
	46.2977 33.9331
	46.836 33.3728
	47.303 32.8867
	47.7945 32.2846
	47.9089 32.1445
	48.2208 31.7624
	48.6622 31.123
	49.0452 30.5682
	49.3822 29.9845
	49.7708 29.3114
	50.1039 28.6093
	50.3928 28.0004
	50.6685 27.2736
	50.9074 26.6434
	51.0949 25.9962
	51.3111 25.2497
	51.4667 24.4883
	51.6015 23.8277
	51.6951 23.0561
	51.7763 22.3872
	51.8077 21.6107
	51.8348 20.9372
	51.8077 20.2636
	51.7763 19.4872
	51.6827 18.7158
	51.6015 18.0465
	51.446 17.2849
	51.3112 16.6247
	51.0949 15.8781
	50.9074 15.2309
	50.6319 14.5042
	50.3928 13.8739

	69.7791 -47.2641
	69.7791 19.8805
	69.7791 46.9424
	51.229 46.9424
	29.7871 46.9424
	-67.5276 46.9424
	-67.5276 19.8805
	-67.5276 -47.2641
	-48.9775 -47.2641
	29.7871 -47.2641
	69.7791 -47.2641

	-2.9211 -13.0849
	-2.9211 -45.4295
	-41.143 -45.4295
	-42.6636 -45.4295
	-56.846 -45.4295
	-56.846 -33.4986
	-56.846 -1.1539
	-17.1036 -1.1539
	-2.9211 -1.1539
	-2.9211 -7.2077
	-2.9211 -13.0849

	51.3136 13.4816
	51.0073 12.8363
	50.6569 12.0978
	50.2482 11.3898
	49.891 10.7712
	49.4266 10.0984
	49.0208 9.51049
	48.5039 8.87752
	48.0522 8.32404
	47.4857 7.73438
	46.991 7.21942
	46.4564 6.74572
	45.8445 6.2036
	45.191 5.7125
	44.6199 5.28339
	43.9289 4.84635
	43.325 4.4646
	42.6014 4.08486
	41.969 3.75287
	41.2168 3.43242
	40.5597 3.15247
	39.7843 2.89359
	39.1067 2.6674
	38.313 2.47177
	37.6195 2.30084
	36.9146 2.18628
	36.1076 2.05505
	35.2927 1.98933
	34.5809 1.9318
	33.7633 1.9318
	33.0489 1.9318
	32.2341 1.99763
	31.5223 2.05504
	30.817 2.16967
	30.0102 2.30086
	29.2165 2.49647
	28.523 2.66741
	27.7475 2.92629
	27.0701 3.15244
	26.318 3.47283
	25.6606 3.75291
	25.0283 4.08486
	24.3046 4.46466
	23.7009 4.84636
	23.0098 5.28332
	22.3561 5.77459
	21.7853 6.20361
	21.1734 6.74563
	20.6387 7.21938
	20.0724 7.80889
	19.5776 8.32407
	19.1259 8.87737
	18.6088 9.5106
	18.1445 10.1834
	17.7387 10.7711
	17.5166 11.1558
	17.3815 11.3898
	16.9728 12.0978
	16.6224 12.8363
	16.3161 13.4816
	16.0262 14.2461
	15.773 14.914
	15.5743 15.5999
	15.4092 16.1698
	15.3467 16.3855
	15.1833 17.1862
	15.0405 17.8859
	14.9419 18.6975
	14.8558 19.4067
	14.827 20.1202
	14.7941 20.9372
	14.827 21.7541
	14.8558 22.4678
	14.9544 23.2792
	15.0404 23.9883
	15.1833 24.6881
	15.3468 25.489
	15.5743 26.2744
	15.773 26.9603
	16.0262 27.6282
	16.3162 28.3928
	16.6666 29.1312
	16.9727 29.7763
	17.3815 30.4845
	17.7387 31.1031
	18.1445 31.691
	18.6089 32.3638
	19.1259 32.9969
	19.5776 33.5503
	20.1439 34.1398
	20.6387 34.6549
	21.1734 35.1287
	21.7853 35.6707
	22.3561 36.0997
	23.01 36.5911
	23.6137 36.9727
	24.3045 37.4096
	25.0283 37.7894
	25.6606 38.1214
	26.318 38.4015
	27.0701 38.7218
	27.8454 38.9807
	28.523 39.2069
	29.2163 39.3778
	30.0102 39.5736
	30.8172 39.7047
	31.5223 39.8193
	32.2341 39.8767
	33.0489 39.9425
	33.8665 39.9425
	34.5809 39.9425
	35.2927 39.885
	36.1076 39.8193
	36.9144 39.6881
	37.6194 39.5736
	38.3129 39.4026
	38.4582 39.3668
	39.1066 39.2069
	39.8822 38.9481
	40.5596 38.7218
	41.2168 38.442
	41.969 38.1214
	42.6928 37.7415
	43.3253 37.4096
	44.0161 36.9727
	44.6199 36.591
	45.2735 36.0998
	45.8445 35.6707
	46.4564 35.1286
	46.991 34.6549
	47.5571 34.0655
	48.0521 33.5503
	48.5691 32.917
	48.6835 32.7769
	49.0209 32.3637
	49.4852 31.691
	49.891 31.1031
	50.2482 30.4845
	50.6569 29.7765
	51.0073 29.038
	51.3136 28.3927
	51.6035 27.6282
	51.8567 26.9603
	52.0554 26.2744
	52.2829 25.4892
	52.4464 24.6883
	52.5894 23.9882
	52.6879 23.1766
	52.7739 22.4677
	52.8069 21.651
	52.8356 20.9372
	52.8069 20.2233
	52.7739 19.4066
	52.6755 18.5953
	52.5894 17.8859
	52.4257 17.0849
	52.2829 16.3852
	52.0554 15.5999
	51.8567 14.9139
	51.5669 14.1496
	51.3136 13.4816

	68.7791 -46.2641
	68.7791 19.8805
	68.7791 45.9424
	51.229 45.9424
	29.7871 45.9424
	-66.5276 45.9424
	-66.5276 19.8805
	-66.5276 -46.2641
	-57.846 -46.2641
	-57.846 -33.4986
	-57.846 -0.1539
	-17.1036 -0.1539
	-1.9211 -0.1539
	-1.9211 -7.2077
	-1.9211 -13.0849
	-1.9211 -46.2641
	29.7871 -46.2641
	68.7791 -46.2641

	52.2343 13.0893
	51.9108 12.4076
	51.5431 11.6327
	51.1142 10.8898
	50.7369 10.2363
	50.2496 9.53027
	49.8208 8.90922
	49.2786 8.24513
	48.8013 7.66039
	48.2068 7.0416
	47.6843 6.49766
	47.1196 5.99723
	46.4774 5.42836
	45.7917 4.91307
	45.1885 4.45975
	44.4633 4.00114
	43.8253 3.59783
	43.0662 3.19942
	42.3981 2.8487
	41.6087 2.51243
	40.9145 2.2167
	40.101 1.94505
	39.3851 1.7061
	38.5523 1.50082
	37.8196 1.32026
	37.0751 1.19924
	36.2283 1.06153
	35.3732 0.992573
	34.6213 0.9318
	33.7633 0.9318
	33.0086 0.9318
	32.1537 1.00087
	31.4017 1.06152
	30.6566 1.18263
	29.8099 1.32029
	28.9772 1.52552
	28.2445 1.70611
	27.4308 1.97776
	26.7153 2.21666
	25.926 2.55284
	25.2316 2.84874
	24.5635 3.19942
	23.8042 3.59792
	23.1665 4.00115
	22.4413 4.45966
	21.7553 4.97519
	21.1524 5.42838
	20.5103 5.9971
	19.9454 6.49761
	19.3512 7.11615
	18.8285 7.66042
	18.3513 8.24493
	17.8087 8.90936
	17.3215 9.61527
	16.8929 10.2362
	16.6506 10.6558
	16.5155 10.8898
	16.0866 11.6327
	15.7189 12.4076
	15.3954 13.0893
	15.0912 13.8915
	14.8237 14.5971
	14.6138 15.3216
	14.4486 15.8916
	14.375 16.1461
	14.2035 16.9862
	14.0526 17.7253
	13.9492 18.5769
	13.8582 19.3261
	13.8279 20.0799
	13.7932 20.9372
	13.8279 21.7944
	13.8582 22.5484
	13.9617 23.3998
	14.0526 24.1488
	14.2035 24.8881
	14.375 25.7285
	14.6137 26.5526
	14.8237 27.2772
	15.0912 27.9828
	15.3955 28.7852
	15.7632 29.5599
	16.0865 30.2413
	16.5155 30.9845
	16.8928 31.638
	17.3215 32.2591
	17.8088 32.9651
	18.3513 33.6294
	18.8285 34.2139
	19.4227 34.8325
	19.9453 35.3766
	20.5103 35.8772
	21.1524 36.4459
	21.7553 36.8991
	22.4415 37.4147
	23.0793 37.818
	23.8041 38.2763
	24.5635 38.6749
	25.2316 39.0256
	25.926 39.3215
	26.7152 39.6576
	27.5287 39.9292
	28.2446 40.1682
	28.9769 40.3487
	29.8099 40.5541
	30.6568 40.6917
	31.4017 40.8128
	32.1536 40.8734
	33.0086 40.9425
	33.8665 40.9425
	34.6213 40.9425
	35.3732 40.8817
	36.2283 40.8128
	37.0748 40.6751
	37.8196 40.5542
	38.5522 40.3735
	38.6974 40.3377
	39.385 40.1682
	40.1989 39.8966
	40.9145 39.6576
	41.6087 39.362
	42.3981 39.0256
	43.1576 38.627
	43.8257 38.2763
	44.5505 37.8179
	45.1884 37.4146
	45.8742 36.8992
	46.4774 36.4459
	47.1196 35.8771
	47.6843 35.3767
	48.2783 34.7583
	48.8012 34.214
	49.3438 33.5494
	49.4582 33.4093
	49.821 32.9649
	50.3082 32.2591
	50.7369 31.638
	51.1142 30.9845
	51.5431 30.2416
	51.9108 29.4667
	52.2343 28.785
	52.5385 27.9828
	52.806 27.2772
	53.016 26.5526
	53.2546 25.7288
	53.4262 24.8884
	53.5772 24.1487
	53.6806 23.2971
	53.7715 22.5483
	53.806 21.6913
	53.8364 20.9372
	53.806 20.183
	53.7715 19.3261
	53.6682 18.4748
	53.5772 17.7253
	53.4055 16.8848
	53.2546 16.1457
	53.016 15.3217
	52.806 14.597
	52.5019 13.795
	52.2343 13.0893

	67.7791 -45.2641
	67.7791 19.8805
	67.7791 44.9424
	51.229 44.9424
	29.7871 44.9424
	-65.5276 44.9424
	-65.5276 19.8805
	-65.5276 -45.2641
	-58.846 -45.2641
	-58.846 -33.4986
	-58.846 0.8461
	-17.1036 0.8461
	-0.9211 0.8461
	-0.9211 -7.2077
	-0.9211 -13.0849
	-0.9211 -45.2641
	29.7871 -45.2641
	67.7791 -45.2641

	53.155 12.697
	52.8142 11.9789
	52.4293 11.1677
	51.9803 10.3898
	51.5828 9.70145
	51.0726 8.96218
	50.6209 8.30795
	50.0532 7.61274
	49.5505 6.99674
	48.928 6.34883
	48.3777 5.7759
	47.7827 5.24874
	47.1104 4.65313
	46.3925 4.11364
	45.757 3.63612
	44.9977 3.15592
	44.3257 2.73107
	43.5309 2.31397
	42.8271 1.94452
	42.0007 1.59243
	41.2694 1.28092
	40.4176 0.996516
	39.6635 0.744796
	38.7916 0.529877
	38.0198 0.339672
	37.2356 0.212198
	36.3489 0.068014
	35.4537 -0.00418382
	34.6616 -0.0682001
	32.9683 -0.0682001
	32.0732 0.00411108
	31.281 0.0680034
	30.4961 0.195589
	29.6097 0.339707
	28.7379 0.55458
	27.9661 0.744811
	27.1141 1.02922
	26.3604 1.28087
	25.5341 1.63284
	24.8025 1.94458
	24.0988 2.31397
	23.3038 2.73117
	22.632 3.15594
	21.8728 3.63601
	21.1545 4.17579
	20.5194 4.65315
	19.8472 5.24858
	19.2521 5.77583
	18.63 6.42342
	18.0793 6.99678
	17.5767 7.61249
	17.0087 8.30813
	16.4985 9.04718
	16.047 9.70125
	15.7846 10.1558
	15.6494 10.3898
	15.2004 11.1677
	14.8155 11.9789
	14.4747 12.697
	14.1562 13.537
	13.8744 14.2801
	13.6533 15.0434
	13.4881 15.6135
	13.4032 15.9067
	13.2237 16.7862
	13.0648 17.5647
	12.9565 18.4564
	12.8607 19.2456
	12.8287 20.0396
	12.7924 20.9372
	12.8287 21.8347
	12.8607 22.6289
	12.969 23.5203
	13.0647 24.3093
	13.2237 25.0881
	13.4033 25.968
	13.6532 26.8309
	13.8744 27.5942
	14.1562 28.3373
	14.4748 29.1775
	14.8597 29.9885
	15.2002 30.7064
	15.6495 31.4845
	16.0469 32.1728
	16.4985 32.8272
	17.0088 33.5663
	17.5767 34.2618
	18.0794 34.8776
	18.7015 35.5253
	19.252 36.0984
	19.8472 36.6257
	20.5194 37.2212
	21.1545 37.6985
	21.873 38.2384
	22.5449 38.6632
	23.3037 39.143
	24.0988 39.5603
	24.8025 39.9297
	25.5341 40.2415
	26.3603 40.5934
	27.2121 40.8778
	27.9662 41.1295
	28.7375 41.3196
	29.6097 41.5347
	30.4965 41.6788
	31.281 41.8063
	32.0732 41.8702
	32.9682 41.9425
	33.8665 41.9425
	34.6616 41.9425
	35.4537 41.8785
	36.3489 41.8063
	37.2351 41.6622
	38.0198 41.5348
	38.7914 41.3445
	38.9367 41.3087
	39.6634 41.1295
	40.5156 40.8452
	41.2694 40.5934
	42.0006 40.282
	42.8272 39.9297
	43.6223 39.5124
	44.3261 39.143
	45.085 38.6632
	45.7569 38.2383
	46.475 37.6987
	47.1104 37.2212
	47.7827 36.6256
	48.3776 36.0985
	48.9994 35.4511
	49.5503 34.8777
	50.1184 34.1819
	50.2328 34.0418
	50.6211 33.5661
	51.1312 32.8272
	51.5828 32.1728
	51.9803 31.4845
	52.4293 30.7066
	52.8142 29.8954
	53.155 29.1773
	53.4736 28.3373
	53.7553 27.5941
	53.9765 26.8309
	54.2263 25.9683
	54.406 25.0885
	54.5651 24.3092
	54.6733 23.4175
	54.769 22.6288
	54.8052 21.7316
	54.8373 20.9372
	54.8052 20.1427
	54.769 19.2456
	54.6609 18.3544
	54.5651 17.5648
	54.3853 16.6847
	54.2263 15.9061
	53.9765 15.0434
	53.7553 14.2801
	53.4369 13.4404
	53.155 12.697

	66.7791 -44.2641
	66.7791 19.8805
	66.7791 43.9424
	51.229 43.9424
	29.7871 43.9424
	-64.5276 43.9424
	-64.5276 19.8805
	-64.5276 -44.2641
	-59.846 -44.2641
	-59.846 -33.4986
	-59.846 1.8461
	-17.1036 1.8461
	0.0788999 1.8461
	0.0788999 -7.2077
	0.0788999 -13.0849
	0.0788999 -44.2641
	29.7871 -44.2641
	66.7791 -44.2641

	54.0757 12.3048
	53.7177 11.5502
	53.3155 10.7026
	52.8463 9.88985
	52.4287 9.16656
	51.8955 8.3941
	51.421 7.70668
	50.8279 6.98034
	50.2996 6.33309
	49.6491 5.65605
	49.071 5.05414
	48.4459 4.50025
	47.7433 3.8779
	46.9932 3.31421
	46.3256 2.81248
	45.5322 2.31071
	44.826 1.8643
	43.9957 1.42853
	43.2562 1.04035
	42.3926 0.67244
	41.6243 0.345148
	40.7343 0.0479794
	39.942 -0.216504
	39.0309 -0.441067
	38.22 -0.640914
	37.396 -0.774842
	36.4696 -0.925503
	35.5341 -1.00094
	34.702 -1.0682
	32.9279 -1.0682
	31.9927 -0.992647
	31.1604 -0.925516
	30.3356 -0.791454
	29.4095 -0.640872
	28.4986 -0.416364
	27.6876 -0.216487
	26.7975 0.0806869
	26.0055 0.345088
	25.1422 0.712853
	24.3734 1.04041
	23.634 1.42853
	22.8034 1.86443
	22.0976 2.31073
	21.3043 2.81235
	20.5537 3.37639
	19.8865 3.87792
	19.1841 4.50006
	18.5588 5.05406
	17.9089 5.73068
	17.3302 6.33314
	16.8021 6.98005
	16.2086 7.70689
	15.6756 8.4791
	15.2011 9.16632
	14.9185 9.65581
	14.7834 9.88985
	14.3142 10.7026
	13.912 11.5502
	13.554 12.3047
	13.2211 13.1824
	12.925 13.9632
	12.6927 14.7651
	12.5276 15.3354
	12.4315 15.6673
	12.2439 16.5862
	12.0769 17.4042
	11.9637 18.3359
	11.8631 19.1651
	11.8295 19.9993
	11.7916 20.9372
	11.8295 21.8751
	11.8631 22.7095
	11.9762 23.6408
	12.0769 24.4698
	12.2439 25.2881
	12.4316 26.2075
	12.6927 27.1091
	12.925 27.9111
	13.2211 28.6919
	13.5541 29.5698
	13.9563 30.4172
	14.314 31.1714
	14.7834 31.9845
	15.201 32.7077
	15.6756 33.3953
	16.2087 34.1676
	16.8021 34.8943
	17.3303 35.5413
	17.9804 36.218
	18.5587 36.8202
	19.1841 37.3742
	19.8865 37.9964
	20.5537 38.4979
	21.3045 39.0621
	22.0104 39.5084
	22.8032 40.0098
	23.634 40.4458
	24.3734 40.8339
	25.1422 41.1614
	26.0055 41.5292
	26.8954 41.8263
	27.6877 42.0908
	28.4982 42.2906
	29.4095 42.5153
	30.3361 42.6658
	31.1604 42.7998
	31.9927 42.8669
	32.9279 42.9425
	33.8592 42.9425
	34.702 42.9425
	35.5341 42.8752
	36.4696 42.7998
	37.3955 42.6492
	38.22 42.5154
	39.0307 42.3154
	39.1759 42.2797
	39.9419 42.0908
	40.8323 41.7937
	41.6243 41.5291
	42.3925 41.202
	43.2562 40.8339
	44.0871 40.3979
	44.8265 40.0097
	45.6194 39.5084
	46.3254 39.062
	47.0757 38.4981
	47.7433 37.9964
	48.4459 37.3741
	49.0709 36.8202
	49.7206 36.1439
	50.2994 35.5414
	50.893 34.8143
	51.0074 34.6742
	51.4212 34.1673
	51.9541 33.3953
	52.4287 32.7077
	52.8463 31.9845
	53.3155 31.1717
	53.7177 30.3241
	54.0757 29.5696
	54.4086 28.6919
	54.7047 27.9111
	54.937 27.1091
	55.198 26.2079
	55.3858 25.2886
	55.553 24.4697
	55.666 23.538
	55.7666 22.7094
	55.8044 21.7719
	55.8381 20.9372
	55.8044 20.1024
	55.7666 19.1651
	55.6536 18.2339
	55.5529 17.4042
	55.3651 16.4846
	55.1981 15.6666
	54.937 14.7652
	54.7046 13.9632
	54.372 13.0859
	54.0757 12.3048

	65.7791 -43.2641
	65.7791 19.8805
	65.7791 42.9424
	51.229 42.9424
	40.5491 42.9424
	41.149 42.7422
	41.9792 42.4649
	42.7845 42.122
	43.6853 41.7381
	44.5518 41.2833
	45.3269 40.8764
	46.1538 40.3536
	46.8939 39.8856
	47.6765 39.2975
	48.3763 38.7716
	49.109 38.1225
	49.7642 37.542
	50.4417 36.8367
	51.0486 36.205
	51.6676 35.4468
	51.782 35.3066
	52.2213 34.7685
	52.7771 33.9633
	53.2746 33.2426
	53.7123 32.4844
	54.2017 31.6368
	54.6211 30.7528
	54.9965 29.9619
	55.3436 29.0465
	55.654 28.228
	55.8975 27.3873
	56.1697 26.4474
	56.3656 25.4887
	56.5408 24.6302
	56.6587 23.6585
	56.7641 22.7899
	56.8036 21.8123
	56.8389 20.9372
	56.8036 20.0621
	56.7641 19.0845
	56.6463 18.1134
	56.5408 17.2437
	56.3449 16.2845
	56.1698 15.4271
	55.8975 14.487
	55.6539 13.6463
	55.307 12.7313
	54.9965 11.9125
	54.6211 11.1215
	54.2017 10.2375
	53.7123 9.38986
	53.2746 8.63167
	52.7185 7.82602
	52.221 7.10541
	51.6025 6.34795
	51.0487 5.66944
	50.3703 4.96328
	49.7643 4.33238
	49.109 3.75176
	48.3763 3.10266
	47.594 2.51477
	46.8941 1.98884
	46.0666 1.46549
	45.3264 0.997535
	44.4604 0.543081
	43.6852 0.136174
	42.7845 -0.247553
	41.9792 -0.590628
	41.051 -0.900557
	40.2204 -1.17781
	39.2702 -1.41201
	38.4202 -1.6215
	37.5565 -1.76188
	36.5902 -1.91902
	35.6146 -1.9977
	34.7423 -2.0682
	32.8876 -2.0682
	31.9123 -1.9894
	31.0398 -1.91904
	30.1752 -1.7785
	29.2093 -1.62145
	28.2593 -1.38731
	27.4092 -1.17778
	26.4808 -0.867849
	25.6507 -0.590697
	24.7502 -0.207138
	23.9443 0.13625
	23.1693 0.54308
	22.3031 0.99768
	21.5632 1.46551
	20.7358 1.98869
	19.9529 2.57698
	19.2535 3.10269
	18.5209 3.75153
	17.8655 4.33229
	17.1877 5.03794
	16.5811 5.66949
	16.0274 6.34761
	15.4085 7.10566
	14.8526 7.91102
	14.3553 8.63139
	14.0525 9.15581
	13.9174 9.38986
	13.428 10.2375
	13.0086 11.1215
	12.6332 11.9124
	12.2861 12.8278
	11.9757 13.6463
	11.7322 14.4869
	11.567 15.0572
	11.4597 15.4279
	11.2641 16.3861
	11.0891 17.2436
	10.971 18.2153
	10.8655 19.0846
	10.8303 19.959
	10.7908 20.9372
	10.8303 21.9154
	10.8655 22.7901
	10.9835 23.7614
	11.089 24.6304
	11.2641 25.4882
	11.4598 26.447
	11.7322 27.3873
	11.9757 28.228
	12.2861 29.0465
	12.6334 29.9622
	13.0528 30.8459
	13.4278 31.6365
	13.9174 32.4844
	14.3551 33.2426
	14.8526 33.9633
	15.4087 34.7689
	16.0274 35.5267
	16.5812 36.2049
	17.2592 36.9108
	17.8654 37.5419
	18.5209 38.1228
	19.2535 38.7716
	19.9529 39.2973
	20.736 39.8858
	21.476 40.3536
	22.3028 40.8765
	23.1693 41.3312
	23.9443 41.7381
	24.7502 42.0814
	25.6506 42.465
	26.5787 42.7749
	27.0806 42.9424
	-63.5276 42.9424
	-63.5276 19.8805
	-63.5276 -43.2641
	-60.846 -43.2641
	-60.846 -33.4986
	-60.846 2.8461
	-17.1036 2.8461
	1.0789 2.8461
	1.0789 -7.2077
	1.0789 -13.0849
	1.0789 -43.2641
	29.7871 -43.2641
	65.7791 -43.2641

	64.7791 -42.2641
	64.7791 19.8805
	64.7791 41.9424
	51.229 41.9424
	45.4478 41.9424
	45.8274 41.7431
	46.6882 41.1988
	47.4624 40.7093
	48.2772 40.097
	49.0092 39.5469
	49.7721 38.871
	50.4575 38.2638
	51.1629 37.5294
	51.7977 36.8687
	52.4422 36.0792
	52.5566 35.9391
	53.0214 35.3697
	53.6001 34.5314
	54.1205 33.7775
	54.5783 32.9844
	55.0879 32.1019
	55.5246 31.1815
	55.9172 30.3542
	56.2786 29.401
	56.6033 28.5449
	56.858 27.6656
	57.1414 26.687
	57.3453 25.6887
	57.5287 24.7907
	57.6514 23.7789
	57.7617 22.8704
	57.8028 21.8526
	57.8397 20.9372
	57.8028 20.0218
	57.7617 19.004
	57.639 17.993
	57.5286 17.0831
	57.3246 16.0845
	57.1415 15.1876
	56.858 14.2087
	56.6033 13.3294
	56.242 12.3767
	55.9172 11.5202
	55.5246 10.6928
	55.0878 9.7724
	54.5783 8.88987
	54.1205 8.09678
	53.5415 7.25793
	53.0211 6.50414
	52.3772 5.71556
	51.7979 5.00578
	51.0914 4.2705
	50.4576 3.61061
	49.7721 3.00326
	49.0093 2.32743
	48.1947 1.71534
	47.4627 1.1652
	46.601 0.620276
	45.8267 0.130768
	44.9251 -0.342365
	44.1143 -0.768001
	43.1765 -1.16755
	42.3341 -1.5264
	41.3676 -1.84909
	40.4988 -2.13911
	39.5095 -2.38296
	38.6204 -2.60209
	37.717 -2.74892
	36.7108 -2.91254
	35.6951 -2.99445
	34.7827 -3.0682
	32.8473 -3.0682
	31.8318 -2.98616
	30.9192 -2.91255
	30.0147 -2.76554
	29.0091 -2.60203
	28.0199 -2.35825
	27.1308 -2.13908
	26.1641 -1.81638
	25.2958 -1.52648
	24.3583 -1.12713
	23.5152 -0.767914
	22.7046 -0.342365
	21.8027 0.130934
	21.0288 0.620301
	20.1673 1.16503
	19.3521 1.77758
	18.6206 2.32746
	17.8578 3.00301
	17.1722 3.61051
	16.4665 4.34521
	15.8319 5.00585
	15.2528 5.71516
	14.6084 6.50442
	14.0296 7.34293
	13.5094 8.09646
	13.1865 8.65581
	13.0514 8.88987
	12.5419 9.7724
	12.1051 10.6928
	11.7125 11.5201
	11.3511 12.4733
	11.0264 13.3294
	10.7717 14.2086
	10.6065 14.7791
	10.488 15.1885
	10.2843 16.1861
	10.1012 17.083
	9.97833 18.0948
	9.86797 19.0041
	9.8311 19.9187
	9.78998 20.9372
	9.8311 21.9557
	9.86798 22.8706
	9.99083 23.8819
	10.1012 24.7909
	10.2843 25.6882
	10.4881 26.6865
	10.7717 27.6656
	11.0264 28.5449
	11.3511 29.4011
	11.7127 30.3545
	12.1494 31.2746
	12.5416 32.1015
	13.0514 32.9844
	13.5092 33.7775
	14.0296 34.5314
	14.6086 35.3701
	15.2528 36.1591
	15.832 36.8686
	16.538 37.6035
	17.1721 38.2637
	17.8578 38.8713
	18.6206 39.5468
	19.3521 40.0967
	20.1675 40.7095
	20.9416 41.1988
	21.8024 41.7432
	22.182 41.9424
	-62.5276 41.9424
	-62.5276 19.8805
	-62.5276 -42.2641
	-61.846 -42.2641
	-61.846 -33.4986
	-61.846 3.8461
	-17.1036 3.8461
	2.0789 3.8461
	2.0789 -7.2077
	2.0789 -13.0849
	2.0789 -42.2641
	29.7871 -42.2641
	64.7791 -42.2641

	63.7791 -41.2641
	63.7791 19.8805
	63.7791 40.9424
	51.229 40.9424
	48.8168 40.9424
	48.878 40.8964
	49.6422 40.3221
	50.4353 39.6195
	51.1508 38.9856
	51.884 38.2222
	52.5468 37.5324
	53.2168 36.7116
	53.3312 36.5715
	53.8215 35.971
	54.4231 35.0995
	54.9663 34.3124
	55.4444 33.4844
	55.974 32.567
	56.428 31.6102
	56.8379 30.7464
	57.2137 29.7556
	57.5526 28.8618
	57.8185 27.9438
	58.1132 26.9265
	58.3251 25.8888
	58.5165 24.9512
	58.6442 23.8994
	58.7593 22.951
	58.802 21.8929
	58.8405 20.9372
	58.802 19.9815
	58.7593 18.9235
	58.6318 17.8725
	58.5165 16.9225
	58.3044 15.8844
	58.1133 14.9481
	57.8185 13.9305
	57.5526 13.0124
	57.1771 12.0221
	56.8379 11.1279
	56.428 10.2641
	55.974 9.30731
	55.4444 8.38987
	54.9663 7.56189
	54.3644 6.68985
	53.8211 5.90287
	53.1518 5.08317
	52.547 4.34213
	51.8126 3.57773
	51.1509 2.88885
	50.4353 2.25477
	49.6422 1.5522
	48.7955 0.915909
	48.0312 0.341567
	47.1354 -0.224939
	46.327 -0.735998
	45.3899 -1.22781
	44.5434 -1.67218
	43.5684 -2.08754
	42.689 -2.46218
	41.6843 -2.79763
	40.7773 -3.10041
	39.7488 -3.3539
	38.8206 -3.58267
	37.8774 -3.73596
	36.8315 -3.90605
	35.7756 -3.99121
	34.823 -4.0682
	32.8069 -4.0682
	31.7513 -3.98292
	30.7986 -3.90607
	29.8543 -3.75258
	28.8089 -3.58261
	27.7806 -3.3292
	26.8523 -3.10038
	25.8475 -2.76492
	24.941 -2.46227
	23.9663 -2.04712
	23.0861 -1.67208
	22.2398 -1.22781
	21.3023 -0.735811
	20.4943 -0.224911
	19.5987 0.34137
	18.7513 0.978181
	17.9876 1.55223
	17.1947 2.25448
	16.4789 2.88874
	15.7453 3.65247
	15.0828 4.34221
	14.4782 5.08272
	13.8083 5.90319
	13.2067 6.77485
	12.6636 7.56153
	12.3205 8.15581
	12.1853 8.38988
	11.6557 9.30731
	11.2017 10.2641
	10.7918 11.1279
	10.416 12.1187
	10.0771 13.0125
	9.81122 13.9304
	9.64593 14.5009
	9.51621 14.9491
	9.30455 15.9861
	9.11339 16.9225
	8.98562 17.9743
	8.8704 18.9236
	8.83191 19.8783
	8.78917 20.9372
	8.83191 21.996
	8.87042 22.9512
	8.99812 24.0024
	9.1133 24.9514
	9.30455 25.8882
	9.51636 26.9259
	9.81118 27.9438
	10.0771 28.8618
	10.416 29.7556
	10.7919 30.7468
	11.2459 31.7033
	11.6554 32.5665
	12.1853 33.4844
	12.6634 34.3124
	13.2066 35.0995
	13.8085 35.9714
	14.4782 36.7916
	15.0829 37.5322
	15.8168 38.2962
	16.4788 38.9854
	17.1947 39.6198
	17.9876 40.3221
	18.7513 40.8961
	18.8129 40.9424
	-61.5276 40.9424
	-61.5276 19.8805
	-61.5276 4.8461
	-17.1036 4.8461
	3.0789 4.8461
	3.0789 -7.2077
	3.0789 -13.0849
	3.0789 -41.2641
	29.7871 -41.2641
	63.7791 -41.2641

	62.7791 -40.2641
	62.7791 19.8805
	62.7791 39.9424
	51.5788 39.9424
	51.8441 39.7073
	52.6052 38.915
	53.2959 38.1961
	53.9914 37.3441
	54.1058 37.2039
	54.6216 36.5722
	55.246 35.6676
	55.8122 34.8473
	56.3104 33.9844
	56.8602 33.0321
	57.3315 32.0389
	57.7586 31.1387
	58.1487 30.1102
	58.5019 29.1787
	58.779 28.222
	59.0849 27.1661
	59.3049 26.0889
	59.5044 25.1117
	59.6369 24.0199
	59.7568 23.0315
	59.8012 21.9332
	59.8413 20.9372
	59.8012 19.9412
	59.7568 18.843
	59.6245 17.752
	59.5043 16.762
	59.2842 15.6843
	59.085 14.7086
	58.779 13.6523
	58.5019 12.6955
	58.1121 11.6676
	57.7586 10.7356
	57.3315 9.83541
	56.8602 8.84222
	56.3104 7.88988
	55.8122 7.027
	55.1874 6.12177
	54.6212 5.3016
	53.9265 4.45077
	53.2961 3.67848
	52.5337 2.88495
	51.8442 2.16709
	51.0984 1.50628
	50.2752 0.776963
	49.3963 0.116476
	48.5998 -0.48207
	47.6699 -1.07015
	46.8274 -1.60276
	45.8546 -2.11326
	44.9724 -2.57635
	43.9603 -3.00753
	43.0439 -3.39795
	42.001 -3.74617
	41.0557 -4.06171
	39.9881 -4.32485
	39.0207 -4.56326
	38.0379 -4.723
	36.9521 -4.89957
	35.856 -4.98797
	34.8634 -5.0682
	32.7666 -5.0682
	31.6709 -4.97968
	30.678 -4.89959
	29.6938 -4.73962
	28.6087 -4.56319
	27.5413 -4.30014
	26.5739 -4.06168
	25.5308 -3.71346
	24.5861 -3.39805
	23.5744 -2.96711
	22.6571 -2.57624
	21.7751 -2.11326
	20.8019 -1.60256
	19.9599 -1.07012
	19.0302 -0.482289
	18.1505 0.178778
	17.3546 0.777
	16.5316 1.50596
	15.7856 2.16697
	15.0241 2.95973
	14.3337 3.67856
	13.7036 4.45028
	13.0082 5.30196
	12.3837 6.20677
	11.8177 7.0266
	11.4544 7.65581
	11.3193 7.88989
	10.7695 8.84222
	10.2982 9.83539
	9.87107 10.7356
	9.481 11.7641
	9.12781 12.6956
	8.85071 13.6521
	8.68539 14.2228
	8.54445 14.7097
	8.32476 15.7861
	8.12554 16.7619
	7.99291 17.8537
	7.87283 18.8431
	7.83273 19.838
	7.78835 20.9372
	7.83273 22.0363
	7.87285 23.0317
	8.00541 24.123
	8.12544 25.1119
	8.32476 26.0882
	8.54462 27.1654
	8.85066 28.222
	9.12781 29.1787
	9.481 30.1102
	9.87124 31.1392
	10.3425 32.132
	10.7692 33.0316
	11.3193 33.9844
	11.8175 34.8473
	12.3837 35.6676
	13.0085 36.5727
	13.7036 37.424
	14.3338 38.1959
	15.0956 38.989
	15.7855 39.7072
	16.0509 39.9424
	-60.5276 39.9424
	-60.5276 19.8805
	-60.5276 5.8461
	-17.1036 5.8461
	4.0789 5.8461
	4.0789 -7.2077
	4.0789 -13.0849
	4.0789 -40.2641
	29.7871 -40.2641
	62.7791 -40.2641

	61.7791 -39.2641
	61.7791 19.8805
	61.7791 38.9424
	53.9656 38.9424
	54.045 38.8598
	54.766 37.9765
	54.8805 37.8364
	55.4217 37.1734
	56.069 36.2357
	56.6581 35.3822
	57.1764 34.4844
	57.7464 33.4972
	58.2349 32.4676
	58.6794 31.531
	59.0837 30.4648
	59.4512 29.4956
	59.7396 28.5003
	60.0566 27.4056
	60.2847 26.289
	60.4923 25.2722
	60.6296 24.1403
	60.7544 23.1121
	60.8004 21.9735
	60.8421 20.9372
	60.8004 19.9009
	60.7544 18.7624
	60.6172 17.6316
	60.4922 16.6014
	60.264 15.4842
	60.0567 14.4691
	59.7396 13.374
	59.4512 12.3786
	59.0471 11.313
	58.6794 10.3433
	58.2349 9.40671
	57.7464 8.37713
	57.1764 7.38989
	56.6581 6.49211
	56.0104 5.55369
	55.4213 4.70033
	54.7011 3.81838
	54.0453 3.01483
	53.2549 2.19218
	52.5375 1.44533
	51.7616 0.757788
	50.9081 0.00172906
	49.997 -0.682956
	49.1683 -1.30571
	48.2043 -1.91537
	47.3277 -2.46953
	46.3194 -2.9987
	45.4015 -3.48053
	44.3523 -3.92753
	43.3988 -4.33373
	42.3176 -4.6947
	41.3341 -5.02301
	40.2274 -5.29579
	39.2209 -5.54384
	38.1984 -5.71004
	37.0728 -5.89309
	35.9365 -5.98472
	34.9037 -6.0682
	32.7263 -6.0682
	31.5904 -5.97644
	30.5574 -5.89311
	29.5333 -5.72666
	28.4085 -5.54377
	27.302 -5.27108
	26.2954 -5.02298
	25.2141 -4.66199
	24.2312 -4.33384
	23.1825 -3.8871
	22.228 -3.48041
	21.3103 -2.9987
	20.3016 -2.4693
	19.4255 -1.91534
	18.4617 -1.30595
	17.5497 -0.620624
	16.7217 0.00177001
	15.8685 0.757436
	15.0923 1.44519
	14.3029 2.267
	13.5845 3.01492
	12.929 3.81784
	12.2081 4.70072
	11.5607 5.63868
	10.9719 6.49168
	10.5884 7.15581
	10.4533 7.3899
	9.88331 8.37713
	9.39479 9.40669
	8.95035 10.3433
	8.54597 11.4095
	8.17851 12.3787
	7.8902 13.3739
	7.72485 13.9447
	7.5727 14.4703
	7.34496 15.5861
	7.1377 16.6013
	7.0002 17.7332
	6.87527 18.7626
	6.83354 19.7977
	6.78754 20.9372
	6.83354 22.0766
	6.87529 23.1123
	7.01271 24.2435
	7.13758 25.2724
	7.34496 26.2882
	7.57289 27.4049
	7.89015 28.5003
	8.17851 29.4956
	8.54597 30.4648
	8.95053 31.5315
	9.43903 32.5607
	9.88298 33.4966
	10.4533 34.4844
	10.9716 35.3822
	11.5607 36.2357
	12.2084 37.1739
	12.929 38.0565
	13.5847 38.8596
	13.6642 38.9424
	-59.5276 38.9424
	-59.5276 19.8805
	-59.5276 6.8461
	-17.1036 6.8461
	5.0789 6.8461
	5.0789 -7.2077
	5.0789 -13.0849
	5.0789 -39.2641
	29.7871 -39.2641
	61.7791 -39.2641

	60.7791 -38.2641
	60.7791 13.3687
	60.7001 13.0958
	60.4005 12.0617
	59.9821 10.9584
	59.6001 9.95102
	59.1384 8.97801
	58.6326 7.91204
	58.0425 6.8899
	57.504 5.95722
	56.8334 4.9856
	56.2213 4.09906
	55.4758 3.18599
	54.7944 2.35118
	53.976 1.4994
	53.2308 0.723572
	52.4247 0.00929614
	51.5411 -0.773505
	50.5978 -1.48239
	49.7369 -2.12934
	48.7387 -2.76059
	47.828 -3.3363
	46.7841 -3.88415
	45.8306 -4.3847
	44.7442 -4.84752
	43.7537 -5.2695
	42.6343 -5.64324
	41.6126 -5.98431
	40.4668 -6.26673
	39.4211 -6.52443
	38.3589 -6.69708
	37.1934 -6.88661
	36.017 -6.98148
	34.9441 -7.0682
	32.686 -7.0682
	31.51 -6.97319
	30.4368 -6.88663
	29.3729 -6.71371
	28.2082 -6.52434
	27.0627 -6.24203
	26.017 -5.98427
	24.8975 -5.61053
	23.8764 -5.26962
	22.7905 -4.80709
	21.7989 -4.38457
	20.8456 -3.88415
	19.8012 -3.33605
	18.891 -2.76055
	17.8932 -2.12961
	16.9489 -1.42003
	16.0887 -0.77346
	15.2054 0.008912
	14.399 0.72342
	13.5817 1.57426
	12.8354 2.35127
	12.1544 3.1854
	11.408 4.09949
	10.7377 5.0706
	10.126 5.95675
	9.72239 6.65581
	9.58724 6.88991
	8.99713 7.91204
	8.49134 8.97799
	8.02962 9.95097
	7.61094 11.055
	7.2292 12.0618
	6.92969 13.0956
	6.76431 13.6665
	6.60094 14.2309
	6.36517 15.3861
	6.14985 16.4407
	6.0075 17.6126
	5.8777 18.682
	5.83435 19.7574
	5.78672 20.9372
	5.83435 22.1169
	5.87772 23.1929
	6.02 24.3641
	6.14973 25.433
	6.36517 26.4882
	6.60115 27.6444
	6.92964 28.7785
	7.2292 29.8125
	7.61094 30.8193
	8.02983 31.9239
	8.53558 32.9894
	8.99677 33.9616
	9.58724 34.9844
	10.1257 35.9171
	10.7377 36.8037
	11.4083 37.7752
	11.5449 37.9424
	-58.5276 37.9424
	-58.5276 19.8805
	-58.5276 7.8461
	-17.1036 7.8461
	6.0789 7.8461
	6.0789 -7.2077
	6.0789 -13.0849
	6.0789 -38.2641
	29.7871 -38.2641
	60.7791 -38.2641

	60.7791 37.9424
	56.0848 37.9424
	56.2218 37.7746
	56.892 36.8037
	57.504 35.9171
	58.0425 34.9844
	58.6326 33.9623
	59.1384 32.8963
	59.6001 31.9233
	60.0188 30.8193
	60.4005 29.8125
	60.7001 28.7785
	60.7791 28.5056
	60.7791 37.9424

	59.7791 -37.2641
	59.7791 7.99563
	59.5188 7.44696
	58.9085 6.38991
	58.3499 5.42233
	57.6563 4.41752
	57.0214 3.49779
	56.2504 2.5536
	55.5435 1.68752
	54.6972 0.806628
	53.9242 0.00181116
	53.0879 -0.739196
	52.174 -1.54874
	51.1985 -2.28182
	50.3054 -2.95298
	49.2731 -3.6058
	48.3284 -4.20306
	47.2489 -4.76959
	46.2596 -5.28888
	45.1361 -5.76751
	44.1085 -6.20528
	42.951 -6.59178
	41.891 -6.94561
	40.7061 -7.23768
	39.6213 -7.50501
	38.5193 -7.68412
	37.3141 -7.88012
	36.0975 -7.97824
	34.9844 -8.0682
	32.6456 -8.0682
	31.4295 -7.96995
	30.3162 -7.88015
	29.2124 -7.70075
	28.008 -7.50492
	26.8234 -7.21297
	25.7386 -6.94557
	24.5808 -6.55906
	23.5215 -6.20541
	22.3986 -5.72708
	21.3698 -5.28874
	20.3808 -4.76959
	19.3008 -4.20279
	18.3566 -3.60576
	17.3247 -2.95327
	16.3481 -2.21943
	15.4558 -1.54869
	14.5423 -0.739612
	13.7057 0.00164718
	12.8605 0.881524
	12.0863 1.68763
	11.3798 2.55296
	10.6079 3.49825
	9.91478 4.50252
	9.28014 5.42182
	8.85636 6.15581
	8.7212 6.38991
	8.11095 7.44696
	7.58789 8.54929
	7.1089 9.55868
	6.67591 10.7004
	6.27989 11.7449
	5.96918 12.8174
	5.80377 13.3884
	5.62919 13.9915
	5.38537 15.1861
	5.16201 16.2802
	5.01479 17.4921
	4.88013 18.6015
	4.83516 19.7171
	4.78591 20.9372
	4.83517 22.1572
	4.88016 23.2734
	5.02729 24.4846
	5.16187 25.5935
	5.38537 26.6882
	5.62941 27.8839
	5.96912 29.0567
	6.27989 30.1294
	6.67591 31.1739
	7.10912 32.3162
	7.63213 33.4181
	8.11056 34.4267
	8.72121 35.4844
	9.27983 36.4519
	9.61834 36.9424
	-57.5276 36.9424
	-57.5276 19.8805
	-57.5276 8.8461
	-17.1036 8.8461
	7.0789 8.8461
	7.0789 -7.2077
	7.0789 -13.0849
	7.0789 -37.2641
	29.7871 -37.2641
	59.7791 -37.2641

	58.7791 -36.2641
	58.7791 4.2838
	58.4793 3.84944
	57.8214 2.89652
	57.0251 1.9212
	56.2927 1.02387
	55.4184 0.113854
	54.6175 -0.71995
	53.751 -1.48769
	52.807 -2.32397
	51.7993 -3.08125
	50.874 -3.77662
	49.8076 -4.45102
	48.8287 -5.06983
	47.7136 -5.65504
	46.6887 -6.19305
	45.5281 -6.68751
	44.4634 -7.14105
	43.2676 -7.54031
	42.1694 -7.90691
	40.9454 -8.20862
	39.8215 -8.4856
	38.6798 -8.67117
	37.4347 -8.87364
	36.1779 -8.97499
	35.0248 -9.0682
	32.6053 -9.0682
	31.349 -8.96671
	30.1955 -8.87367
	29.0519 -8.68779
	27.8078 -8.4855
	26.5841 -8.18392
	25.4601 -7.90687
	24.2641 -7.5076
	23.1667 -7.14119
	22.0067 -6.64708
	20.9407 -6.1929
	19.9161 -5.65504
	18.8004 -5.06954
	17.8222 -4.45097
	16.7562 -3.77692
	15.7474 -3.01883
	14.8228 -2.32392
	13.8792 -1.48814
	13.0124 -0.720126
	12.1393 0.188787
	11.3371 1.02399
	10.6052 1.92051
	9.80784 2.89702
	9.0918 3.93443
	8.43428 4.88689
	8.0789 5.50242
	8.0789 -7.2077
	8.0789 -13.0849
	8.0789 -36.2641
	29.7871 -36.2641
	58.7791 -36.2641

	5.74088 10.3458
	5.33058 11.4279
	5.00867 12.5391
	4.84323 13.1102
	4.65743 13.7521
	4.40558 14.9861
	4.17416 16.1196
	4.02208 17.3716
	3.88257 18.521
	3.83598 19.6768
	3.78509 20.9372
	3.83598 22.1975
	3.88259 23.354
	4.03458 24.6051
	4.17402 25.754
	4.40558 26.8882
	4.65767 28.1234
	5.00861 29.335
	5.33058 30.4464
	5.74088 31.5285
	6.18841 32.7085
	6.72868 33.8468
	7.22435 34.8917
	7.83094 35.9424
	-56.5276 35.9424
	-56.5276 19.8805
	-56.5276 9.8461
	-17.1036 9.8461
	5.9304 9.8461
	5.74088 10.3458

	57.7791 -35.2641
	57.7791 1.26354
	57.0418 0.360221
	56.1395 -0.578921
	55.3108 -1.44171
	54.4142 -2.23618
	53.44 -3.09921
	52.4 -3.88069
	51.4425 -4.60026
	50.342 -5.29623
	49.329 -5.9366
	48.1783 -6.54048
	47.1177 -7.09723
	45.92 -7.6075
	44.8183 -8.07683
	43.5843 -8.48885
	42.4478 -8.86821
	41.1847 -9.17957
	40.0217 -9.46619
	38.8403 -9.65821
	37.5554 -9.86716
	36.2584 -9.97175
	35.0651 -10.0682
	32.565 -10.0682
	31.2686 -9.96347
	30.0749 -9.86719
	28.8915 -9.67483
	27.6076 -9.46608
	26.3448 -9.15486
	25.1817 -8.86817
	23.9474 -8.45613
	22.8118 -8.07698
	21.6147 -7.56707
	20.5116 -7.09706
	19.4514 -6.54049
	18.3001 -5.93629
	17.2877 -5.29619
	16.1876 -4.60058
	15.1466 -3.81823
	14.1899 -3.09915
	13.2161 -2.23666
	12.3191 -1.4419
	11.4181 -0.503949
	10.588 0.360342
	9.83058 1.28807
	9.0789 2.20865
	9.0789 -7.2077
	9.0789 -13.0849
	9.0789 -35.2641
	29.7871 -35.2641
	57.7791 -35.2641

	56.7791 -34.2641
	56.7791 -1.35662
	56.0041 -2.16347
	55.0773 -2.98467
	54.0729 -3.87444
	53.0008 -4.68012
	52.011 -5.42389
	50.8764 -6.14145
	49.8294 -6.80336
	48.6431 -7.42593
	47.5468 -8.0014
	46.3119 -8.52749
	45.1732 -9.01261
	43.901 -9.43739
	42.7263 -9.82951
	41.424 -10.1505
	40.2218 -10.4468
	39.0008 -10.6452
	37.676 -10.8607
	36.3389 -10.9685
	35.1054 -11.0682
	32.5246 -11.0682
	31.1881 -10.9602
	29.9543 -10.8607
	28.731 -10.6619
	27.4074 -10.4467
	26.1055 -10.1258
	24.9032 -9.82947
	23.6308 -9.40467
	22.4569 -9.01276
	21.2228 -8.48706
	20.0826 -8.00123
	18.9866 -7.42593
	17.7997 -6.80303
	16.7533 -6.1414
	15.6191 -5.42424
	14.5458 -4.61763
	13.5569 -3.87438
	12.553 -2.98518
	11.6258 -2.16367
	10.6969 -1.19669
	10.0789 -0.553222
	10.0789 -7.2077
	10.0789 -13.0849
	10.0789 -34.2641
	29.7871 -34.2641
	56.7791 -34.2641

	55.7791 -33.2641
	55.7791 -3.69891
	55.7404 -3.73316
	54.7059 -4.64967
	53.6016 -5.47955
	52.5796 -6.24753
	51.4108 -6.98666
	50.3297 -7.67013
	49.1078 -8.31138
	47.9759 -8.90558
	46.7039 -9.44749
	45.5281 -9.94838
	44.2176 -10.3859
	43.0047 -10.7908
	41.6633 -11.1215
	40.422 -11.4274
	39.1612 -11.6323
	37.7966 -11.8542
	36.4193 -11.9653
	35.1458 -12.0682
	32.4843 -12.0682
	31.1077 -11.957
	29.8337 -11.8542
	28.5706 -11.6489
	27.2072 -11.4272
	25.8662 -11.0967
	24.6248 -10.7908
	23.3141 -10.3532
	22.1021 -9.94855
	20.8308 -9.40705
	19.6535 -8.90539
	18.5219 -8.31138
	17.2993 -7.66978
	16.2189 -6.98661
	15.0506 -6.2479
	13.945 -5.41704
	12.924 -4.64961
	11.8899 -3.73371
	11.0789 -3.01514
	11.0789 -7.2077
	11.0789 -13.0849
	11.0789 -33.2641
	29.7871 -33.2641
	55.7791 -33.2641

	54.7791 -32.2641
	54.7791 -5.84554
	54.2023 -6.27898
	53.1481 -7.07117
	51.9453 -7.83188
	50.83 -8.5369
	49.5726 -9.19682
	48.4049 -9.80975
	47.0958 -10.3675
	45.883 -10.8842
	44.5343 -11.3345
	43.2831 -11.7521
	41.9026 -12.0924
	40.6222 -12.4079
	39.3217 -12.6193
	37.9173 -12.8477
	36.4998 -12.962
	35.1861 -13.0682
	32.444 -13.0682
	31.0272 -12.9537
	29.7131 -12.8477
	28.4101 -12.636
	27.007 -12.4078
	25.6269 -12.0677
	24.3463 -11.7521
	22.9974 -11.3017
	21.7472 -10.8843
	20.4389 -10.327
	19.2244 -9.80956
	18.0571 -9.19682
	16.7989 -8.53652
	15.6844 -7.83182
	14.4821 -7.07156
	13.3442 -6.21644
	12.291 -5.42484
	12.0789 -5.23698
	12.0789 -6.9577
	12.0789 -13.0849
	12.0789 -32.2641
	29.7871 -32.2641
	54.7791 -32.2641

	53.7791 -31.2641
	53.7791 -7.8479
	53.7167 -7.8948
	52.4797 -8.67709
	51.3304 -9.40366
	50.0373 -10.0823
	48.834 -10.7139
	47.4877 -11.2875
	46.2379 -11.8199
	44.851 -12.283
	43.5616 -12.7134
	42.1419 -13.0633
	40.8224 -13.3885
	39.4822 -13.6064
	38.0379 -13.8412
	36.5803 -13.9588
	35.2265 -14.0682
	32.4037 -14.0682
	30.9467 -13.9505
	29.5925 -13.8413
	28.2496 -13.623
	26.8067 -13.3884
	25.3876 -13.0386
	24.0679 -12.7134
	22.6808 -12.2503
	21.3923 -11.8201
	20.047 -11.247
	18.7953 -10.7137
	17.5924 -10.0823
	16.2986 -9.40327
	15.15 -8.67704
	13.9136 -7.89522
	13.0789 -7.26798
	13.0789 -13.0849
	13.0789 -31.2641
	29.7871 -31.2641
	53.7791 -31.2641

	52.7791 -30.2641
	52.7791 -9.67088
	51.8307 -10.2704
	50.5021 -10.9677
	49.2631 -11.6181
	47.8797 -12.2075
	46.5928 -12.7557
	45.1676 -13.2315
	43.84 -13.6747
	42.3812 -14.0343
	41.0226 -14.3691
	39.6426 -14.5934
	38.1586 -14.8347
	36.6608 -14.9555
	35.2668 -15.0682
	32.3633 -15.0682
	30.8663 -14.9473
	29.4719 -14.8348
	28.0892 -14.61
	26.6065 -14.369
	25.1483 -14.0096
	23.7895 -13.6747
	22.3641 -13.1988
	21.0375 -12.7559
	19.655 -12.167
	18.3662 -11.6179
	17.1276 -10.9677
	15.7982 -10.27
	14.6156 -9.52225
	14.0789 -9.1829
	14.0789 -13.0849
	14.0789 -30.2641
	29.7871 -30.2641
	52.7791 -30.2641

	51.7791 -29.2641
	51.7791 -11.4269
	50.9668 -11.8532
	49.6921 -12.5223
	48.2716 -13.1275
	46.9476 -13.6915
	45.4843 -14.1801
	44.1184 -14.636
	42.6205 -15.0052
	41.2228 -15.3497
	39.8031 -15.5804
	38.2792 -15.8283
	36.7412 -15.9523
	35.3072 -16.0682
	32.323 -16.0682
	30.7858 -15.944
	29.3513 -15.8283
	27.9287 -15.5971
	26.4063 -15.3496
	24.909 -14.9805
	23.511 -14.636
	22.0474 -14.1473
	20.6826 -13.6917
	19.2631 -13.087
	17.9371 -12.522
	16.6629 -11.8532
	15.2978 -11.1368
	15.0789 -10.9983
	15.0789 -13.0849
	15.0789 -29.2641
	29.7871 -29.2641
	51.7791 -29.2641

	50.7791 -28.2641
	50.7791 -13.0811
	50.1212 -13.4265
	48.6635 -14.0475
	47.3025 -14.6273
	45.801 -15.1286
	44.3968 -15.5973
	42.8598 -15.9762
	41.4229 -16.3303
	39.9636 -16.5675
	38.3999 -16.8218
	36.8217 -16.949
	35.3475 -17.0682
	32.2827 -17.0682
	30.7054 -16.9408
	29.2307 -16.8218
	27.7683 -16.5841
	26.2061 -16.3301
	24.6696 -15.9515
	23.2326 -15.5973
	21.7307 -15.0959
	20.3278 -14.6275
	18.8711 -14.007
	17.5081 -13.4262
	16.1982 -12.7386
	16.0789 -12.676
	16.0789 -13.0849
	16.0789 -28.2641
	29.7871 -28.2641
	50.7791 -28.2641

	49.7791 -27.2641
	49.7791 -14.6592
	49.0555 -14.9674
	47.6574 -15.563
	46.1176 -16.0771
	44.6753 -16.5586
	43.0991 -16.9471
	41.6231 -17.3109
	40.1241 -17.5545
	38.5205 -17.8153
	36.9022 -17.9458
	35.3879 -18.0682
	32.2423 -18.0682
	30.6249 -17.9375
	29.11 -17.8153
	27.6078 -17.5712
	26.0059 -17.3107
	24.4303 -16.9224
	22.9541 -16.5586
	21.4141 -16.0444
	19.9729 -15.5633
	18.4792 -14.927
	17.079 -14.3304
	17.0789 -14.3303
	17.0789 -27.2641
	29.7871 -27.2641
	49.7791 -27.2641

	48.7791 -26.2641
	48.7791 -16.1721
	48.0123 -16.4988
	46.4343 -17.0257
	44.9537 -17.5199
	43.3384 -17.9181
	41.8233 -18.2915
	40.2845 -18.5416
	38.6411 -18.8088
	36.9827 -18.9426
	35.4282 -19.0682
	32.202 -19.0682
	30.5444 -18.9343
	28.9894 -18.8089
	27.4473 -18.5582
	25.8057 -18.2913
	24.191 -17.8934
	22.6757 -17.5198
	21.0974 -16.993
	19.618 -16.499
	18.0873 -15.847
	18.0789 -15.8434
	18.0789 -26.2641
	29.7871 -26.2641
	48.7791 -26.2641

	47.7791 -25.2641
	47.7791 -17.6309
	46.751 -17.9742
	45.2321 -18.4812
	43.5777 -18.889
	42.0235 -19.272
	40.445 -19.5286
	38.7618 -19.8023
	37.0631 -19.9393
	35.4686 -20.0682
	32.1617 -20.0682
	30.464 -19.931
	28.8688 -19.8024
	27.2869 -19.5453
	25.6055 -19.2719
	23.9517 -18.8643
	22.3973 -18.4811
	20.7807 -17.9415
	19.2632 -17.4348
	19.0789 -17.3563
	19.0789 -25.2641
	29.7871 -25.2641
	47.7791 -25.2641

	46.7791 -24.2641
	46.7791 -19.0191
	45.5106 -19.4425
	43.817 -19.86
	42.2237 -20.2526
	40.6055 -20.5156
	38.8824 -20.7958
	37.1436 -20.9361
	35.5089 -21.0682
	32.1214 -21.0682
	30.3835 -20.9278
	28.7482 -20.7959
	27.1264 -20.5323
	25.4053 -20.2524
	23.7124 -19.8352
	22.1188 -19.4424
	20.4641 -18.89
	20.0789 -18.7614
	20.0789 -24.2641
	29.7871 -24.2641
	46.7791 -24.2641

	45.7791 -23.2641
	45.7791 -20.4063
	44.0563 -20.8309
	42.4239 -21.2332
	40.7659 -21.5027
	39.0031 -21.7894
	37.2241 -21.9328
	35.5493 -22.0682
	32.081 -22.0682
	30.303 -21.9246
	28.6276 -21.7894
	26.966 -21.5193
	25.205 -21.233
	23.4731 -20.8062
	21.8404 -20.4037
	21.0789 -20.1495
	21.0789 -23.2641
	29.7871 -23.2641
	45.7791 -23.2641

	44.7791 -22.2641
	44.7791 -21.6827
	44.2956 -21.8018
	42.624 -22.2138
	42.3146 -22.2641
	44.7791 -22.2641

	25.0048 -22.2136
	23.2338 -21.7771
	22.0789 -21.4925
	22.0789 -22.2641
	25.3154 -22.2641
	25.0048 -22.2136

	4.38127 11.111
	4.04816 12.2609
	3.88269 12.8321
	3.68568 13.5127
	3.42578 14.7861
	3.18632 15.959
	3.02937 17.251
	2.885 18.4405
	2.83679 19.6365
	2.78428 20.9372
	2.83679 22.2378
	2.88503 23.4346
	3.04187 24.7257
	3.18616 25.9145
	3.42578 27.0882
	3.68594 28.3628
	4.0481 29.6132
	4.38127 30.7633
	4.80585 31.883
	5.26771 33.1009
	5.82522 34.2754
	6.14159 34.9424
	-55.5276 34.9424
	-55.5276 19.8805
	-55.5276 10.8461
	-17.6036 10.8461
	4.48173 10.8461
	4.38127 11.111

	3.08765 11.9826
	2.92215 12.554
	2.71392 13.2733
	2.44599 14.5861
	2.19847 15.7984
	2.03666 17.1305
	1.88743 18.36
	1.8376 19.5962
	1.78347 20.9372
	1.8376 22.2781
	1.88747 23.5151
	2.04916 24.8462
	2.1983 26.075
	2.44599 27.2882
	2.7142 28.6023
	3.08758 29.8914
	3.43196 31.0802
	3.87082 32.2376
	4.347 33.4932
	4.56021 33.9424
	-54.5276 33.9424
	-54.5276 19.8805
	-54.5276 11.8461
	-16.6036 11.8461
	3.1272 11.8461
	3.08765 11.9826

	1.74217 13.0339
	1.4662 14.3861
	1.21062 15.6379
	1.04395 17.0099
	0.889865 18.2795
	0.838415 19.5559
	0.782651 20.9373
	0.838417 22.3185
	0.889901 23.5957
	1.05645 24.9667
	1.21045 26.2356
	1.4662 27.4882
	1.74246 28.8418
	2.12707 30.1697
	2.48265 31.3971
	2.93579 32.5922
	3.06861 32.9424
	-53.5276 32.9424
	-53.5276 19.8805
	-53.5276 12.8461
	-16.6036 12.8461
	1.79654 12.8461
	1.74217 13.0339

	0.486401 14.1861
	0.222779 15.4773
	0.0512441 16.8894
	-0.107701 18.199
	-0.160773 19.5156
	-0.218164 20.9373
	-0.16077 22.3588
	-0.107664 23.6763
	0.0637443 25.0873
	0.222593 26.3961
	0.486401 27.6882
	0.770724 29.0813
	1.16656 30.4479
	1.53335 31.714
	1.61995 31.9424
	-52.5276 31.9424
	-52.5276 19.8805
	-52.5276 13.8461
	-16.6036 13.8461
	0.555789 13.8461
	0.486401 14.1861

	-0.765066 15.3167
	-0.941465 16.7689
	-1.10527 18.1185
	-1.15996 19.4753
	-1.21898 20.9373
	-1.15996 22.3991
	-1.10523 23.7568
	-0.928964 25.2078
	-0.765263 26.5566
	-0.493393 27.8882
	-0.201013 29.3208
	0.206042 30.7261
	0.268696 30.9424
	-51.5276 30.9424
	-51.5276 19.8805
	-51.5276 14.8461
	-16.6036 14.8461
	-0.668982 14.8461
	-0.765066 15.3167

	-1.93417 16.6483
	-2.10283 18.0379
	-2.15915 19.435
	-2.21979 20.9373
	-2.15914 22.4394
	-2.10279 23.8374
	-1.92167 25.3284
	-1.75312 26.7171
	-1.47319 28.0883
	-1.17275 29.5602
	-1.06206 29.9424
	-50.5276 29.9424
	-50.5276 19.8805
	-50.5276 15.8461
	-16.6036 15.8461
	-1.83672 15.8461
	-1.93417 16.6483

	-3.1004 17.9574
	-3.15833 19.3947
	-3.22061 20.9373
	-3.15833 22.4797
	-3.10036 23.9179
	-2.91438 25.4489
	-2.74097 26.8777
	-2.45298 28.2883
	-2.31947 28.9424
	-49.5276 28.9424
	-49.5276 19.8805
	-49.5276 16.8461
	-16.6036 16.8461
	-2.96552 16.8461
	-3.1004 17.9574

	-4.09797 17.8769
	-4.15752 19.3544
	-4.22142 20.9373
	-4.15752 22.52
	-4.09792 23.9985
	-3.90709 25.5694
	-3.72883 27.0382
	-3.54422 27.9424
	-48.5276 27.9424
	-48.5276 19.8805
	-48.5276 17.8461
	-16.6036 17.8461
	-4.09423 17.8461
	-4.09797 17.8769

	-5.15671 19.3141
	-5.22224 20.9373
	-5.15671 22.5603
	-5.09549 24.0791
	-4.8998 25.69
	-4.74779 26.9424
	-47.5276 26.9424
	-47.5276 19.8805
	-47.5276 18.8461
	-16.6036 18.8461
	-5.13785 18.8461
	-5.15671 19.3141

	-6.22305 20.9373
	-6.15589 22.6006
	-6.09305 24.1596
	-5.89251 25.8105
	-5.8765 25.9424
	-46.5276 25.9424
	-46.5276 19.8805
	-46.5276 19.8461
	-16.6036 19.8461
	-6.179 19.8461
	-6.22305 20.9373

	-7.22387 20.9373
	-7.15508 22.6409
	-7.09062 24.2402
	-7.00532 24.9424
	-45.5276 24.9424
	-45.5276 20.8461
	-16.6036 20.8461
	-7.22019 20.8461
	-7.22387 20.9373

	-8.15427 22.6812
	-8.10343 23.9424
	-44.5276 23.9424
	-44.5276 21.8461
	-16.6036 21.8461
	-8.18799 21.8461
	-8.15427 22.6812

	-9.14455 22.9424
	-43.5276 22.9424
	-43.5276 22.8461
	-16.6036 22.8461
	-9.14844 22.8461
	-9.14455 22.9424

	59.7791 36.9424
	58.0114 36.9424
	58.3499 36.452
	58.9085 35.4844
	59.5188 34.4273
	59.7791 33.8787
	59.7791 36.9424

