	71.7791 48.9424
	51.229 48.9424
	44.1178 48.9424
	-69.5276 48.9424
	-69.5276 29.9011
	-69.5276 -49.2641
	-48.9775 -49.2641
	44.1178 -49.2641
	71.7791 -49.2641
	71.7791 29.9011
	71.7791 48.9424

	50.5127 17.7125
	50.3394 16.8641
	50.199 16.3795
	49.9581 15.5479
	49.7792 15.0759
	49.4721 14.2662
	49.1009 13.4839
	48.8846 13.028
	48.6322 12.5909
	48.1993 11.841
	47.9126 11.4256
	47.4207 10.7131
	47.1016 10.3221
	46.5539 9.65134
	46.2043 9.28733
	45.6044 8.66291
	44.9563 8.08869
	44.5785 7.75403
	44.175 7.45086
	43.4828 6.93066
	43.0562 6.66089
	42.3244 6.19815
	41.8775 5.96365
	41.1109 5.56122
	40.6465 5.36341
	39.8499 5.02403
	39.3712 4.86417
	38.5499 4.59002
	38.0598 4.46916
	37.2191 4.26202
	36.3645 4.12306
	35.8663 4.04208
	35.3632 4.00154
	34.5002 3.9318
	33.9955 3.9318
	33.1296 3.9318
	32.6265 3.97244
	31.7634 4.04209
	30.9087 4.18106
	30.4106 4.26201
	29.9206 4.38275
	29.0799 4.58999
	28.6012 4.74976
	27.7798 5.02403
	27.3156 5.22181
	26.5189 5.56122
	25.7522 5.96365
	25.3053 6.19815
	24.5735 6.66089
	24.1468 6.93068
	23.7434 7.2339
	23.0513 7.75401
	22.6734 8.08864
	22.0253 8.66293
	21.6757 9.02686
	21.0759 9.65131
	20.5282 10.3221
	20.209 10.7131
	19.9223 11.1284
	19.4304 11.841
	19.1855 12.2654
	18.9975 12.5908
	18.7451 13.0281
	18.5288 13.4839
	18.1576 14.2662
	17.9787 14.7382
	17.6716 15.5478
	17.4307 16.3794
	17.3303 16.726
	17.2903 16.8643
	17.1893 17.3587
	17.0162 18.2071
	16.9553 18.708
	16.8509 19.5676
	16.816 20.4328
	16.7957 20.9372
	16.816 21.4415
	16.8509 22.3067
	16.9118 22.8077
	17.0161 23.6672
	17.1893 24.5156
	17.2903 25.0101
	17.4307 25.4948
	17.6716 26.3265
	17.9787 27.1362
	18.1575 27.608
	18.374 28.0641
	18.7451 28.8463
	18.9975 29.2834
	19.4304 30.0333
	19.9223 30.7459
	20.209 31.1612
	20.5282 31.5522
	21.0759 32.223
	21.4255 32.5869
	22.0253 33.2114
	22.6734 33.7857
	23.0513 34.1203
	23.7434 34.6404
	24.1469 34.9436
	24.8788 35.4064
	25.3053 35.6761
	25.7522 35.9107
	26.5189 36.3131
	27.3156 36.6525
	27.7798 36.8503
	28.2585 37.0101
	29.0799 37.2843
	29.9205 37.4915
	30.4106 37.6124
	30.9089 37.6933
	31.7634 37.8322
	32.6265 37.9019
	33.1296 37.9425
	33.6343 37.9425
	34.5002 37.9425
	35.3633 37.8729
	35.8664 37.8322
	36.3644 37.7512
	37.2191 37.6124
	37.9797 37.4249
	38.0598 37.4052
	38.5498 37.2843
	39.0285 37.1245
	39.8499 36.8503
	40.6465 36.5109
	41.1108 36.3131
	41.5577 36.0786
	42.3244 35.6761
	42.7509 35.4064
	43.4828 34.9437
	43.8863 34.6404
	44.5785 34.1202
	44.9563 33.7856
	45.6044 33.2114
	45.954 32.8475
	46.5539 32.223
	46.8732 31.8319
	47.0322 31.637
	47.4207 31.1612
	47.7074 30.7459
	48.1993 30.0333
	48.6322 29.2834
	48.8846 28.8463
	49.1009 28.3904
	49.4721 27.6081
	49.6511 27.1362
	49.9581 26.3265
	50.199 25.4948
	50.3394 25.0101
	50.4404 24.5157
	50.6137 23.6672
	50.6744 23.1661
	50.7788 22.3066
	50.7991 21.8024
	50.834 20.9372
	50.7991 20.0719
	50.7788 19.5677
	50.718 19.0668
	50.6137 18.2071
	50.5127 17.7125

	70.7791 47.9424
	51.229 47.9424
	44.1178 47.9424
	-68.5276 47.9424
	-68.5276 29.9011
	-68.5276 -48.2641
	-48.9775 -48.2641
	44.1178 -48.2641
	70.7791 -48.2641
	70.7791 29.9011
	70.7791 47.9424

	51.4925 17.5125
	51.3111 16.6246
	51.1595 16.1012
	50.9075 15.2311
	50.7143 14.7213
	50.3928 13.8739
	50.0044 13.0552
	49.7707 12.5628
	49.4983 12.0909
	49.0452 11.3061
	48.7356 10.8576
	48.2208 10.1119
	47.8762 9.68972
	47.303 8.98767
	46.9254 8.59456
	46.2977 7.94112
	45.6194 7.34018
	45.2114 6.97877
	44.7758 6.65142
	44.0514 6.10702
	43.5907 5.81569
	42.8247 5.3314
	42.3423 5.0782
	41.5399 4.65704
	41.0385 4.44342
	40.2048 4.08827
	39.6879 3.91564
	38.8284 3.62874
	38.2992 3.49823
	37.4193 3.28143
	36.5249 3.13602
	35.9869 3.04855
	35.4437 3.00478
	34.5406 2.9318
	33.9955 2.9318
	33.0892 2.9318
	32.546 2.97569
	31.6428 3.04857
	30.7483 3.19401
	30.2105 3.28142
	29.6813 3.4118
	28.8015 3.62868
	28.2845 3.80121
	27.4249 4.08827
	26.9236 4.30182
	26.0898 4.65703
	25.2874 5.0782
	24.805 5.3314
	24.039 5.81568
	23.5783 6.10705
	23.1426 6.4345
	22.4184 6.97873
	22.0104 7.34009
	21.332 7.94116
	20.9545 8.33412
	20.3268 8.98763
	19.7536 9.68965
	19.4088 10.112
	19.0993 10.5604
	18.5845 11.3062
	18.3195 11.7654
	18.1315 12.0908
	17.8589 12.563
	17.6254 13.0552
	17.2368 13.874
	17.0436 14.3836
	16.7223 15.2308
	16.4702 16.1012
	16.3697 16.4479
	16.3185 16.6248
	16.2095 17.1587
	16.0283 18.0465
	15.9626 18.5875
	15.8534 19.4871
	15.8168 20.3925
	15.7949 20.9372
	15.8168 21.4818
	15.8534 22.3873
	15.9191 22.9282
	16.0283 23.8277
	16.2095 24.7156
	16.3186 25.2497
	16.4702 25.7731
	16.7223 26.6435
	17.0436 27.4907
	17.2368 28.0002
	17.4705 28.4928
	17.859 29.3114
	18.1314 29.7834
	18.5846 30.5682
	19.0993 31.3139
	19.4088 31.7623
	19.7536 32.1847
	20.3268 32.8867
	20.7043 33.2797
	21.332 33.9331
	22.0104 34.5342
	22.4184 34.8956
	23.1426 35.4398
	23.5783 35.7673
	24.3443 36.2516
	24.8049 36.5429
	25.2874 36.7961
	26.0898 37.2173
	26.9236 37.5725
	27.4249 37.786
	27.9418 37.9587
	28.8014 38.2456
	29.6811 38.4624
	30.2105 38.593
	30.7485 38.6803
	31.6428 38.8257
	32.546 38.8986
	33.0892 38.9425
	33.6343 38.9425
	34.5405 38.9425
	35.4438 38.8696
	35.9871 38.8257
	36.5248 38.7383
	37.4193 38.593
	38.219 38.3958
	38.299 38.3761
	38.8283 38.2456
	39.3452 38.0731
	40.2048 37.786
	41.0385 37.4309
	41.5398 37.2173
	42.0225 36.964
	42.8248 36.5428
	43.2854 36.2516
	44.0513 35.7674
	44.4871 35.4399
	45.2115 34.8955
	45.6194 34.5341
	46.2977 33.9331
	46.6751 33.5402
	47.3031 32.8866
	47.6478 32.4642
	47.8069 32.2694
	48.2208 31.7624
	48.5304 31.3139
	49.0451 30.5682
	49.4983 29.7834
	49.7707 29.3115
	50.0044 28.8191
	50.3928 28.0004
	50.5861 27.4908
	50.9074 26.6434
	51.1595 25.7731
	51.3111 25.2497
	51.4202 24.7158
	51.6015 23.8277
	51.6671 23.2866
	51.7763 22.3871
	51.7983 21.8427
	51.8348 20.9372
	51.7983 20.0316
	51.7763 19.4873
	51.7107 18.9463
	51.6015 18.0465
	51.4925 17.5125

	69.7791 46.9424
	51.229 46.9424
	44.1178 46.9424
	-67.5276 46.9424
	-67.5276 29.9011
	-67.5276 -47.2641
	-48.9775 -47.2641
	44.1178 -47.2641
	69.7791 -47.2641
	69.7791 29.9011
	69.7791 46.9424

	52.4722 17.3124
	52.2828 16.385
	52.12 15.823
	51.8568 14.9142
	51.6493 14.3668
	51.3136 13.4816
	50.9078 12.6265
	50.6569 12.0977
	50.3643 11.5909
	49.8911 10.7712
	49.5585 10.2895
	49.0209 9.5107
	48.6508 9.05733
	48.0522 8.32401
	47.6466 7.90178
	46.9909 7.21933
	46.2826 6.59167
	45.8444 6.2035
	45.3765 5.85199
	44.6199 5.28338
	44.1251 4.97048
	43.3251 4.46465
	42.807 4.19274
	41.969 3.75286
	41.4304 3.52342
	40.5597 3.1525
	40.0046 2.96711
	39.1069 2.66745
	38.5385 2.52729
	37.6194 2.30085
	36.6854 2.14898
	36.1074 2.05503
	35.5241 2.00802
	34.5809 1.9318
	33.9955 1.9318
	33.0489 1.9318
	32.4656 1.97893
	31.5221 2.05506
	30.5878 2.20697
	30.0103 2.30083
	29.442 2.44086
	28.5231 2.66738
	27.9679 2.85267
	27.07 3.1525
	26.5317 3.38182
	25.6608 3.75285
	24.8227 4.19274
	24.3046 4.46465
	23.5046 4.97048
	23.0097 5.28343
	22.5418 5.6351
	21.7855 6.20344
	21.3473 6.59153
	20.6387 7.21939
	20.2333 7.64138
	19.5777 8.32394
	18.9789 9.05722
	18.6087 9.51078
	18.2764 9.99228
	17.7386 10.7713
	17.4534 11.2654
	17.2655 11.5907
	16.9727 12.098
	16.7219 12.6266
	16.3161 13.4817
	16.1086 14.0291
	15.773 14.9139
	15.5097 15.8229
	15.4092 16.1697
	15.3468 16.3854
	15.2297 16.9587
	15.0405 17.886
	14.9699 18.4669
	14.8558 19.4065
	14.8176 20.3522
	14.7941 20.9372
	14.8176 21.5221
	14.8558 22.4679
	14.9264 23.0488
	15.0404 23.9882
	15.2297 24.9156
	15.3468 25.4892
	15.5097 26.0513
	15.773 26.9604
	16.1086 27.8453
	16.316 28.3925
	16.5671 28.9215
	16.9728 29.7765
	17.2654 30.2834
	17.7387 31.1031
	18.2764 31.882
	18.6087 32.3635
	18.9789 32.8171
	19.5777 33.5504
	19.9831 33.9724
	20.6387 34.6549
	21.3473 35.2828
	21.7855 35.6709
	22.5418 36.2392
	23.0098 36.5909
	23.8099 37.0968
	24.3045 37.4096
	24.8227 37.6816
	25.6608 38.1215
	26.5317 38.4925
	27.0699 38.7218
	27.6251 38.9072
	28.523 39.2069
	29.4417 39.4334
	30.0103 39.5736
	30.5882 39.6674
	31.5221 39.8192
	32.4656 39.8954
	33.0489 39.9425
	33.6343 39.9425
	34.5807 39.9425
	35.5242 39.8664
	36.1078 39.8192
	36.6852 39.7253
	37.6195 39.5736
	38.4582 39.3668
	38.5383 39.3471
	39.1067 39.2069
	39.6618 39.0216
	40.5597 38.7218
	41.4304 38.3509
	41.9689 38.1215
	42.4872 37.8495
	43.3253 37.4095
	43.8198 37.0968
	44.6198 36.591
	45.0878 36.2393
	45.8444 35.6707
	46.2826 35.2826
	46.991 34.6549
	47.3963 34.233
	48.0522 33.5503
	48.4225 33.0966
	48.5815 32.9018
	49.0209 32.3637
	49.3533 31.882
	49.891 31.1032
	50.3643 30.2834
	50.6569 29.7766
	50.9078 29.2478
	51.3136 28.3927
	51.5212 27.8454
	51.8568 26.9602
	52.12 26.0513
	52.2829 25.4892
	52.3999 24.9158
	52.5894 23.9882
	52.6599 23.407
	52.7739 22.4677
	52.7975 21.883
	52.8356 20.9372
	52.7975 19.9913
	52.7739 19.4068
	52.7035 18.8259
	52.5894 17.886
	52.4722 17.3124

	68.7791 45.9424
	51.229 45.9424
	44.1178 45.9424
	-66.5276 45.9424
	-66.5276 29.9011
	-66.5276 -46.2641
	-48.9775 -46.2641
	44.1178 -46.2641
	68.7791 -46.2641
	68.7791 29.9011
	68.7791 45.9424

	53.452 17.1123
	53.2546 16.1455
	53.0806 15.5448
	52.8061 14.5974
	52.5844 14.0123
	52.2343 13.0893
	51.8113 12.1977
	51.543 11.6326
	51.2303 11.0909
	50.7369 10.2363
	50.3815 9.72141
	49.821 8.9095
	49.4255 8.42494
	48.8013 7.66035
	48.3677 7.20901
	47.6842 6.49754
	46.9457 5.84316
	46.4773 5.42824
	45.9773 5.05255
	45.1885 4.45974
	44.6596 4.12527
	43.8255 3.5979
	43.2717 3.30729
	42.398 2.84868
	41.8223 2.60343
	40.9146 2.21674
	40.3212 2.01858
	39.3853 1.70617
	38.7778 1.55635
	37.8196 1.32027
	36.8459 1.16194
	36.228 1.0615
	35.6045 1.01126
	34.6213 0.9318
	33.9955 0.9318
	33.0086 0.9318
	32.3851 0.982176
	31.4015 1.06154
	30.4274 1.21993
	29.8102 1.32023
	29.2027 1.46991
	28.2447 1.70607
	27.6512 1.90412
	26.715 2.21674
	26.1398 2.46183
	25.2317 2.84866
	24.358 3.30729
	23.8042 3.5979
	22.9701 4.12527
	22.4411 4.4598
	21.941 4.8357
	21.1527 5.42816
	20.6842 5.84297
	19.9454 6.49761
	19.5122 6.94864
	18.8286 7.66025
	18.2043 8.4248
	17.8086 8.90961
	17.4534 9.42421
	16.8927 10.2365
	16.5874 10.7654
	16.3995 11.0906
	16.0865 11.6329
	15.8185 12.1979
	15.3953 13.0895
	15.1736 13.6745
	14.8237 14.5969
	14.5492 15.5446
	14.4487 15.8915
	14.375 16.146
	14.2499 16.7586
	14.0526 17.7254
	13.9772 18.3464
	13.8582 19.326
	13.8185 20.3119
	13.7933 20.9372
	13.8185 21.5624
	13.8583 22.5485
	13.9337 23.1693
	14.0526 24.1487
	14.2499 25.1157
	14.3751 25.7287
	14.5491 26.3295
	14.8237 27.2774
	15.1736 28.1998
	15.3953 28.7847
	15.6636 29.3502
	16.0866 30.2416
	16.3994 30.7834
	16.8928 31.6381
	17.4534 32.4501
	17.8086 32.9647
	18.2043 33.4495
	18.8287 34.2141
	19.262 34.6652
	19.9454 35.3766
	20.6842 36.0313
	21.1527 36.4461
	21.941 37.0386
	22.4412 37.4146
	23.2755 37.942
	23.8041 38.2763
	24.358 38.567
	25.2317 39.0256
	26.1397 39.4125
	26.715 39.6576
	27.3085 39.8557
	28.2446 40.1682
	29.2023 40.4043
	29.8102 40.5542
	30.4278 40.6544
	31.4015 40.8128
	32.3851 40.8921
	33.0086 40.9425
	33.6343 40.9425
	34.621 40.9425
	35.6047 40.8631
	36.2285 40.8127
	36.8456 40.7124
	37.8197 40.5541
	38.6974 40.3377
	38.7776 40.318
	39.3852 40.1682
	39.9785 39.9702
	40.9146 39.6576
	41.8223 39.2709
	42.3979 39.0257
	42.9519 38.7349
	43.8257 38.2763
	44.3543 37.942
	45.1883 37.4147
	45.6886 37.0388
	46.4774 36.446
	46.9457 36.0311
	47.6843 35.3767
	48.1174 34.9258
	48.8013 34.2139
	49.1972 33.729
	49.3561 33.5342
	49.821 32.9649
	50.1763 32.4501
	50.7369 31.6381
	51.2303 30.7834
	51.543 30.2417
	51.8113 29.6765
	52.2343 28.785
	52.4562 28.2
	52.8061 27.2771
	53.0806 26.3295
	53.2546 25.7288
	53.3797 25.1159
	53.5773 24.1487
	53.6526 23.5275
	53.7715 22.5482
	53.7967 21.9233
	53.8365 20.9372
	53.7967 19.951
	53.7715 19.3264
	53.6962 18.7054
	53.5772 17.7254
	53.452 17.1123

	67.7791 44.9424
	51.229 44.9424
	44.1178 44.9424
	-65.5276 44.9424
	-65.5276 29.9011
	-65.5276 -45.2641
	-48.9775 -45.2641
	44.1178 -45.2641
	67.7791 -45.2641
	67.7791 29.9011
	67.7791 44.9424

	54.4318 16.9122
	54.2263 15.9059
	54.0411 15.2665
	53.7555 14.2806
	53.5194 13.6577
	53.155 12.697
	52.7147 11.769
	52.4292 11.1675
	52.0964 10.591
	51.5828 9.70146
	51.2045 9.15334
	50.6212 8.3083
	50.2001 7.79255
	49.5504 6.99669
	49.0889 6.51624
	48.3775 5.77575
	47.6088 5.09465
	47.1102 4.65297
	46.578 4.25311
	45.757 3.63609
	45.194 3.28006
	44.3258 2.73115
	43.7365 2.42184
	42.8271 1.9445
	42.2143 1.68344
	41.2696 1.28097
	40.6379 1.07005
	39.6638 0.74489
	39.0172 0.585416
	38.0198 0.339682
	37.0063 0.174896
	36.3486 0.0679756
	35.685 0.0145004
	34.6616 -0.0682001
	33.9955 -0.0682001
	32.9682 -0.0682001
	32.3046 -0.0145805
	31.2808 0.0680277
	30.2669 0.232882
	29.61 0.339643
	28.9634 0.498962
	27.9663 0.744759
	27.3346 0.955577
	26.3601 1.28097
	25.7478 1.54184
	24.8027 1.94448
	23.8932 2.42184
	23.3039 2.73115
	22.4357 3.28006
	21.8726 3.63618
	21.3402 4.03631
	20.5198 4.65287
	20.0211 5.09442
	19.2521 5.77584
	18.791 6.2559
	18.0795 6.99657
	17.4297 7.79237
	17.0084 8.30843
	16.6304 8.85614
	16.0468 9.70162
	15.7214 10.2654
	15.5336 10.5906
	15.2003 11.1679
	14.915 11.7692
	14.4746 12.6972
	14.2385 13.32
	13.8744 14.28
	13.5887 15.2664
	13.4881 15.6133
	13.4033 15.9065
	13.2701 16.5586
	13.0648 17.5649
	12.9845 18.2258
	12.8607 19.2454
	12.8193 20.2716
	12.7924 20.9372
	12.8193 21.6027
	12.8607 22.6291
	12.941 23.2899
	13.0647 24.3092
	13.2701 25.3157
	13.4034 25.9683
	13.5886 26.6078
	13.8744 27.5943
	14.2385 28.5544
	14.4745 29.1769
	14.7602 29.7789
	15.2004 30.7067
	15.5333 31.2834
	16.047 32.173
	16.6304 33.0182
	17.0084 33.5659
	17.4297 34.0819
	18.0796 34.8778
	18.5408 35.3579
	19.252 36.0984
	20.0211 36.7799
	20.5198 37.2214
	21.3402 37.838
	21.8727 38.2382
	22.741 38.7872
	23.3037 39.1431
	23.8932 39.4525
	24.8027 39.9298
	25.7478 40.3325
	26.3601 40.5933
	26.9918 40.8043
	27.9661 41.1295
	28.9629 41.3752
	29.61 41.5348
	30.2675 41.6415
	31.2808 41.8063
	32.3046 41.8889
	32.9682 41.9425
	33.6343 41.9425
	34.6613 41.9425
	35.6852 41.8599
	36.3491 41.8062
	37.006 41.6995
	38.0199 41.5347
	38.9367 41.3087
	39.0169 41.289
	39.6636 41.1295
	40.2951 40.9187
	41.2695 40.5933
	42.2143 40.1909
	42.8269 39.9299
	43.4167 39.6204
	44.3261 39.143
	44.8887 38.7872
	45.7567 38.2384
	46.2893 37.8382
	47.1103 37.2212
	47.6088 36.7797
	48.3776 36.0985
	48.8386 35.6186
	49.5504 34.8776
	49.9718 34.3613
	50.1308 34.1666
	50.6211 33.5661
	50.9993 33.0182
	51.5827 32.173
	52.0964 31.2834
	52.4292 30.7068
	52.7147 30.1053
	53.155 29.1773
	53.3912 28.5546
	53.7554 27.594
	54.0411 26.6078
	54.2263 25.9683
	54.3595 25.316
	54.5651 24.3092
	54.6453 23.6479
	54.769 22.6287
	54.7958 21.9636
	54.8373 20.9372
	54.7958 19.9107
	54.769 19.2459
	54.6889 18.585
	54.5651 17.5649
	54.4318 16.9122

	66.7791 43.9424
	51.229 43.9424
	44.1178 43.9424
	-64.5276 43.9424
	-64.5276 29.9011
	-64.5276 -44.2641
	-48.9775 -44.2641
	44.1178 -44.2641
	66.7791 -44.2641
	66.7791 29.9011
	66.7791 43.9424

	55.4116 16.7122
	55.198 15.6663
	55.0016 14.9883
	54.7048 13.9638
	54.4545 13.3032
	54.0757 12.3047
	53.6181 11.3403
	53.3154 10.7023
	52.9624 10.091
	52.4287 9.16657
	52.0275 8.58526
	51.4213 7.7071
	50.9748 7.16016
	50.2995 6.33303
	49.81 5.82347
	49.0708 5.05395
	48.2719 4.34614
	47.7431 3.87771
	47.1788 3.45367
	46.3256 2.81245
	45.7284 2.43486
	44.8262 1.86439
	44.2012 1.53639
	43.2561 1.04032
	42.6062 0.763447
	41.6245 0.345207
	40.9546 0.121518
	39.9423 -0.216392
	39.2565 -0.385521
	38.22 -0.640902
	37.1668 -0.812145
	36.4692 -0.925549
	35.7654 -0.98226
	34.7019 -1.0682
	33.9955 -1.0682
	32.9279 -1.0682
	32.2241 -1.01134
	31.1602 -0.925487
	30.1065 -0.754161
	29.4099 -0.640948
	28.7242 -0.471986
	27.6879 -0.216549
	27.0179 0.00703292
	26.0052 0.345209
	25.3559 0.621848
	24.3736 1.0403
	23.4285 1.53639
	22.8035 1.8644
	21.9013 2.43485
	21.304 2.81255
	20.7394 3.23691
	19.8869 3.87759
	19.3581 4.34586
	18.5588 5.05407
	18.0698 5.56316
	17.3304 6.33288
	16.6551 7.15995
	16.2083 7.70726
	15.8074 8.28807
	15.2009 9.16676
	14.8554 9.76536
	14.6676 10.0905
	14.3141 10.7028
	14.0116 11.3405
	13.5538 12.305
	13.3035 12.9654
	12.9251 13.9631
	12.6282 14.9881
	12.5276 15.3352
	12.4315 15.6671
	12.2903 16.3586
	12.0769 17.4043
	11.9918 18.1053
	11.8631 19.1649
	11.8201 20.2313
	11.7916 20.9372
	11.8201 21.643
	11.8631 22.7097
	11.9483 23.4104
	12.0769 24.4698
	12.2903 25.5157
	12.4317 26.2078
	12.6281 26.886
	12.9251 27.9112
	13.3035 28.9089
	13.5538 29.5691
	13.8567 30.2076
	14.3143 31.1718
	14.6673 31.7833
	15.2011 32.7079
	15.8074 33.5862
	16.2083 34.167
	16.6551 34.7144
	17.3305 35.5415
	17.8196 36.0506
	18.5587 36.8202
	19.3581 37.5284
	19.8869 37.9967
	20.7394 38.6374
	21.3041 39.0619
	22.2066 39.6324
	22.8033 40.0098
	23.4285 40.3379
	24.3736 40.834
	25.3559 41.2524
	26.0052 41.5291
	26.6751 41.7528
	27.6877 42.0908
	28.7235 42.3461
	29.4099 42.5154
	30.1071 42.6286
	31.1602 42.7998
	32.2241 42.8856
	32.9279 42.9425
	33.6343 42.9425
	34.7016 42.9425
	35.7657 42.8566
	36.4698 42.7997
	37.1665 42.6865
	38.2201 42.5153
	39.1759 42.2797
	39.2561 42.2599
	39.9421 42.0907
	40.6118 41.8673
	41.6244 41.5291
	42.6062 41.1109
	43.2559 40.8341
	43.8814 40.5058
	44.8265 40.0097
	45.4231 39.6324
	46.3252 39.0621
	46.8901 38.6376
	47.7432 37.9965
	48.2719 37.5282
	49.0709 36.8202
	49.5597 36.3113
	50.2996 35.5412
	50.7465 34.9937
	50.9054 34.799
	51.4212 34.1673
	51.8223 33.5862
	52.4286 32.7079
	52.9624 31.7833
	53.3154 31.172
	53.6181 30.534
	54.0757 29.5696
	54.3262 28.9091
	54.7047 27.9109
	55.0016 26.886
	55.198 26.2078
	55.3393 25.5161
	55.553 24.4697
	55.638 23.7684
	55.7666 22.7092
	55.795 22.0039
	55.8381 20.9372
	55.795 19.8704
	55.7666 19.1655
	55.6816 18.4645
	55.5529 17.4044
	55.4116 16.7122

	65.7791 42.9424
	51.229 42.9424
	44.1178 42.9424
	40.5491 42.9424
	40.9284 42.8158
	41.9793 42.4649
	42.9982 42.0308
	43.6849 41.7383
	44.3461 41.3913
	45.327 40.8764
	45.9576 40.4777
	46.8937 39.8857
	47.4908 39.4371
	48.3762 38.7717
	48.9351 38.2767
	49.7642 37.542
	50.2809 37.0041
	51.0487 36.2049
	51.5212 35.6261
	51.68 35.4315
	52.2213 34.7685
	52.6453 34.1543
	53.2745 33.2428
	53.8284 32.2833
	54.2015 31.6371
	54.5216 30.9627
	54.9964 29.9619
	55.2613 29.2637
	55.654 28.2278
	55.9621 27.1642
	56.1698 26.4474
	56.3191 25.7161
	56.5408 24.6302
	56.6307 23.8888
	56.7642 22.7898
	56.7942 22.0442
	56.8389 20.9372
	56.7942 19.8301
	56.7642 19.085
	56.6743 18.3441
	56.5408 17.2438
	56.3914 16.5121
	56.1697 15.4268
	55.9621 14.7101
	55.6542 13.6469
	55.3895 12.9487
	54.9964 11.9124
	54.5216 10.9116
	54.2015 10.2372
	53.8284 9.59097
	53.2746 8.63169
	52.8504 8.01719
	52.2214 7.10589
	51.7494 6.52777
	51.0486 5.66936
	50.5312 5.1307
	49.764 4.33216
	48.9351 3.59763
	48.376 3.10244
	47.7795 2.65424
	46.8941 1.98881
	46.2629 1.58965
	45.3266 0.997644
	44.6659 0.650934
	43.6852 0.136134
	42.9982 -0.156546
	41.9794 -0.590558
	41.2713 -0.827012
	40.2208 -1.17767
	39.4959 -1.35646
	38.4202 -1.62149
	37.3273 -1.79919
	36.5898 -1.91907
	35.8458 -1.97902
	34.7423 -2.0682
	33.9955 -2.0682
	32.8876 -2.0682
	32.1436 -2.00809
	31.0395 -1.919
	29.946 -1.7412
	29.2097 -1.62154
	28.4849 -1.44293
	27.4095 -1.17786
	26.7013 -0.941512
	25.6503 -0.590556
	24.9639 -0.298145
	23.9446 0.136111
	22.9638 0.650935
	22.3031 0.997648
	21.3668 1.58965
	20.7354 1.98893
	20.1386 2.43751
	19.254 3.1023
	18.695 3.5973
	17.8655 4.3323
	17.3486 4.87042
	16.5813 5.66919
	15.8804 6.52752
	15.4082 7.10608
	14.9844 7.71999
	14.3549 8.6319
	13.9894 9.26535
	13.8016 9.59045
	13.4279 10.2378
	13.1081 10.9119
	12.6331 11.9127
	12.3684 12.6109
	11.9758 13.6461
	11.6677 14.7099
	11.5671 15.057
	11.4598 15.4277
	11.3105 16.1586
	11.0891 17.2438
	10.9991 17.9847
	10.8656 19.0843
	10.8209 20.191
	10.7908 20.9372
	10.8209 21.6833
	10.8656 22.7902
	10.9556 23.531
	11.089 24.6303
	11.3105 25.7157
	11.4599 26.4473
	11.6676 27.1642
	11.9758 28.2282
	12.3684 29.2635
	12.633 29.9613
	12.9533 30.6363
	13.4281 31.6369
	13.8013 32.2833
	14.3552 33.2428
	14.9845 34.1543
	15.4082 34.7682
	15.8804 35.3468
	16.5814 36.2052
	17.0984 36.7434
	17.8654 37.5419
	18.695 38.277
	19.254 38.772
	20.1386 39.4368
	20.7356 39.8855
	21.6721 40.4777
	22.3029 40.8766
	22.9638 41.2234
	23.9446 41.7382
	24.9639 42.1724
	25.6503 42.4648
	26.3584 42.7013
	27.0806 42.9424
	-63.5276 42.9424
	-63.5276 29.9011
	-63.5276 -43.2641
	-48.9775 -43.2641
	44.1178 -43.2641
	65.7791 -43.2641
	65.7791 29.9011
	65.7791 42.9424

	64.7791 41.9424
	51.229 41.9424
	45.4478 41.9424
	45.8274 41.7431
	46.492 41.3229
	47.4622 40.7094
	48.0916 40.2365
	49.0091 39.547
	49.5982 39.0252
	50.4575 38.2638
	51.0021 37.6969
	51.7978 36.8686
	52.2959 36.2584
	52.4547 36.0639
	53.0214 35.3697
	53.4682 34.7224
	54.1203 33.7777
	54.6944 32.7833
	55.0877 32.1022
	55.425 31.3914
	55.9172 30.3542
	56.1963 29.6183
	56.6033 28.5447
	56.9226 27.4425
	57.1415 26.6869
	57.2988 25.9162
	57.5287 24.7907
	57.6235 24.0093
	57.7617 22.8703
	57.7934 22.0845
	57.8397 20.9372
	57.7934 19.7898
	57.7618 19.0046
	57.6671 18.2236
	57.5286 17.0833
	57.3711 16.312
	57.1414 15.1872
	56.9226 14.4318
	56.6035 13.3301
	56.3245 12.5941
	55.9171 11.5201
	55.425 10.4829
	55.0877 9.77208
	54.6945 9.09098
	54.1205 8.0968
	53.6734 7.44912
	53.0215 6.50469
	52.5241 5.89538
	51.7977 5.0057
	51.2524 4.43792
	50.4573 3.61037
	49.5982 2.84912
	49.0089 2.32718
	48.3803 1.8548
	47.4626 1.16517
	46.7973 0.744442
	45.8269 0.130893
	45.1306 -0.234519
	44.1142 -0.768046
	43.3901 -1.07654
	42.3343 -1.52632
	41.588 -1.77554
	40.4993 -2.13896
	39.7352 -2.32739
	38.6204 -2.60207
	37.4878 -2.78623
	36.7104 -2.9126
	35.9263 -2.97578
	34.7826 -3.0682
	33.9955 -3.0682
	32.8472 -3.0682
	32.0632 -3.00485
	30.9189 -2.91252
	29.7856 -2.72825
	29.0096 -2.60213
	28.2456 -2.41388
	27.1311 -2.13917
	26.3846 -1.89006
	25.2954 -1.52632
	24.572 -1.21814
	23.5156 -0.768073
	22.4991 -0.234517
	21.8028 0.130897
	20.8324 0.744437
	20.1668 1.1653
	19.5378 1.63811
	18.6211 2.32701
	18.0319 2.84875
	17.1722 3.61053
	16.6274 4.17767
	15.8322 5.00551
	15.1058 5.8951
	14.608 6.50491
	14.1615 7.15192
	13.509 8.09705
	13.1233 8.76534
	12.9356 9.09039
	12.5417 9.77274
	12.2046 10.4832
	11.7124 11.5205
	11.4334 12.2563
	11.0265 13.3292
	10.7072 14.4316
	10.6066 14.7788
	10.488 15.1883
	10.3308 15.9586
	10.1012 17.0832
	10.0063 17.8642
	9.868 19.0038
	9.8217 20.1507
	9.79001 20.9372
	9.8217 21.7236
	9.86801 22.8708
	9.96284 23.6515
	10.1012 24.7908
	10.3308 25.9157
	10.4882 26.6869
	10.7071 27.4425
	11.0265 28.5451
	11.4334 29.618
	11.7122 30.3535
	12.0498 31.065
	12.5419 32.102
	12.9353 32.7833
	13.5094 33.7777
	14.1615 34.7224
	14.608 35.3694
	15.1058 35.9792
	15.8323 36.8689
	16.3772 37.4361
	17.1721 38.2637
	18.0319 39.0256
	18.6211 39.5473
	19.5378 40.2362
	20.167 40.7091
	21.1377 41.3229
	21.8026 41.7433
	22.182 41.9424
	-62.5276 41.9424
	-62.5276 29.9011
	-62.5276 -42.2641
	-48.9775 -42.2641
	44.1178 -42.2641
	64.7791 -42.2641
	64.7791 29.9011
	64.7791 41.9424

	63.7791 40.9424
	51.229 40.9424
	48.8168 40.9424
	49.6421 40.3222
	50.2613 39.7737
	51.1508 38.9855
	51.7232 38.3897
	52.5469 37.5322
	53.0705 36.8908
	53.2293 36.6963
	53.8215 35.971
	54.2912 35.2904
	54.9662 34.3127
	55.5605 33.2833
	55.9738 32.5673
	56.3285 31.8201
	56.8379 30.7465
	57.1313 29.9729
	57.5527 28.8615
	57.8831 27.7207
	58.1132 26.9264
	58.2786 26.1163
	58.5166 24.9512
	58.6162 24.1297
	58.7593 22.9508
	58.7926 22.1248
	58.8405 20.9372
	58.7926 19.7495
	58.7593 18.9241
	58.6598 18.1032
	58.5165 16.9227
	58.3509 16.1119
	58.1131 14.9476
	57.8831 14.1536
	57.5528 13.0133
	57.2596 12.2396
	56.8379 11.1278
	56.3285 10.0542
	55.9738 9.30695
	55.5605 8.59099
	54.9664 7.56191
	54.4964 6.88104
	53.8216 5.90349
	53.2987 5.26299
	52.5469 4.34204
	51.9735 3.74515
	51.1506 2.88858
	50.2613 2.10061
	49.6419 1.55191
	48.981 1.05536
	48.0312 0.341529
	47.3317 -0.100765
	46.3273 -0.735858
	45.5954 -1.11997
	44.5433 -1.67223
	43.782 -1.99653
	42.6892 -2.46209
	41.9047 -2.72407
	40.7778 -3.10024
	39.9745 -3.29833
	38.8205 -3.58265
	37.6482 -3.77327
	36.8309 -3.90612
	36.0067 -3.97254
	34.823 -4.0682
	33.9955 -4.0682
	32.8069 -4.0682
	31.9827 -4.00161
	30.7982 -3.90603
	29.6251 -3.71529
	28.8094 -3.58272
	28.0063 -3.38483
	26.8527 -3.10047
	26.068 -2.8386
	24.9405 -2.46209
	24.1801 -2.13813
	23.0865 -1.67226
	22.0343 -1.11997
	21.3024 -0.735853
	20.298 -0.100771
	19.5983 0.341677
	18.937 0.838709
	17.9882 1.55173
	17.3689 2.10019
	16.4789 2.88876
	15.9062 3.48493
	15.0832 4.34182
	14.3312 5.26267
	13.8079 5.90374
	13.3385 6.58385
	12.6631 7.56219
	12.2573 8.26534
	12.0696 8.59032
	11.6554 9.30769
	11.3012 10.0545
	10.7916 11.1282
	10.4984 11.9018
	10.0772 13.0123
	9.74666 14.1533
	9.64602 14.5006
	9.51629 14.9488
	9.35096 15.7586
	9.11336 16.9227
	9.01364 17.7436
	8.87044 18.9232
	8.82251 20.1104
	8.78919 20.9372
	8.82251 21.7639
	8.87045 22.9514
	8.97014 23.7721
	9.11329 24.9513
	9.35096 26.1157
	9.51648 26.9264
	9.74658 27.7207
	10.0772 28.862
	10.4984 29.9725
	10.7915 30.7458
	11.1464 31.4937
	11.6557 32.5671
	12.0692 33.2833
	12.6635 34.3126
	13.3385 35.2905
	13.8079 35.9706
	14.3312 36.6116
	15.0832 37.5326
	15.656 38.1289
	16.4788 38.9855
	17.3689 39.7741
	17.9882 40.3226
	18.813 40.9424
	-61.5276 40.9424
	-61.5276 29.9011
	-61.5276 -41.2641
	-48.9775 -41.2641
	44.1178 -41.2641
	63.7791 -41.2641
	63.7791 29.9011
	63.7791 40.9424

	62.7791 39.9424
	51.5788 39.9424
	51.8441 39.7073
	52.4444 39.0824
	53.2961 38.1959
	53.8452 37.5232
	54.004 37.3287
	54.6216 36.5722
	55.1142 35.8585
	55.8121 34.8476
	56.4265 33.7833
	56.86 33.0325
	57.2319 32.2488
	57.7586 31.1387
	58.0663 30.3275
	58.502 29.1784
	58.8436 27.9989
	59.0849 27.166
	59.2584 26.3164
	59.5044 25.1117
	59.6089 24.2502
	59.7569 23.0313
	59.7918 22.1651
	59.8413 20.9372
	59.7918 19.7092
	59.7569 18.8437
	59.6525 17.9827
	59.5043 16.7622
	59.3307 15.9119
	59.0849 14.7081
	58.8436 13.8754
	58.5022 12.6965
	58.1946 11.8851
	57.7586 10.7355
	57.2319 9.62547
	56.86 8.84182
	56.4265 8.091
	55.8122 7.02702
	55.3194 6.31297
	54.6217 5.30229
	54.0734 4.63059
	53.296 3.67838
	52.6947 3.05238
	51.8439 2.16679
	50.9244 1.3521
	50.2748 0.776644
	49.5818 0.255923
	48.5997 -0.482112
	47.8662 -0.945973
	46.8277 -1.60261
	46.0601 -2.00542
	44.9723 -2.57641
	44.174 -2.91652
	43.0441 -3.39785
	42.2214 -3.6726
	41.0562 -4.06152
	40.2139 -4.26927
	39.0207 -4.56324
	37.8087 -4.76031
	36.9515 -4.89965
	36.0871 -4.9693
	34.8633 -5.0682
	33.9955 -5.0682
	32.7666 -5.0682
	31.9022 -4.99836
	30.6776 -4.89954
	29.4647 -4.70234
	28.6093 -4.56331
	27.767 -4.35578
	26.5743 -4.06178
	25.7514 -3.78715
	24.5856 -3.39785
	23.7881 -3.05812
	22.6575 -2.57644
	21.5696 -2.00542
	20.802 -1.6026
	19.7635 -0.945979
	19.0297 -0.481947
	18.3362 0.0393101
	17.3553 0.776442
	16.7058 1.35163
	15.7856 2.16699
	15.185 2.79219
	14.3341 3.67813
	13.5566 4.63025
	13.0078 5.30256
	12.5155 6.01578
	11.8172 7.02733
	11.3913 7.76533
	11.2036 8.09026
	10.7692 8.84265
	10.3977 9.62584
	9.87086 10.736
	9.56333 11.5472
	9.12788 12.6953
	8.78615 13.8751
	8.68549 14.2225
	8.54455 14.7094
	8.37117 15.5586
	8.12551 16.7622
	8.02093 17.6231
	7.87287 18.8426
	7.82332 20.0701
	7.78838 20.9372
	7.82333 21.8042
	7.87289 23.032
	7.97743 23.8926
	8.12544 25.1118
	8.37117 26.3157
	8.54476 27.1659
	8.78607 27.9989
	9.12788 29.179
	9.56333 30.3271
	9.87072 31.138
	10.2429 31.9224
	10.7696 33.0322
	11.2032 33.7833
	11.8176 34.8476
	12.5155 35.8585
	13.0078 36.5717
	13.5566 37.2441
	14.3341 38.1963
	14.9348 38.8216
	15.7855 39.7072
	16.0509 39.9424
	-60.5276 39.9424
	-60.5276 29.9011
	-60.5276 -40.2641
	-48.9775 -40.2641
	44.1178 -40.2641
	62.7791 -40.2641
	62.7791 29.9011
	62.7791 39.9424

	61.7791 38.9424
	53.9656 38.9424
	54.0452 38.8595
	54.6199 38.1555
	54.7786 37.9611
	55.4217 37.1734
	55.9372 36.4266
	56.6579 35.3825
	57.2925 34.2833
	57.7461 33.4976
	58.1354 32.6775
	58.6793 31.531
	59.0013 30.6821
	59.4513 29.4953
	59.8041 28.2772
	60.0566 27.4055
	60.2382 26.5164
	60.4923 25.2722
	60.6016 24.3706
	60.7544 23.1118
	60.791 22.2054
	60.8422 20.9372
	60.791 19.6689
	60.7545 18.7632
	60.6452 17.8623
	60.4922 16.6016
	60.3105 15.7118
	60.0566 14.4685
	59.8041 13.5971
	59.4515 12.3797
	59.1297 11.5305
	58.6793 10.3432
	58.1353 9.19676
	57.7461 8.3767
	57.2925 7.59101
	56.6581 6.49213
	56.1424 5.7449
	55.4218 4.70109
	54.848 3.9982
	54.0451 3.01471
	53.4158 2.35961
	52.5372 1.445
	51.5876 0.603595
	50.9077 0.00137876
	50.1825 -0.543515
	49.1683 -1.30575
	48.4006 -1.79118
	47.328 -2.46936
	46.5248 -2.89088
	45.4014 -3.48059
	44.5659 -3.83651
	43.399 -4.33362
	42.5381 -4.62113
	41.3347 -5.0228
	40.4532 -5.2402
	39.2209 -5.54382
	37.9692 -5.74735
	37.0721 -5.89317
	36.1676 -5.96606
	34.9036 -6.0682
	33.9955 -6.0682
	32.7262 -6.0682
	31.8217 -5.99512
	30.5569 -5.89306
	29.3042 -5.68938
	28.4091 -5.5439
	27.5277 -5.32672
	26.2959 -5.02309
	25.4347 -4.73569
	24.2306 -4.33362
	23.3962 -3.97811
	22.2284 -3.48063
	21.1049 -2.89087
	20.3017 -2.46935
	19.2291 -1.79119
	18.4611 -1.30557
	17.7354 -0.760089
	16.7224 0.00115645
	16.0427 0.603077
	15.0923 1.44522
	14.4638 2.09945
	13.585 3.01445
	12.782 3.99782
	12.2077 4.70139
	11.6925 5.4477
	10.9713 6.49247
	10.5253 7.26532
	10.3376 7.5902
	9.88304 8.3776
	9.49426 9.19716
	8.95012 10.3437
	8.62829 11.1927
	8.17858 12.3784
	7.82565 13.5968
	7.72496 13.9443
	7.5728 14.47
	7.39138 15.3585
	7.13766 16.6016
	7.02822 17.5025
	6.87531 18.7621
	6.82414 20.0298
	6.78757 20.9372
	6.82414 21.8445
	6.87533 23.1126
	6.98472 24.0132
	7.13758 25.2723
	7.39138 26.5158
	7.57304 27.4055
	7.82555 28.2772
	8.17857 29.4959
	8.62829 30.6816
	8.94996 31.5302
	9.33946 32.3511
	9.88338 33.4973
	10.3372 34.2833
	10.9718 35.3825
	11.6925 36.4266
	12.2076 37.1729
	12.782 37.8765
	13.5851 38.86
	13.6642 38.9424
	-59.5276 38.9424
	-59.5276 29.9011
	-59.5276 -39.2641
	-48.9775 -39.2641
	44.1178 -39.2641
	61.7791 -39.2641
	61.7791 29.9011
	61.7791 38.9424

	60.7791 37.9424
	56.0848 37.9424
	56.2218 37.7746
	56.7601 36.9947
	57.5038 35.9174
	58.1586 34.7833
	58.6323 33.9627
	59.0388 33.1062
	59.6 31.9233
	59.9364 31.0367
	60.4006 29.8122
	60.7647 28.5554
	60.7791 28.5056
	60.7791 29.9011
	60.7791 37.9424

	60.7647 13.3189
	60.4008 12.0628
	60.0647 11.176
	59.6 9.95093
	59.0388 8.76805
	58.6323 7.91157
	58.1586 7.09102
	57.504 5.95725
	56.9653 5.17682
	56.2219 4.09989
	55.6227 3.36581
	54.7942 2.35105
	54.137 1.66684
	53.2304 0.723209
	52.2507 -0.144915
	51.5406 -0.773887
	50.7833 -1.34295
	49.7368 -2.12939
	48.9351 -2.63639
	47.8284 -3.33611
	46.9896 -3.77633
	45.8304 -4.38477
	44.9578 -4.75651
	43.7539 -5.26939
	42.8547 -5.56966
	41.6132 -5.98409
	40.6925 -6.21114
	39.4211 -6.5244
	38.1296 -6.73439
	37.1927 -6.8867
	36.248 -6.96282
	34.944 -7.0682
	33.9955 -7.0682
	32.6859 -7.0682
	31.7412 -6.99187
	30.4362 -6.88657
	29.1438 -6.67642
	28.209 -6.5245
	27.2884 -6.29767
	26.0175 -5.9844
	25.1181 -5.68423
	23.8757 -5.26938
	23.0043 -4.8981
	21.7994 -4.38481
	20.6401 -3.77633
	19.8013 -3.3361
	18.6946 -2.63639
	17.8926 -2.1292
	17.1346 -1.55949
	16.0896 -0.774129
	15.3796 -0.14548
	14.399 0.723444
	13.7427 1.40671
	12.8359 2.35076
	12.0073 3.3654
	11.4075 4.10022
	10.8696 4.87963
	10.1254 5.95762
	9.65924 6.76532
	9.47164 7.09013
	8.99683 7.91255
	8.5908 8.76848
	8.02938 9.95144
	7.69325 10.8381
	7.22927 12.0614
	6.86514 13.3185
	6.76443 13.6661
	6.60106 14.2305
	6.41158 15.1585
	6.14981 16.4411
	6.03552 17.382
	5.87775 18.6815
	5.82495 19.9895
	5.78676 20.9373
	5.82495 21.8848
	5.87777 23.1932
	5.99202 24.1337
	6.14973 25.4328
	6.41158 26.7158
	6.60131 27.645
	6.86504 28.5554
	7.22927 29.8129
	7.69325 31.0362
	8.02921 31.9224
	8.43601 32.7797
	8.99721 33.9624
	9.47113 34.7833
	10.1259 35.9174
	10.8696 36.9947
	11.4075 37.7741
	11.5449 37.9424
	-58.5276 37.9424
	-58.5276 29.9011
	-58.5276 -38.2641
	-48.9775 -38.2641
	44.1178 -38.2641
	60.7791 -38.2641
	60.7791 13.3687
	60.7647 13.3189

	59.7791 36.9424
	58.0114 36.9424
	58.3497 36.4523
	59.0246 35.2833
	59.5185 34.4279
	59.7791 33.8787
	59.7791 36.9424

	59.5185 7.44644
	59.0246 6.59103
	58.3499 5.42236
	57.7883 4.60875
	57.022 3.49869
	56.3973 2.73342
	55.5433 1.68739
	54.8581 0.974063
	53.9237 0.0014176
	52.9138 -0.893425
	52.1735 -1.54915
	51.384 -2.14239
	50.3054 -2.95304
	49.4695 -3.48159
	48.3288 -4.20286
	47.4543 -4.66178
	46.2595 -5.28895
	45.3498 -5.6765
	44.1088 -6.20515
	43.1714 -6.51819
	41.8917 -6.94537
	40.9319 -7.18208
	39.6213 -7.50499
	38.2901 -7.72143
	37.3133 -7.88022
	36.3284 -7.95958
	34.9843 -8.0682
	33.9955 -8.0682
	32.6456 -8.0682
	31.6607 -7.98863
	30.3156 -7.88009
	28.9833 -7.66347
	28.0088 -7.50509
	27.0491 -7.26862
	25.7391 -6.94571
	24.8014 -6.63278
	23.5208 -6.20515
	22.6123 -5.8181
	21.3703 -5.28899
	20.1754 -4.66178
	19.3009 -4.20285
	18.1602 -3.4816
	17.324 -2.95282
	16.5338 -2.35889
	15.4567 -1.54942
	14.7166 -0.894036
	13.7057 0.00167267
	13.0215 0.713971
	12.0868 1.68708
	11.2327 2.73297
	10.6074 3.49904
	10.0466 4.31156
	9.2795 5.42276
	8.79322 6.26531
	8.60565 6.59007
	8.11063 7.44751
	7.68735 8.33981
	7.10863 9.55919
	6.75822 10.4836
	6.27997 11.7445
	5.90464 13.0403
	5.8039 13.388
	5.62931 13.9911
	5.43179 14.9585
	5.16196 16.2805
	5.04281 17.2614
	4.88018 18.601
	4.82576 19.9492
	4.78595 20.9373
	4.82576 21.9251
	4.8802 23.2738
	4.99931 24.2543
	5.16187 25.5933
	5.43179 26.9158
	5.62959 27.8846
	5.90453 28.8336
	6.27997 30.1298
	6.75822 31.3907
	7.10845 32.3146
	7.53256 33.2084
	8.11103 34.4275
	8.6051 35.2833
	9.28003 36.4523
	9.61835 36.9424
	-57.5276 36.9424
	-57.5276 29.9011
	-57.5276 -37.2641
	-48.9775 -37.2641
	44.1178 -37.2641
	59.7791 -37.2641
	59.7791 7.99561
	59.5185 7.44644

	58.6113 4.04068
	57.8221 2.89749
	57.172 2.10103
	56.2925 1.02373
	55.5793 0.281291
	54.617 -0.720373
	53.5769 -1.64193
	52.8064 -2.32442
	51.9848 -2.94183
	50.8739 -3.77668
	50.0039 -4.3268
	48.8291 -5.06961
	47.919 -5.54723
	46.6885 -6.19313
	45.7417 -6.59649
	44.4638 -7.14092
	43.4881 -7.46672
	42.1702 -7.90665
	41.1712 -8.15302
	39.8215 -8.48557
	38.4506 -8.70847
	37.4338 -8.87375
	36.4089 -8.95634
	35.0247 -9.0682
	33.9955 -9.0682
	32.6052 -9.0682
	31.5803 -8.98539
	30.1949 -8.8736
	28.8229 -8.65051
	27.8087 -8.48568
	26.8098 -8.23957
	25.4608 -7.90701
	24.4848 -7.58132
	23.1659 -7.14091
	22.2204 -6.73809
	20.9413 -6.19318
	19.7107 -5.54723
	18.8006 -5.0696
	17.6258 -4.32681
	16.7554 -3.77645
	15.933 -3.15829
	14.8238 -2.3247
	14.0535 -1.64259
	13.0124 -0.720099
	12.3003 0.0212307
	11.3377 1.02339
	10.4581 2.10055
	9.80726 2.89787
	9.2236 3.74349
	8.43359 4.8879
	7.9272 5.7653
	7.73966 6.09
	7.22442 6.98246
	6.78389 7.91113
	6.18789 9.16693
	5.82318 10.129
	5.33067 11.4276
	4.94413 12.762
	4.84337 13.1098
	4.65757 13.7517
	4.452 14.7585
	4.17411 16.12
	4.0501 17.1409
	3.88262 18.5204
	3.82657 19.9089
	3.78513 20.9373
	3.82658 21.9654
	3.88264 23.3544
	4.0066 24.3748
	4.17401 25.7538
	4.452 27.1158
	4.65786 28.1241
	4.94401 29.1119
	5.33067 30.4467
	5.82318 31.7453
	6.18769 32.7068
	6.62911 33.6371
	7.22486 34.8926
	7.73907 35.7833
	7.83094 35.9424
	-56.5276 35.9424
	-56.5276 29.9011
	-56.5276 -36.2641
	-48.9775 -36.2641
	44.1178 -36.2641
	58.7791 -36.2641
	58.7791 4.2838
	58.6113 4.04068

	57.0416 0.360063
	56.3005 -0.411481
	55.3103 -1.44216
	54.2401 -2.39044
	53.4394 -3.09968
	52.5855 -3.74127
	51.4424 -4.60032
	50.5384 -5.17201
	49.3295 -5.93636
	48.3838 -6.43269
	47.1176 -7.09731
	46.1336 -7.51648
	44.8187 -8.07668
	43.8048 -8.41526
	42.4487 -8.86793
	41.4105 -9.12395
	40.0216 -9.46616
	38.611 -9.69551
	37.5544 -9.86727
	36.4893 -9.9531
	35.065 -10.0682
	33.9955 -10.0682
	32.5649 -10.0682
	31.4998 -9.98214
	30.0743 -9.86712
	28.6624 -9.63755
	27.6085 -9.46627
	26.5705 -9.21052
	25.1824 -8.86832
	24.1681 -8.52987
	22.811 -8.07668
	21.8284 -7.65808
	20.5122 -7.09736
	19.2459 -6.43268
	18.3002 -5.93635
	17.0913 -5.17202
	16.1869 -4.60007
	15.3322 -3.95769
	14.1909 -3.09999
	13.3904 -2.39115
	12.3191 -1.44187
	11.5791 -0.67151
	10.5886 0.359702
	9.68348 1.46812
	9.00712 2.2967
	8.40062 3.17541
	7.58768 4.35305
	7.06118 5.26529
	6.87367 5.58994
	6.33822 6.51742
	5.88043 7.48245
	5.26715 8.77468
	4.88814 9.77446
	4.38137 11.1106
	3.98363 12.4837
	3.88283 12.8316
	3.68582 13.5122
	3.47221 14.5585
	3.18627 15.9594
	3.0574 17.0203
	2.88506 18.4399
	2.82739 19.8686
	2.78432 20.9373
	2.82739 22.0057
	2.88508 23.435
	3.01389 24.4954
	3.18616 25.9143
	3.47221 27.3158
	3.68614 28.3636
	3.9835 29.3901
	4.38137 30.7637
	4.88814 32.0998
	5.26693 33.0991
	5.72566 34.0658
	6.14162 34.9424
	-55.5276 34.9424
	-55.5276 29.9011
	-55.5276 -35.2641
	-48.9775 -35.2641
	44.1178 -35.2641
	57.7791 -35.2641
	57.7791 1.26342
	57.0416 0.360063

	56.0035 -2.16396
	54.9032 -3.13895
	54.0723 -3.87495
	53.1863 -4.5407
	52.011 -5.42396
	51.0728 -6.01722
	49.8298 -6.80311
	48.8485 -7.31814
	47.5466 -8.00149
	46.5256 -8.43648
	45.1736 -9.01245
	44.1215 -9.36379
	42.7272 -9.82921
	41.6499 -10.0949
	40.2218 -10.4467
	38.7715 -10.6826
	37.675 -10.8608
	36.5697 -10.9499
	35.1053 -11.0682
	33.9955 -11.0682
	32.5246 -11.0682
	31.4193 -10.9789
	29.9536 -10.8606
	28.502 -10.6246
	27.4083 -10.4469
	26.3312 -10.1815
	24.904 -9.82963
	23.8515 -9.47841
	22.4561 -9.01244
	21.4365 -8.57807
	20.0832 -8.00155
	18.7812 -7.31813
	17.7998 -6.80311
	16.5569 -6.01723
	15.6183 -5.4237
	14.7314 -4.75708
	13.558 -3.87527
	12.7274 -3.13971
	11.6258 -2.16364
	10.8579 -1.36425
	9.83949 -0.303984
	8.90886 0.835695
	8.20699 1.69552
	7.57764 2.60734
	6.74178 3.81819
	6.19516 4.76529
	6.00769 5.08988
	5.45201 6.05237
	4.97697 7.05378
	4.3464 8.38242
	3.9531 9.41991
	3.43206 10.7937
	3.02312 12.2055
	2.9223 12.5534
	2.71408 13.2728
	2.49241 14.3585
	2.19842 15.7989
	2.06469 16.8998
	1.8875 18.3593
	1.8282 19.8283
	1.78351 20.9373
	1.8282 22.046
	1.88752 23.5156
	2.02119 24.6159
	2.1983 26.0748
	2.49241 27.5158
	2.71442 28.6032
	3.02299 29.6684
	3.43206 31.0806
	3.95311 32.4544
	4.34618 33.4913
	4.56023 33.9424
	-54.5276 33.9424
	-54.5276 29.9011
	-54.5276 -34.2641
	-48.9775 -34.2641
	44.1178 -34.2641
	56.7791 -34.2641
	56.7791 -1.35668
	56.0035 -2.16396

	55.5663 -3.88746
	54.7052 -4.65021
	53.787 -5.34014
	52.5795 -6.2476
	51.6073 -6.86242
	50.3302 -7.66986
	49.3132 -8.20359
	47.9757 -8.90567
	46.9175 -9.35647
	45.5285 -9.94821
	44.4382 -10.3123
	43.0056 -10.7905
	41.8892 -11.0658
	40.422 -11.4273
	38.932 -11.6696
	37.7956 -11.8543
	36.6502 -11.9466
	35.1457 -12.0682
	33.9955 -12.0682
	32.4843 -12.0682
	31.3388 -11.9757
	29.833 -11.8541
	28.3415 -11.6116
	27.2082 -11.4275
	26.0919 -11.1524
	24.6256 -10.7909
	23.5349 -10.427
	22.1012 -9.94821
	21.0446 -9.49807
	19.6542 -8.90573
	18.3165 -8.20359
	17.2995 -7.66986
	16.0225 -6.86243
	15.0497 -6.24732
	14.1306 -5.55648
	12.9251 -4.65056
	12.0643 -3.88826
	10.9325 -2.88541
	10.1367 -2.05699
	9.0904 -0.967671
	8.13424 0.203269
	7.40686 1.09435
	6.75466 2.03927
	5.89587 3.28333
	5.32914 4.26528
	5.1417 4.58981
	4.56581 5.58733
	4.07351 6.6251
	3.42566 7.99017
	3.01807 9.06536
	2.48276 10.4767
	2.06262 11.9272
	1.96177 12.2753
	1.74233 13.0334
	1.51262 14.1585
	1.21057 15.6383
	1.07198 16.7792
	0.889934 18.2788
	0.82901 19.788
	0.7827 20.9373
	0.829013 22.0864
	0.889959 23.5962
	1.02848 24.7365
	1.21045 26.2354
	1.51262 27.7158
	1.74269 28.8427
	2.06247 29.9466
	2.48276 31.3976
	3.01807 32.8089
	3.06866 32.9424
	-53.5276 32.9424
	-53.5276 29.9011
	-53.5276 -33.2641
	-48.9775 -33.2641
	44.1178 -33.2641
	55.7791 -33.2641
	55.7791 -3.69892
	55.5663 -3.88746

	54.3878 -6.13958
	53.1481 -7.07124
	52.1417 -7.70763
	50.8306 -8.53661
	49.7779 -9.08904
	48.4047 -9.80985
	47.3095 -10.2765
	45.8834 -10.884
	44.7549 -11.2608
	43.2841 -11.7518
	42.1285 -12.0368
	40.6222 -12.4079
	39.0925 -12.6566
	37.9162 -12.8478
	36.7306 -12.9434
	35.186 -13.0682
	33.9955 -13.0682
	32.4439 -13.0682
	31.2583 -12.9724
	29.7123 -12.8477
	28.181 -12.5987
	27.008 -12.408
	25.8526 -12.1234
	24.3472 -11.7522
	23.2182 -11.3755
	21.7463 -10.884
	20.6526 -10.4181
	19.2251 -9.80991
	17.8518 -9.08904
	16.7991 -8.53661
	15.488 -7.70764
	14.4812 -7.07095
	13.5298 -6.35588
	12.2922 -5.42584
	11.4012 -4.63682
	10.2392 -3.60718
	9.41554 -2.74973
	8.34131 -1.63136
	7.35962 -0.429156
	6.60673 0.493176
	5.93169 1.4712
	5.04996 2.74848
	4.46312 3.76527
	4.27571 4.08975
	3.6796 5.12228
	3.17005 6.19642
	2.50492 7.59791
	2.08303 8.71081
	1.53346 10.1598
	1.10211 11.649
	1.00124 11.9971
	0.770586 12.7939
	0.532827 13.9584
	0.222719 15.4778
	0.0792745 16.6587
	-0.107628 18.1982
	-0.170177 19.7477
	-0.218112 20.9373
	-0.170174 22.1267
	-0.107602 23.6768
	0.0357738 24.857
	0.222589 26.3959
	0.532827 27.9159
	0.770969 29.0822
	1.10196 30.2248
	1.53346 31.7145
	1.6199 31.9424
	-52.5276 31.9424
	-52.5276 29.9011
	-52.5276 -32.2641
	-48.9775 -32.2641
	44.1178 -32.2641
	54.7791 -32.2641
	54.7791 -5.84554
	54.3878 -6.13958

	53.7166 -7.89488
	52.6761 -8.55284
	51.3309 -9.40337
	50.2427 -9.97449
	48.8338 -10.714
	47.7014 -11.1965
	46.2383 -11.8197
	45.0715 -12.2094
	43.5626 -12.7131
	42.3679 -13.0077
	40.8224 -13.3885
	39.2529 -13.6437
	38.0367 -13.8414
	36.811 -13.9401
	35.2264 -14.0682
	33.9955 -14.0682
	32.4036 -14.0682
	31.1779 -13.9692
	29.5917 -13.8412
	28.0206 -13.5857
	26.8079 -13.3886
	25.6134 -13.0943
	24.0688 -12.7136
	22.9016 -12.324
	21.3913 -11.8197
	20.2607 -11.338
	18.7961 -10.7141
	17.387 -9.97449
	16.2987 -9.40336
	14.9536 -8.55285
	13.9126 -7.89457
	12.929 -7.15528
	11.6594 -6.20113
	10.7382 -5.38538
	9.54589 -4.32896
	8.69435 -3.44247
	7.59221 -2.29504
	6.58499 -1.06158
	5.8066 -0.107997
	5.10871 0.903125
	4.20405 2.21362
	3.59709 3.26527
	3.40972 3.58968
	2.79339 4.65724
	2.2666 5.76775
	1.58417 7.20566
	1.14799 8.35626
	0.584158 9.84287
	0.141609 11.3707
	0.0407107 11.7189
	-0.201159 12.5545
	-0.446966 13.7584
	-0.76513 15.3173
	-0.913432 16.5381
	-1.10519 18.1176
	-1.16937 19.7074
	-1.21892 20.9373
	-1.16936 22.167
	-1.10516 23.7573
	-0.956933 24.9776
	-0.765267 26.5564
	-0.446966 28.1159
	-0.200755 29.3218
	0.141448 30.5031
	0.26871 30.9424
	-51.5276 30.9424
	-51.5276 29.9011
	-51.5276 -31.2641
	-48.9775 -31.2641
	44.1178 -31.2641
	53.7791 -31.2641
	53.7791 -7.84792
	53.7166 -7.89488

	51.8313 -10.2701
	50.7074 -10.8599
	49.2628 -11.6182
	48.0933 -12.1164
	46.5932 -12.7555
	45.3882 -13.1579
	43.8411 -13.6743
	42.6072 -13.9786
	41.0225 -14.3691
	39.4134 -14.6307
	38.1573 -14.8349
	36.8915 -14.9369
	35.2667 -15.0682
	33.9955 -15.0682
	32.3633 -15.0682
	31.0974 -14.9659
	29.471 -14.8347
	27.8601 -14.5728
	26.6077 -14.3692
	25.3741 -14.0653
	23.7904 -13.6749
	22.5849 -13.2726
	21.0364 -12.7555
	19.8688 -12.258
	18.367 -11.6183
	16.9223 -10.8599
	15.7984 -10.2701
	14.4191 -9.39806
	13.344 -8.71819
	12.3282 -7.95468
	11.0265 -6.97642
	10.0751 -6.13393
	8.85259 -5.05073
	7.97316 -4.13521
	6.84312 -2.95873
	5.81037 -1.69401
	5.00647 -0.709171
	4.28573 0.335053
	3.35815 1.67876
	2.73107 2.76526
	2.54373 3.08962
	1.90719 4.19219
	1.36314 5.33907
	0.663428 6.8134
	0.212954 8.00171
	-0.365144 9.52593
	-0.818895 11.0924
	-0.91982 11.4407
	-1.1729 12.3151
	-1.42676 13.5584
	-1.75298 15.1567
	-1.90614 16.4176
	-2.10275 18.0371
	-2.16855 19.6671
	-2.21974 20.9373
	-2.16855 22.2073
	-2.10272 23.8379
	-1.94964 25.0981
	-1.75312 26.7169
	-1.42676 28.3159
	-1.17248 29.5613
	-1.06208 29.9424
	-50.5276 29.9424
	-50.5276 29.9011
	-50.5276 -30.2641
	-48.9775 -30.2641
	44.1178 -30.2641
	52.7791 -30.2641
	52.7791 -9.67086
	51.8313 -10.2701

	51.1721 -11.7454
	49.6919 -12.5224
	48.4853 -13.0364
	46.9481 -13.6913
	45.7049 -14.1064
	44.1196 -14.6356
	42.8466 -14.9496
	41.2227 -15.3497
	39.5739 -15.6178
	38.2779 -15.8284
	36.9719 -15.9337
	35.307 -16.0682
	33.9955 -16.0682
	32.3229 -16.0682
	31.0169 -15.9627
	29.3503 -15.8282
	27.6997 -15.5598
	26.4076 -15.3498
	25.1348 -15.0362
	23.512 -14.6362
	22.2683 -14.2211
	20.6815 -13.6913
	19.4768 -13.178
	17.938 -12.5225
	16.4576 -11.7454
	15.298 -11.1369
	13.8847 -10.2433
	12.7755 -9.54182
	11.7274 -8.75408
	10.3936 -7.7517
	9.41201 -6.88249
	8.15929 -5.7725
	7.25198 -4.82795
	6.09402 -3.62242
	5.03575 -2.32643
	4.20633 -1.31034
	3.46275 -0.233019
	2.51224 1.14391
	1.86505 2.26525
	1.67774 2.58955
	1.02098 3.72715
	0.45968 4.9104
	-0.257315 6.42115
	-0.722083 7.64716
	-1.31445 9.20899
	-1.7794 10.8142
	-1.88035 11.1626
	-2.14465 12.0757
	-2.40655 13.3584
	-2.74083 14.9962
	-2.89885 16.297
	-3.10032 17.9565
	-3.16774 19.6268
	-3.22055 20.9373
	-3.16774 22.2476
	-3.10029 23.9185
	-2.94235 25.2187
	-2.74098 26.8774
	-2.40655 28.5159
	-2.31947 28.9424
	-49.5276 28.9424
	-49.5276 -29.2641
	-48.9775 -29.2641
	44.1178 -29.2641
	51.7791 -29.2641
	51.7791 -11.4269
	51.1721 -11.7454

	50.1209 -13.4266
	48.8772 -13.9564
	47.3031 -14.627
	46.0216 -15.055
	44.3981 -15.5969
	43.0859 -15.9205
	41.4229 -16.3302
	39.7343 -16.6048
	38.3985 -16.8219
	37.0523 -16.9304
	35.3474 -17.0682
	33.9955 -17.0682
	32.2826 -17.0682
	30.9364 -16.9594
	29.2297 -16.8217
	27.5392 -16.5469
	26.2074 -16.3304
	24.8955 -16.0071
	23.2336 -15.5975
	21.9516 -15.1697
	20.3266 -14.627
	19.0849 -14.098
	17.5089 -13.4267
	15.9928 -12.6308
	14.7976 -12.0036
	13.3503 -11.0885
	12.2069 -10.3654
	11.1266 -9.55348
	9.76069 -8.52699
	8.74894 -7.63105
	7.46599 -6.49427
	6.53079 -5.52069
	5.34493 -4.2861
	4.26113 -2.95886
	3.4062 -1.91152
	2.63977 -0.801092
	1.66633 0.609049
	0.999031 1.76525
	0.811756 2.08949
	0.134777 3.2621
	-0.443778 4.48172
	-1.17806 6.02889
	-1.65712 7.29261
	-2.26375 8.89205
	-2.7399 10.5359
	-2.84088 10.8844
	-3.11639 11.8362
	-3.38634 13.1584
	-3.72868 14.8356
	-3.89155 16.1764
	-4.09788 17.876
	-4.16693 19.5865
	-4.22136 20.9373
	-4.16692 22.2879
	-4.09785 23.9991
	-3.93505 25.3393
	-3.72884 27.0379
	-3.54422 27.9424
	-48.5276 27.9424
	-48.5276 -28.2641
	44.1178 -28.2641
	50.7791 -28.2641
	50.7791 -13.0811
	50.1209 -13.4266

	49.2691 -14.8764
	47.658 -15.5628
	46.3383 -16.0035
	44.6765 -16.5582
	43.3252 -16.8914
	41.6231 -17.3108
	39.8948 -17.5918
	38.5191 -17.8155
	37.1328 -17.9272
	35.3877 -18.0682
	33.9955 -18.0682
	32.2423 -18.0682
	30.8559 -17.9562
	29.109 -17.8152
	27.3788 -17.5339
	26.0073 -17.311
	24.6562 -16.9781
	22.9552 -16.5588
	21.635 -16.1182
	19.9717 -15.5628
	18.6929 -15.018
	17.0799 -14.3308
	15.5281 -13.5163
	14.2973 -12.8704
	12.8158 -11.9337
	11.6383 -11.1891
	10.5258 -10.3529
	9.12781 -9.30227
	8.08587 -8.3796
	6.77269 -7.21604
	5.8096 -6.21344
	4.59583 -4.94979
	3.48651 -3.59128
	2.60607 -2.51269
	1.81679 -1.36916
	0.820422 0.0741923
	0.133009 1.26524
	-0.0542328 1.58943
	-0.751428 2.79705
	-1.34724 4.05304
	-2.0988 5.63664
	-2.59216 6.93806
	-3.21305 8.57511
	-3.70041 10.2576
	-3.80141 10.6062
	-4.08814 11.5968
	-4.36614 12.9584
	-4.71653 14.6751
	-4.88426 16.0559
	-5.09544 17.7954
	-5.16612 19.5462
	-5.22217 20.9373
	-5.16611 22.3282
	-5.09541 24.0797
	-4.92776 25.4598
	-4.74777 26.9424
	-47.5276 26.9424
	-47.5276 -27.2641
	44.1178 -27.2641
	49.7791 -27.2641
	49.7791 -14.6592
	49.2691 -14.8764

	48.0129 -16.4986
	46.655 -16.952
	44.955 -17.5195
	43.5646 -17.8624
	41.8233 -18.2914
	40.0553 -18.5789
	38.6397 -18.809
	37.2132 -18.9239
	35.4281 -19.0682
	33.9955 -19.0682
	32.2019 -19.0682
	30.7755 -18.9529
	28.9884 -18.8087
	27.2183 -18.5209
	25.8071 -18.2916
	24.4169 -17.949
	22.6768 -17.5201
	21.3183 -17.0668
	19.6168 -16.4986
	18.301 -15.938
	16.6509 -15.235
	15.0634 -14.4018
	13.7969 -13.7371
	12.2814 -12.7789
	11.0697 -12.0127
	9.92499 -11.1523
	8.49492 -10.0776
	7.4228 -9.12816
	6.07939 -7.93781
	5.08842 -6.90618
	3.84674 -5.61348
	2.71189 -4.22371
	1.80594 -3.11387
	0.993813 -1.93724
	-0.0254853 -0.460665
	-0.733012 0.765231
	-0.920221 1.08936
	-1.63763 2.33201
	-2.25069 3.62437
	-3.01955 5.24439
	-3.52719 6.58351
	-4.16235 8.25817
	-4.66091 9.97937
	-4.76194 10.328
	-5.05989 11.3574
	-5.34593 12.7584
	-5.70437 14.5145
	-5.87697 15.9353
	-6.093 17.7149
	-6.1653 19.5059
	-6.22298 20.9373
	-6.1653 22.3685
	-6.09297 24.1603
	-5.92047 25.5804
	-5.87652 25.9424
	-46.5276 25.9424
	-46.5276 -26.2641
	44.1178 -26.2641
	48.7791 -26.2641
	48.7791 -16.1721
	48.0129 -16.4986

	46.9717 -17.9006
	45.2335 -18.4808
	43.8039 -18.8333
	42.0235 -19.272
	40.2157 -19.5659
	38.7602 -19.8025
	37.2936 -19.9207
	35.4684 -20.0682
	33.9955 -20.0682
	32.1616 -20.0682
	30.695 -19.9497
	28.8677 -19.8023
	27.0579 -19.508
	25.607 -19.2722
	24.1776 -18.92
	22.3984 -18.4814
	21.0017 -18.0153
	19.2619 -17.4343
	17.9091 -16.858
	16.2218 -16.1392
	14.5986 -15.2872
	13.2965 -14.6039
	11.747 -13.6241
	10.5012 -12.8363
	9.32419 -11.9517
	7.86203 -10.8528
	6.75973 -9.87672
	5.38609 -8.65958
	4.36723 -7.59892
	3.09765 -6.27716
	1.93727 -4.85613
	1.00581 -3.71504
	0.170835 -2.50531
	-0.871393 -0.995521
	-1.59903 0.265224
	-1.78621 0.589298
	-2.52384 1.86696
	-3.15415 3.19569
	-3.94029 4.85213
	-4.46223 6.22896
	-5.11165 7.94124
	-5.62142 9.70111
	-5.72248 10.0499
	-6.03163 11.1179
	-6.32572 12.5583
	-6.69222 14.354
	-6.86967 15.8148
	-7.09057 17.6343
	-7.16449 19.4656
	-7.22379 20.9373
	-7.16449 22.4088
	-7.09053 24.2409
	-7.00531 24.9424
	-45.5276 24.9424
	-45.5276 -25.2641
	44.1178 -25.2641
	47.7791 -25.2641
	47.7791 -17.6309
	46.9717 -17.9006

	45.512 -19.442
	44.0432 -19.8043
	42.2236 -20.2526
	40.3762 -20.553
	38.8808 -20.796
	37.3741 -20.9175
	35.5087 -21.0682
	33.9955 -21.0682
	32.1213 -21.0682
	30.6145 -20.9465
	28.7471 -20.7958
	26.8974 -20.495
	25.4068 -20.2528
	23.9383 -19.8909
	22.12 -19.4427
	20.6851 -18.9639
	18.9069 -18.3701
	17.5171 -17.778
	15.7928 -17.0434
	14.1339 -16.1727
	12.7962 -15.4706
	11.2125 -14.4693
	9.93261 -13.6599
	8.72339 -12.7511
	7.22915 -11.6281
	6.09666 -10.6253
	4.69279 -9.38135
	3.64604 -8.29166
	2.34855 -6.94085
	1.16264 -5.48856
	0.205675 -4.31621
	-0.652144 -3.07338
	-1.7173 -1.53038
	-2.46505 -0.234783
	-2.6522 0.0892343
	-3.41005 1.40192
	-4.05761 2.76701
	-4.86103 4.45988
	-5.39727 5.87442
	-6.06096 7.6243
	-6.58192 9.42284
	-6.68301 9.7717
	-7.00338 10.8785
	-7.30552 12.3583
	-7.68007 14.1934
	-7.86238 15.6942
	-8.08813 17.5538
	-8.16368 19.4253
	-8.22461 20.9373
	-8.16367 22.4491
	-8.10339 23.9424
	-44.5276 23.9424
	-44.5276 -24.2641
	44.1178 -24.2641
	46.7791 -24.2641
	46.7791 -19.0191
	45.512 -19.442

	44.2826 -20.7752
	42.4238 -21.2332
	40.5367 -21.54
	39.0014 -21.7896
	37.4545 -21.9142
	35.5491 -22.0682
	33.9955 -22.0682
	32.0809 -22.0682
	30.534 -21.9432
	28.6264 -21.7893
	26.737 -21.4821
	25.2067 -21.2334
	23.699 -20.8619
	21.8416 -20.404
	20.3684 -19.9124
	18.552 -19.3059
	17.1252 -18.698
	15.3637 -17.9476
	13.6692 -17.0581
	12.2958 -16.3374
	10.6781 -15.3145
	9.36404 -14.4836
	8.12259 -13.5505
	6.59626 -12.4034
	5.43359 -11.3738
	3.99949 -10.1031
	2.92486 -8.9844
	1.59946 -7.60454
	0.388023 -6.12098
	-0.594457 -4.91739
	-1.47512 -3.64145
	-2.56321 -2.06524
	-3.33108 -0.73479
	-3.51819 -0.41083
	-4.29625 0.936872
	-4.96107 2.33834
	-5.78178 4.06762
	-6.33231 5.51987
	-7.01026 7.30736
	-7.54243 9.14458
	-7.64354 9.49353
	-7.97512 10.6391
	-8.28531 12.1583
	-8.66792 14.0329
	-8.85509 15.5737
	-9.08569 17.4732
	-9.16287 19.385
	-9.22542 20.9373
	-9.16286 22.4894
	-9.14457 22.9424
	-43.5276 22.9424
	-43.5276 -23.2641
	44.1178 -23.2641
	45.7791 -23.2641
	45.7791 -20.4061
	44.2826 -20.7752

	44.5219 -21.7461
	42.624 -22.2137
	42.3143 -22.2641
	44.1178 -22.2641
	44.7791 -22.2641
	44.7791 -21.6827
	44.5219 -21.7461

	25.0065 -22.214
	23.4597 -21.8328
	21.5632 -21.3653
	20.0518 -20.8609
	18.1971 -20.2416
	16.7333 -19.618
	14.9347 -18.8518
	13.2044 -17.9436
	11.7954 -17.2041
	10.1436 -16.1597
	8.79547 -15.3072
	7.52179 -14.3499
	5.96337 -13.1787
	4.77052 -12.1224
	3.30619 -10.8249
	2.20367 -9.67714
	0.850363 -8.26822
	-0.386598 -6.75341
	-1.39459 -5.51856
	-2.2981 -4.20953
	-3.40912 -2.60009
	-4.1971 -1.2348
	-4.38417 -0.910894
	-5.18246 0.471827
	-5.86453 1.90966
	-6.70252 3.67537
	-7.26734 5.16532
	-7.95956 6.99042
	-8.50293 8.86632
	-8.60407 9.21536
	-8.94687 10.3996
	-9.2651 11.9583
	-9.65577 13.8724
	-9.8478 15.4531
	-10.0833 17.3926
	-10.1621 19.3447
	-10.2262 20.9373
	-10.1857 21.9424
	-42.5276 21.9424
	-42.5276 -22.2641
	25.315 -22.2641
	25.0065 -22.214

	17.8422 -21.1774
	16.3413 -20.538
	14.5056 -19.7559
	12.7397 -18.829
	11.2951 -18.0709
	9.60921 -17.0049
	8.2269 -16.1308
	6.92099 -15.1493
	5.33049 -13.954
	4.10745 -12.8709
	2.61289 -11.5467
	1.48248 -10.3699
	0.101269 -8.93191
	-1.16122 -7.38583
	-2.19472 -6.11973
	-3.12108 -4.7776
	-4.25502 -3.13495
	-5.06312 -1.7348
	-5.25016 -1.41096
	-6.06866 0.00678126
	-6.76798 1.48098
	-7.62326 3.28311
	-8.20238 4.81077
	-8.90886 6.67348
	-9.46344 8.58805
	-9.5646 8.93719
	-9.91861 10.1602
	-10.2449 11.7583
	-10.6436 13.7118
	-10.8405 15.3326
	-11.0808 17.3121
	-11.1612 19.3044
	-11.227 20.9373
	-11.2268 20.9424
	-41.5276 20.9424
	-41.5276 -21.2641
	18.1019 -21.2641
	17.8422 -21.1774

	12.275 -19.7145
	10.7947 -18.9376
	9.07477 -17.8501
	7.65833 -16.9544
	6.32019 -15.9487
	4.6976 -14.7293
	3.44437 -13.6195
	1.91959 -12.2684
	0.761296 -11.0626
	-0.647825 -9.59559
	-1.93584 -8.01826
	-2.99485 -6.72091
	-3.94406 -5.34567
	-5.10093 -3.66981
	-5.92914 -2.23481
	-6.11615 -1.91102
	-6.95487 -0.458264
	-7.67144 1.05231
	-8.54401 2.89086
	-9.13742 4.45622
	-9.85817 6.35654
	-10.4239 8.30979
	-10.5251 8.65901
	-10.8904 9.92078
	-11.2247 11.5583
	-11.6315 13.5513
	-11.8332 15.212
	-12.0784 17.2315
	-12.1604 19.2641
	-12.1878 19.9424
	-40.5276 19.9424
	-40.5276 -20.2641
	13.3221 -20.2641
	12.275 -19.7145

	8.54033 -18.6953
	7.08976 -17.7781
	5.71939 -16.7481
	4.06471 -15.5046
	2.7813 -14.3681
	1.22629 -12.9902
	0.0401095 -11.7554
	-1.39692 -10.2593
	-2.71046 -8.65069
	-3.79498 -7.32208
	-4.76704 -5.91374
	-5.94684 -4.20466
	-6.79516 -2.73482
	-6.98214 -2.41109
	-7.84107 -0.92331
	-8.5749 0.623631
	-9.46475 2.4986
	-10.0725 4.10167
	-10.8075 6.0396
	-11.3844 8.03152
	-11.4857 8.38084
	-11.8621 9.68135
	-12.2045 11.3583
	-12.6193 13.3907
	-12.8259 15.0915
	-13.0759 17.151
	-13.1483 18.9424
	-39.5276 18.9424
	-39.5276 -19.2641
	9.43987 -19.2641
	8.54033 -18.6953

	5.11859 -17.5475
	3.43183 -16.2798
	2.11823 -15.1166
	0.532986 -13.712
	-0.681077 -12.4481
	-2.14601 -10.923
	-3.48508 -9.28311
	-4.59512 -7.92325
	-5.59002 -6.48182
	-6.79275 -4.73952
	-7.66118 -3.23483
	-7.84813 -2.91115
	-8.72728 -1.38836
	-9.47836 0.194955
	-10.3855 2.10635
	-11.0075 3.74712
	-11.7568 5.72267
	-12.345 7.75326
	-12.4462 8.10267
	-12.8338 9.44192
	-13.1843 11.1582
	-13.6072 13.2302
	-13.8186 14.9709
	-14.0735 17.0704
	-14.1087 17.9424
	-38.5276 17.9424
	-38.5276 -18.2641
	6.07204 -18.2641
	5.11859 -17.5475

	2.79894 -17.0551
	1.45516 -15.8652
	-0.160315 -14.4338
	-1.40226 -13.1408
	-2.89511 -11.5867
	-4.2597 -9.91554
	-5.39525 -8.52443
	-6.41299 -7.04989
	-7.63866 -5.27438
	-8.5272 -3.73483
	-8.71412 -3.41121
	-9.61348 -1.8534
	-10.3818 -0.233722
	-11.3062 1.71409
	-11.9425 3.39257
	-12.7061 5.40573
	-13.3055 7.475
	-13.4067 7.82449
	-13.8056 9.20249
	-14.1641 10.9582
	-14.595 13.0696
	-14.8113 14.8504
	-15.0653 16.9424
	-37.5276 16.9424
	-37.5276 -17.2641
	3.077 -17.2641
	2.79894 -17.0551

	-0.853615 -15.1555
	-2.12345 -13.8336
	-3.6442 -12.2503
	-5.03433 -10.548
	-6.19538 -9.1256
	-7.23597 -7.61796
	-8.48456 -5.80923
	-9.39323 -4.23484
	-9.58011 -3.91128
	-10.4997 -2.31845
	-11.2853 -0.662398
	-12.227 1.32184
	-12.8776 3.03802
	-13.6554 5.08879
	-14.266 7.19673
	-14.3673 7.54632
	-14.7773 8.96306
	-15.1439 10.7582
	-15.5829 12.9091
	-15.804 14.7298
	-15.9512 15.9424
	-36.5276 15.9424
	-36.5276 -16.2641
	0.397507 -16.2641
	-0.853615 -15.1555

	-2.84464 -14.5263
	-4.3933 -12.914
	-5.80895 -11.1804
	-6.99551 -9.72677
	-8.05895 -8.18603
	-9.33047 -6.34409
	-10.2592 -4.73485
	-10.4461 -4.41134
	-11.3859 -2.78349
	-12.1887 -1.09107
	-13.1477 0.929583
	-13.8126 2.68347
	-14.6047 4.77185
	-15.2265 6.91847
	-15.3278 7.26815
	-15.7491 8.72363
	-16.1237 10.5582
	-16.5707 12.7485
	-16.7967 14.6093
	-16.8372 14.9424
	-35.5276 14.9424
	-35.5276 -15.2641
	-2.13594 -15.2641
	-2.84464 -14.5263

	-5.14239 -13.5777
	-6.58357 -11.8128
	-7.79564 -10.3279
	-8.88193 -8.7541
	-10.1764 -6.87895
	-11.1253 -5.23485
	-11.3121 -4.91141
	-12.2721 -3.24854
	-13.0922 -1.51975
	-14.0685 0.537328
	-14.7476 2.32892
	-15.554 4.45491
	-16.187 6.64021
	-16.2883 6.98997
	-16.7208 8.4842
	-17.1034 10.3582
	-17.5586 12.588
	-17.7231 13.9424
	-34.5276 13.9424
	-34.5276 -14.2641
	-4.4831 -14.2641
	-5.14239 -13.5777

	-7.35819 -12.4452
	-8.59577 -10.9291
	-9.70491 -9.32218
	-11.0223 -7.4138
	-11.9913 -5.73486
	-12.1781 -5.41147
	-13.1583 -3.71358
	-13.9956 -1.94843
	-14.9892 0.145073
	-15.6827 1.97437
	-16.5033 4.13797
	-17.1475 6.36194
	-17.2488 6.7118
	-17.6926 8.24477
	-18.0832 10.1582
	-18.5464 12.4275
	-18.609 12.9424
	-33.5276 12.9424
	-33.5276 -13.2641
	-6.68953 -13.2641
	-7.35819 -12.4452

	-9.39591 -11.5303
	-10.5279 -9.89025
	-11.8682 -7.94866
	-12.8573 -6.23487
	-13.0441 -5.91153
	-14.0445 -4.17863
	-14.8991 -2.3771
	-15.91 -0.247181
	-16.6177 1.61982
	-17.4526 3.82104
	-18.108 6.08368
	-18.2094 6.43363
	-18.6643 8.00534
	-19.063 9.95815
	-19.468 11.9424
	-32.5276 11.9424
	-32.5276 -12.2641
	-8.79691 -12.2641
	-9.39591 -11.5303

	-11.3509 -10.4583
	-12.7141 -8.48352
	-13.7233 -6.73487
	-13.91 -6.4116
	-14.9307 -4.64367
	-15.8026 -2.80578
	-16.8307 -0.639436
	-17.5528 1.26527
	-18.4019 3.5041
	-19.0685 5.80542
	-19.1699 6.15546
	-19.6361 7.76591
	-20.0428 9.75814
	-20.2845 10.9424
	-31.5276 10.9424
	-31.5276 -11.2641
	-10.7947 -11.2641
	-11.3509 -10.4583

	-13.56 -9.01837
	-14.5894 -7.23488
	-14.776 -6.91166
	-15.8169 -5.10872
	-16.706 -3.23446
	-17.7514 -1.03169
	-18.4878 0.910724
	-19.3512 3.18716
	-20.029 5.52715
	-20.1304 5.87728
	-20.6078 7.52648
	-21.0226 9.55812
	-21.1011 9.9424
	-30.5276 9.9424
	-30.5276 -10.2641
	-12.7001 -10.2641
	-13.56 -9.01837

	-15.4554 -7.73489
	-15.642 -7.41173
	-16.7031 -5.57376
	-17.6095 -3.66313
	-18.6722 -1.42395
	-19.4228 0.556174
	-20.3005 2.87022
	-20.9895 5.24889
	-21.091 5.59911
	-21.5796 7.28705
	-21.9175 8.9424
	-29.5276 8.9424
	-29.5276 -9.2641
	-14.5728 -9.2641
	-15.4554 -7.73489

	-16.3214 -8.2349
	-16.508 -7.91179
	-17.5893 -6.03881
	-18.5129 -4.09181
	-19.5929 -1.8162
	-20.3579 0.201625
	-21.2498 2.55328
	-21.95 4.97062
	-22.0515 5.32094
	-22.5513 7.04761
	-22.734 7.9424
	-28.5276 7.9424
	-28.5276 -8.2641
	-16.3045 -8.2641
	-16.3214 -8.2349

	-18.4755 -6.50386
	-19.4164 -4.52049
	-20.5137 -2.20846
	-21.2929 -0.152924
	-22.1991 2.23634
	-22.9105 4.69236
	-23.012 5.04276
	-23.523 6.80818
	-23.5504 6.9424
	-27.5276 6.9424
	-27.5276 -7.2641
	-18.0366 -7.2641
	-18.4755 -6.50386

	-20.3199 -4.94916
	-21.4344 -2.60071
	-22.2279 -0.507474
	-23.1484 1.9194
	-23.871 4.4141
	-23.9726 4.76459
	-24.3135 5.9424
	-26.5276 5.9424
	-26.5276 -6.2641
	-19.6961 -6.2641
	-20.3199 -4.94916

	-22.3552 -2.99296
	-23.163 -0.862023
	-24.0977 1.60247
	-24.8315 4.13583
	-24.9331 4.48642
	-25.0651 4.9424
	-25.5276 4.9424
	-25.5276 -5.2641
	-21.2773 -5.2641
	-22.3552 -2.99296

	-23.2759 -3.38522
	-24.098 -1.21657
	-24.5276 -0.0839185
	-24.5276 -4.2641
	-22.8588 -4.2641
	-23.2759 -3.38522

