	71.7791 9.8598
	71.7791 48.9424
	51.229 48.9424
	15.4564 48.9424
	-69.5276 48.9424
	-69.5276 9.8598
	-69.5276 -49.2641
	-48.9775 -49.2641
	15.4564 -49.2641
	71.7791 -49.2641
	71.7791 9.8598

	-4.9211 -24.5676
	-4.9211 -43.4295
	-28.2861 -43.4295
	-41.143 -43.4295
	-54.846 -43.4295
	-54.846 -22.0159
	-54.846 -3.1539
	-31.4811 -3.1539
	-4.9211 -3.1539
	-4.9211 -7.2077
	-4.9211 -24.5676

	-23.6374 6.5627
	-54.5824 6.5627
	-54.5824 30.0778
	-54.5824 40.7271
	-40.7488 40.7271
	-9.8038 40.7271
	-9.8038 30.0778
	-9.8038 6.5627
	-23.6374 6.5627

	64.1742 -5.5896
	64.1742 -30.6807
	64.1742 -42.0055
	25.3489 -42.0055
	8.1381 -42.0055
	8.1381 -30.6807
	8.1381 -5.5896
	46.9634 -5.5896
	64.1742 -5.5896

	50.6136 23.6673
	50.7304 22.7052
	50.7788 22.3066
	50.8178 21.3384
	50.834 20.9372
	50.8178 20.536
	50.7788 19.5677
	50.662 18.6057
	50.6137 18.2071
	50.4198 17.2575
	50.3394 16.8641
	50.0698 15.9334
	49.9581 15.5478
	49.6145 14.6416
	49.4721 14.2662
	49.3001 13.9035
	48.8846 13.028
	48.4 12.1887
	48.1993 11.841
	47.6488 11.0434
	47.4207 10.713
	46.8079 9.96241
	46.5539 9.65136
	45.8825 8.9524
	45.6043 8.66288
	45.304 8.39672
	44.5786 7.75408
	43.8038 7.17186
	43.4828 6.93064
	42.6637 6.41267
	42.3244 6.19816
	41.4663 5.74774
	41.1108 5.5612
	40.2192 5.18129
	39.8498 5.02401
	38.9306 4.71704
	38.5498 4.58998
	37.6089 4.35805
	37.2191 4.26203
	36.8229 4.19757
	35.8663 4.04208
	34.9004 3.96415
	34.5003 3.9318
	33.5311 3.9318
	33.1296 3.9318
	32.1637 4.00984
	31.7635 4.04208
	31.3671 4.10656
	30.4106 4.26201
	29.4696 4.49387
	29.0798 4.59003
	28.1606 4.89687
	27.7798 5.02403
	26.8882 5.40382
	26.5189 5.56121
	26.1634 5.74773
	25.3053 6.19816
	24.966 6.41267
	24.1469 6.93066
	23.3721 7.51291
	23.0512 7.75409
	22.3258 8.39669
	22.0253 8.66293
	21.354 9.36177
	21.0759 9.65131
	20.8219 9.96233
	20.209 10.7131
	19.6585 11.5105
	19.4303 11.8412
	19.312 12.0463
	19.2298 12.1885
	18.7451 13.028
	18.3298 13.9035
	18.1576 14.2662
	17.814 15.1723
	17.6716 15.5478
	17.5599 15.9333
	17.3303 16.7261
	17.2903 16.8643
	17.0964 17.8137
	17.0161 18.2071
	16.8993 19.1692
	16.8509 19.5676
	16.8347 19.9688
	16.7957 20.9372
	16.8347 21.9055
	16.8509 22.3067
	16.9677 23.2687
	17.0162 23.6673
	17.0964 24.0606
	17.2903 25.0101
	17.5599 25.9409
	17.6716 26.3265
	17.814 26.702
	18.1576 27.6081
	18.573 28.4836
	18.7451 28.8463
	19.2297 29.6856
	19.4304 30.0333
	19.6585 30.3638
	20.209 31.1612
	20.8219 31.912
	21.0759 32.223
	21.7472 32.9218
	22.0253 33.2114
	22.3258 33.4776
	23.0512 34.1202
	23.3721 34.3614
	24.1469 34.9437
	24.4863 35.1582
	25.3053 35.6761
	26.1634 36.1266
	26.5189 36.3131
	26.8882 36.4705
	27.7798 36.8503
	28.6991 37.1573
	29.0799 37.2843
	29.4696 37.3804
	30.4106 37.6124
	31.3672 37.7677
	31.7635 37.8322
	32.1637 37.8645
	33.1296 37.9425
	34.0987 37.9425
	34.5003 37.9425
	34.9004 37.9102
	35.8663 37.8322
	36.8228 37.6768
	37.2191 37.6124
	37.609 37.5162
	37.9798 37.4248
	38.5499 37.2843
	39.4691 36.9774
	39.8498 36.8503
	40.2192 36.693
	41.1108 36.3131
	41.969 35.8627
	42.3245 35.6761
	43.1434 35.1582
	43.4828 34.9437
	44.2575 34.3614
	44.5785 34.1202
	45.304 33.4776
	45.6044 33.2114
	46.2756 32.5126
	46.5539 32.223
	47.1669 31.4721
	47.2365 31.3868
	47.4207 31.1612
	47.9712 30.3638
	48.1993 30.0333
	48.4 29.6856
	48.8846 28.8463
	49.3001 27.9708
	49.4721 27.608
	49.8157 26.702
	49.9581 26.3265
	50.0698 25.9409
	50.3394 25.0101
	50.5333 24.0607
	50.6136 23.6673

	70.7791 9.8598
	70.7791 47.9424
	51.229 47.9424
	15.4564 47.9424
	-68.5276 47.9424
	-68.5276 9.8598
	-68.5276 -48.2641
	-48.9775 -48.2641
	15.4564 -48.2641
	70.7791 -48.2641
	70.7791 9.8598

	-3.9211 -24.5676
	-3.9211 -44.4295
	-28.2861 -44.4295
	-41.143 -44.4295
	-55.846 -44.4295
	-55.846 -22.0159
	-55.846 -2.1539
	-31.4811 -2.1539
	-3.9211 -2.1539
	-3.9211 -7.2077
	-3.9211 -24.5676

	-23.6374 5.5627
	-55.5824 5.5627
	-55.5824 30.0778
	-55.5824 41.7271
	-40.7488 41.7271
	-8.8038 41.7271
	-8.8038 30.0778
	-8.8038 5.5627
	-23.6374 5.5627

	65.1742 -4.5896
	65.1742 -30.6807
	65.1742 -43.0055
	25.3489 -43.0055
	7.1381 -43.0055
	7.1381 -30.6807
	7.1381 -4.5896
	46.9634 -4.5896
	65.1742 -4.5896

	51.6015 23.8279
	51.7231 22.8256
	51.7763 22.387
	51.817 21.3788
	51.8348 20.9372
	51.817 20.4956
	51.7763 19.4872
	51.6547 18.4853
	51.6015 18.0466
	51.3995 17.0574
	51.3111 16.6245
	51.0303 15.6551
	50.9074 15.2309
	50.5495 14.287
	50.3928 13.8739
	50.2035 13.4748
	49.7707 12.5629
	49.2661 11.6887
	49.0452 11.3061
	48.4717 10.4753
	48.2207 10.1118
	47.5825 9.33002
	47.3031 8.98773
	46.6037 8.2596
	46.2976 7.94106
	45.9671 7.64823
	45.2115 6.97886
	44.4046 6.37241
	44.0513 6.10697
	43.1981 5.56745
	42.8247 5.33142
	41.931 4.86227
	41.5398 4.65701
	40.6111 4.26127
	40.2047 4.08822
	39.2472 3.76849
	38.8281 3.62867
	37.8482 3.3871
	37.4193 3.28145
	36.9834 3.21053
	35.987 3.04857
	34.9809 2.96739
	34.5406 2.9318
	33.5311 2.9318
	33.0892 2.9318
	32.0833 3.01308
	31.6428 3.04856
	31.2066 3.11953
	30.2105 3.28142
	29.2303 3.52294
	28.8013 3.62875
	27.8439 3.94834
	27.4249 4.08825
	26.4963 4.48384
	26.0899 4.65701
	25.6987 4.86227
	24.805 5.33141
	24.4316 5.56744
	23.5783 6.10702
	22.7713 6.71351
	22.4182 6.97887
	21.6626 7.64818
	21.332 7.94115
	20.6328 8.66905
	20.3268 8.98762
	20.0473 9.32986
	19.4089 10.1118
	18.8355 10.9425
	18.5843 11.3064
	18.446 11.5462
	18.3639 11.6883
	17.8589 12.563
	17.4263 13.4747
	17.2369 13.8738
	16.8789 14.8178
	16.7223 15.2308
	16.5994 15.6551
	16.3697 16.4479
	16.3185 16.6248
	16.1166 17.6138
	16.0283 18.0466
	15.9066 19.0487
	15.8534 19.4871
	15.8355 19.9284
	15.7949 20.9372
	15.8355 21.9459
	15.8534 22.3873
	15.975 23.3893
	16.0283 23.8278
	16.1166 24.2605
	16.3185 25.2496
	16.5994 26.2192
	16.7223 26.6435
	16.8789 27.0565
	17.2368 28.0004
	17.6696 28.9122
	17.8589 29.3113
	18.3636 30.1856
	18.5845 30.5682
	18.8355 30.9318
	19.4089 31.7625
	20.0473 32.5444
	20.3269 32.8867
	21.026 33.6146
	21.332 33.9331
	21.6627 34.2261
	22.4182 34.8954
	22.7713 35.1608
	23.5784 35.7674
	23.9519 36.0035
	24.8048 36.5428
	25.6987 37.012
	26.0899 37.2173
	26.4963 37.3905
	27.4249 37.786
	28.3825 38.1058
	28.8015 38.2456
	29.2302 38.3513
	30.2105 38.593
	31.2067 38.7548
	31.6428 38.8257
	32.0833 38.8612
	33.0892 38.9425
	34.0987 38.9425
	34.5406 38.9425
	34.9809 38.9069
	35.987 38.8257
	36.9831 38.6638
	37.4193 38.593
	37.8483 38.4872
	38.2192 38.3958
	38.8283 38.2456
	39.7858 37.926
	40.2047 37.7861
	40.6111 37.613
	41.5399 37.2173
	42.4337 36.7482
	42.8249 36.5428
	43.6778 36.0035
	44.0513 35.7674
	44.8583 35.1609
	45.2115 34.8955
	45.9671 34.2261
	46.2977 33.9331
	46.9968 33.2054
	47.303 32.8867
	47.9416 32.1044
	48.0112 32.0191
	48.2208 31.7625
	48.7942 30.9318
	49.0452 30.5682
	49.2661 30.1856
	49.7707 29.3114
	50.2035 28.3994
	50.3929 28.0003
	50.7508 27.0565
	50.9074 26.6435
	51.0303 26.2192
	51.3112 25.2496
	51.513 24.2608
	51.6015 23.8279

	69.7791 9.8598
	69.7791 46.9424
	51.229 46.9424
	15.4564 46.9424
	-67.5276 46.9424
	-67.5276 9.8598
	-67.5276 -47.2641
	-48.9775 -47.2641
	15.4564 -47.2641
	69.7791 -47.2641
	69.7791 9.8598

	-2.9211 -24.5676
	-2.9211 -45.4295
	-28.2861 -45.4295
	-41.143 -45.4295
	-56.846 -45.4295
	-56.846 -22.0159
	-56.846 -1.1539
	-31.4811 -1.1539
	-2.9211 -1.1539
	-2.9211 -7.2077
	-2.9211 -24.5676

	-23.6374 4.5627
	-56.5824 4.5627
	-56.5824 30.0778
	-56.5824 42.7271
	-40.7488 42.7271
	-7.8038 42.7271
	-7.8038 30.0778
	-7.8038 4.5627
	-23.6374 4.5627

	66.1742 -3.5896
	66.1742 -30.6807
	66.1742 -44.0055
	25.3489 -44.0055
	6.1381 -44.0055
	6.1381 -30.6807
	6.1381 -3.5896
	46.9634 -3.5896
	66.1742 -3.5896

	52.5893 23.9885
	52.7159 22.9461
	52.7739 22.4675
	52.8162 21.4191
	52.8357 20.9372
	52.8162 20.4553
	52.7739 19.4067
	52.6475 18.3648
	52.5894 17.8861
	52.3793 16.8573
	52.2828 16.385
	51.9908 15.3769
	51.8567 14.914
	51.4846 13.9324
	51.3136 13.4817
	51.107 13.0462
	50.6569 12.0978
	50.1321 11.1887
	49.891 10.7712
	49.2947 9.90717
	49.0208 9.51051
	48.3572 8.69763
	48.0522 8.32409
	47.3248 7.5668
	46.9908 7.21924
	46.6303 6.89975
	45.8445 6.20364
	45.0053 5.57297
	44.6198 5.28331
	43.7325 4.72222
	43.3251 4.46467
	42.3957 3.97681
	41.9688 3.75281
	41.003 3.34126
	40.5595 3.15242
	39.5638 2.81993
	39.1065 2.66735
	38.0874 2.41615
	37.6196 2.30088
	37.1439 2.2235
	36.1076 2.05505
	35.0614 1.97064
	34.581 1.9318
	33.5311 1.9318
	33.0489 1.9318
	32.0029 2.01632
	31.5222 2.05504
	31.0461 2.13249
	30.0103 2.30083
	28.9909 2.552
	28.5228 2.66748
	27.5272 2.99981
	27.07 3.15248
	26.1043 3.56385
	25.6609 3.75282
	25.234 3.9768
	24.3046 4.46467
	23.8972 4.72222
	23.0098 5.28337
	22.1705 5.91412
	21.7853 6.20366
	20.9995 6.89967
	20.6387 7.21938
	19.9116 7.97632
	19.5777 8.32394
	19.2727 8.69739
	18.6088 9.51062
	18.0126 10.3744
	17.7384 10.7717
	17.58 11.0462
	17.4979 11.1881
	16.9727 12.0979
	16.5229 13.046
	16.3162 13.4815
	15.9439 14.4632
	15.773 14.9139
	15.6389 15.3768
	15.4092 16.1698
	15.3468 16.3854
	15.1368 17.4138
	15.0404 17.8861
	14.9139 18.9281
	14.8558 19.4065
	14.8363 19.8881
	14.7941 20.9372
	14.8363 21.9862
	14.8558 22.4678
	14.9823 23.5099
	15.0405 23.9884
	15.1368 24.4605
	15.3468 25.4892
	15.6389 26.4974
	15.773 26.9604
	15.9439 27.4111
	16.3161 28.3927
	16.7661 29.3409
	16.9727 29.7764
	17.4976 30.6856
	17.7387 31.1031
	18.0126 31.4999
	18.6088 32.3637
	19.2727 33.1769
	19.5778 33.5504
	20.3048 34.3073
	20.6386 34.6549
	20.9995 34.9746
	21.7853 35.6706
	22.1705 35.9602
	23.0099 36.591
	23.4175 36.8487
	24.3044 37.4095
	25.234 37.8975
	25.6609 38.1215
	26.1043 38.3104
	27.07 38.7218
	28.0659 39.0544
	28.523 39.2069
	28.9908 39.3223
	30.0103 39.5736
	31.0463 39.7418
	31.5222 39.8193
	32.0029 39.858
	33.0489 39.9425
	34.0987 39.9425
	34.581 39.9425
	35.0614 39.9037
	36.1076 39.8193
	37.1435 39.6509
	37.6196 39.5736
	38.0877 39.4581
	38.4585 39.3667
	39.1068 39.2069
	40.1025 38.8745
	40.5595 38.7219
	41.003 38.533
	41.9689 38.1214
	42.8985 37.6336
	43.3254 37.4095
	44.2122 36.8487
	44.6198 36.591
	45.459 35.9603
	45.8444 35.6707
	46.6303 34.9746
	46.991 34.6549
	47.7179 33.8982
	48.052 33.5504
	48.7164 32.7367
	48.7859 32.6514
	49.0208 32.3637
	49.6171 31.4999
	49.891 31.1031
	50.1321 30.6856
	50.6569 29.7765
	51.107 28.8281
	51.3136 28.3925
	51.6858 27.4111
	51.8567 26.9604
	51.9908 26.4974
	52.2829 25.4892
	52.4928 24.4609
	52.5893 23.9885

	68.7791 9.8598
	68.7791 45.9424
	51.229 45.9424
	15.4564 45.9424
	-66.5276 45.9424
	-66.5276 9.8598
	-66.5276 -46.2641
	-57.846 -46.2641
	-57.846 -22.0159
	-57.846 -0.1539
	-31.4811 -0.1539
	-1.9211 -0.1539
	-1.9211 -7.2077
	-1.9211 -24.5676
	-1.9211 -46.2641
	15.4564 -46.2641
	68.7791 -46.2641
	68.7791 9.8598

	-23.6374 3.5627
	-57.5824 3.5627
	-57.5824 30.0778
	-57.5824 43.7271
	-40.7488 43.7271
	-6.8038 43.7271
	-6.8038 30.0778
	-6.8038 3.5627
	-23.6374 3.5627

	67.1742 -2.5896
	67.1742 -30.6807
	67.1742 -45.0055
	25.3489 -45.0055
	5.1381 -45.0055
	5.1381 -30.6807
	5.1381 -2.5896
	46.9634 -2.5896
	67.1742 -2.5896

	53.5772 24.149
	53.7086 23.0665
	53.7715 22.548
	53.8153 21.4595
	53.8365 20.9372
	53.8153 20.4149
	53.7715 19.3262
	53.6402 18.2444
	53.5772 17.7256
	53.3591 16.6572
	53.2545 16.1454
	52.9513 15.0986
	52.806 14.5971
	52.4196 13.5778
	52.2343 13.0894
	52.0104 12.6175
	51.5431 11.6327
	50.9981 10.6887
	50.7369 10.2363
	50.1176 9.33907
	49.8208 8.90925
	49.1318 8.06525
	48.8014 7.66045
	48.0459 6.874
	47.6841 6.49743
	47.2934 6.15126
	46.4775 5.42842
	45.6061 4.77353
	45.1883 4.45964
	44.2669 3.87699
	43.8255 3.59793
	42.8604 3.09134
	42.3978 2.84861
	41.3948 2.42125
	40.9143 2.21663
	39.8804 1.87138
	39.3848 1.70603
	38.3267 1.4452
	37.8198 1.3203
	37.3044 1.23646
	36.2282 1.06153
	35.1419 0.973881
	34.6213 0.9318
	33.5311 0.9318
	33.0086 0.9318
	31.9224 1.01955
	31.4016 1.06151
	30.8856 1.14546
	29.8102 1.32023
	28.7516 1.58107
	28.2443 1.7062
	27.2106 2.05128
	26.7151 2.2167
	25.7124 2.64387
	25.2318 2.84863
	24.7693 3.09134
	23.8042 3.59793
	23.3628 3.87699
	22.4412 4.45973
	21.5697 5.11473
	21.1523 5.42845
	20.3364 6.15116
	19.9454 6.4976
	19.1904 7.28359
	18.8286 7.66025
	18.4982 8.06492
	17.8087 8.9094
	17.1896 9.80632
	16.8924 10.2369
	16.714 10.5461
	16.632 10.688
	16.0865 11.6328
	15.6195 12.6172
	15.3955 13.0891
	15.0089 14.1086
	14.8237 14.5969
	14.6784 15.0986
	14.4486 15.8916
	14.375 16.146
	14.157 17.2138
	14.0526 17.7256
	13.9212 18.8076
	13.8583 19.3259
	13.8372 19.8477
	13.7933 20.9372
	13.8372 22.0266
	13.8583 22.5484
	13.9896 23.6305
	14.0526 24.1489
	14.157 24.6605
	14.3751 25.7287
	14.6784 26.7757
	14.8237 27.2773
	15.0089 27.7657
	15.3954 28.7849
	15.8627 29.7696
	16.0865 30.2414
	16.6316 31.1856
	16.8928 31.638
	17.1896 32.068
	17.8087 32.9649
	18.4982 33.8094
	18.8287 34.2142
	19.5836 35
	19.9453 35.3766
	20.3364 35.7231
	21.1523 36.4459
	21.5697 36.7596
	22.4415 37.4147
	22.8831 37.6939
	23.804 38.2762
	24.7693 38.783
	25.2319 39.0257
	25.7124 39.2304
	26.7151 39.6576
	27.7492 40.0029
	28.2446 40.1682
	28.7514 40.2932
	29.8102 40.5542
	30.8858 40.7289
	31.4016 40.8128
	31.9224 40.8547
	33.0086 40.9425
	34.0987 40.9425
	34.6213 40.9425
	35.1419 40.9004
	36.2282 40.8128
	37.3039 40.6379
	37.8198 40.5541
	38.3271 40.429
	38.6978 40.3377
	39.3853 40.1682
	40.4191 39.823
	40.9143 39.6577
	41.3949 39.4531
	42.398 39.0256
	43.3633 38.519
	43.8258 38.2762
	44.7466 37.6939
	45.1883 37.4147
	46.0598 36.7598
	46.4774 36.446
	47.2934 35.723
	47.6843 35.3767
	48.439 34.591
	48.8011 34.2141
	49.4911 33.369
	49.5606 33.2838
	49.8209 32.965
	50.4401 32.068
	50.7369 31.638
	50.9981 31.1856
	51.5431 30.2416
	52.0104 29.2568
	52.2344 28.7847
	52.6208 27.7657
	52.806 27.2773
	52.9513 26.7757
	53.2546 25.7287
	53.4726 24.661
	53.5772 24.149

	67.7791 9.8598
	67.7791 44.9424
	51.229 44.9424
	15.4564 44.9424
	-65.5276 44.9424
	-65.5276 9.8598
	-65.5276 -45.2641
	-58.846 -45.2641
	-58.846 -22.0159
	-58.846 0.8461
	-31.4811 0.8461
	-0.9211 0.8461
	-0.9211 -7.2077
	-0.9211 -24.5676
	-0.9211 -45.2641
	4.1381 -45.2641
	4.1381 -30.6807
	4.1381 -1.5896
	46.9634 -1.5896
	67.7791 -1.5896
	67.7791 9.8598

	-23.6374 2.5627
	-58.5824 2.5627
	-58.5824 30.0778
	-58.5824 44.7271
	-40.7488 44.7271
	-5.8038 44.7271
	-5.8038 30.0778
	-5.8038 2.5627
	-23.6374 2.5627

	54.565 24.3096
	54.7013 23.187
	54.769 22.6285
	54.8145 21.4998
	54.8373 20.9372
	54.8145 20.3746
	54.769 19.2457
	54.6329 18.1239
	54.5651 17.5651
	54.3389 16.4571
	54.2263 15.9058
	53.9119 14.8204
	53.7553 14.2802
	53.3546 13.2232
	53.155 12.6971
	52.9139 12.1888
	52.4292 11.1676
	51.8641 10.1887
	51.5828 9.70143
	50.9406 8.77096
	50.6209 8.30798
	49.9065 7.43286
	49.5505 6.99681
	48.767 6.1812
	48.3773 5.77561
	47.9566 5.40278
	47.1105 4.6532
	46.2068 3.97409
	45.7568 3.63598
	44.8013 3.03176
	44.3259 2.73119
	43.3251 2.20588
	42.8268 1.94442
	41.7867 1.50123
	41.2692 1.28084
	40.1971 0.922823
	39.6632 0.744713
	38.566 0.474244
	38.02 0.339731
	37.4649 0.249427
	36.3488 0.0680154
	35.2224 -0.022874
	34.6617 -0.0682001
	33.5311 -0.0682001
	32.9682 -0.0682001
	31.842 0.0227923
	31.2809 0.067993
	30.7251 0.15842
	29.61 0.339643
	28.5122 0.610142
	27.9657 0.744927
	26.8939 1.10275
	26.3603 1.28093
	25.3204 1.72389
	24.8028 1.94444
	24.3046 2.20587
	23.3038 2.73119
	22.8284 3.03176
	21.8727 3.63609
	20.9689 4.31533
	20.5193 4.65324
	19.6733 5.40266
	19.2521 5.77583
	18.4692 6.59086
	18.0795 6.99656
	17.7236 7.43245
	17.0086 8.30817
	16.3666 9.23826
	16.0464 9.70218
	15.848 10.0461
	15.7661 10.1878
	15.2003 11.1678
	14.7161 12.1885
	14.4748 12.6968
	14.0739 13.754
	13.8744 14.28
	13.7179 14.8203
	13.4881 15.6135
	13.4033 15.9065
	13.1772 17.0138
	13.0647 17.5651
	12.9284 18.6871
	12.8607 19.2454
	12.838 19.8074
	12.7924 20.9372
	12.838 22.0669
	12.8607 22.629
	12.9969 23.751
	13.0648 24.3095
	13.1772 24.8605
	13.4034 25.9682
	13.7178 27.0539
	13.8744 27.5943
	14.0739 28.1203
	14.4747 29.1772
	14.9592 30.1983
	15.2003 30.7065
	15.7656 31.6856
	16.0469 32.1729
	16.3666 32.636
	17.0086 33.5661
	17.7236 34.4418
	18.0797 34.8779
	18.8624 35.6927
	19.252 36.0984
	19.6733 36.4716
	20.5193 37.2211
	20.9689 37.559
	21.873 38.2384
	22.3487 38.5391
	23.3035 39.143
	24.3046 39.6684
	24.8028 39.9299
	25.3204 40.1504
	26.3602 40.5934
	27.4326 40.9515
	27.9662 41.1295
	28.512 41.2641
	29.61 41.5348
	30.7254 41.7159
	31.2809 41.8063
	31.842 41.8515
	32.9682 41.9425
	34.0987 41.9425
	34.6617 41.9425
	35.2224 41.8972
	36.3488 41.8063
	37.4643 41.625
	38.02 41.5347
	38.5665 41.3999
	38.9371 41.3086
	39.6637 41.1294
	40.7358 40.7716
	41.2691 40.5935
	41.7867 40.3731
	42.827 39.9298
	43.8281 39.4044
	44.3263 39.1429
	45.281 38.5391
	45.7567 38.2384
	46.6605 37.5592
	47.1103 37.2212
	47.9566 36.4715
	48.3776 36.0985
	49.1602 35.2838
	49.5502 34.8779
	50.2658 34.0013
	50.3354 33.9161
	50.621 33.5662
	51.2631 32.636
	51.5828 32.1729
	51.8641 31.6856
	52.4292 30.7067
	52.9139 29.6855
	53.1551 29.1769
	53.5558 28.1203
	53.7553 27.5943
	53.9119 27.0539
	54.2263 25.9682
	54.4524 24.8611
	54.565 24.3096

	66.7791 9.8598
	66.7791 43.9424
	51.229 43.9424
	15.4564 43.9424
	-4.8038 43.9424
	-4.8038 30.0778
	-4.8038 1.8461
	0.0788999 1.8461
	0.0788999 -7.2077
	0.0788999 -24.5676
	0.0788999 -44.2641
	3.1381 -44.2641
	3.1381 -30.6807
	3.1381 -0.5896
	29.2015 -0.5896
	28.2729 -0.36079
	27.6872 -0.216347
	26.5772 0.154219
	26.0054 0.345156
	24.9284 0.803906
	24.3738 1.04024
	23.8399 1.32041
	22.8035 1.86444
	22.294 2.18653
	21.3042 2.81245
	20.3681 3.51594
	19.8863 3.87802
	19.0101 4.65415
	18.5588 5.05406
	17.748 5.89814
	17.3305 6.33287
	16.949 6.79998
	16.2085 7.70694
	15.5436 8.67019
	15.2004 9.16743
	14.982 9.54604
	14.9002 9.68758
	14.3141 10.7027
	13.8126 11.7597
	13.5541 12.3044
	13.1388 13.3995
	12.9251 13.9631
	12.7574 14.5421
	12.5276 15.3354
	12.4315 15.6671
	12.1974 16.8139
	12.0769 17.4046
	11.9357 18.5666
	11.8631 19.1648
	11.8388 19.767
	11.7916 20.9372
	11.8388 22.1073
	11.8631 22.7096
	12.0042 23.8716
	12.0769 24.47
	12.1974 25.0604
	12.4316 26.2077
	12.7573 27.3322
	12.9251 27.9112
	13.1388 28.4748
	13.5539 29.5695
	14.0557 30.6269
	14.3141 31.1715
	14.8995 32.1856
	15.201 32.7078
	15.5436 33.2041
	16.2085 34.1674
	16.949 35.0743
	17.3306 35.5416
	18.1412 36.3855
	18.5587 36.8201
	19.0102 37.2202
	19.8863 37.9963
	20.3681 38.3584
	21.3045 39.0621
	21.8143 39.3844
	22.8031 40.0097
	23.8399 40.5539
	24.3738 40.8341
	24.9285 41.0704
	26.0053 41.5291
	27.116 41.9
	27.6878 42.0908
	28.2726 42.235
	29.4099 42.5154
	30.5649 42.703
	31.1603 42.7998
	31.7616 42.8483
	32.9279 42.9425
	34.0987 42.9425
	34.702 42.9425
	35.3029 42.8939
	36.4694 42.7998
	37.6246 42.612
	38.2202 42.5153
	38.8058 42.3709
	39.1765 42.2795
	39.9422 42.0907
	41.0525 41.7201
	41.624 41.5293
	42.1786 41.2931
	43.2561 40.834
	44.2928 40.2899
	44.8268 40.0096
	45.8154 39.3844
	46.3252 39.0621
	47.2612 38.3587
	47.7433 37.9965
	48.6197 37.22
	49.0709 36.8202
	49.8813 35.9766
	50.2993 35.5416
	51.0405 34.6336
	51.1101 34.5484
	51.4211 34.1674
	52.0861 33.2041
	52.4287 32.7078
	52.7302 32.1856
	53.3154 31.1719
	53.8174 30.1141
	54.0759 29.5692
	54.4909 28.4748
	54.7046 27.9112
	54.8724 27.3321
	55.1981 26.2077
	55.4321 25.0612
	55.5529 24.4702
	55.694 23.3074
	55.7666 22.7089
	55.8137 21.5402
	55.8381 20.9372
	55.8137 20.3343
	55.7666 19.1652
	55.6256 18.0035
	55.553 17.4046
	55.3186 16.257
	55.198 15.6662
	54.8724 14.5422
	54.7047 13.9632
	54.2896 12.8686
	54.0757 12.3048
	53.8174 11.7601
	53.3154 10.7024
	52.7302 9.68872
	52.4287 9.16654
	51.7635 8.20285
	51.421 7.70672
	50.6811 6.80047
	50.2997 6.33318
	49.4882 5.4884
	49.0706 5.05379
	48.6197 4.6543
	47.7435 3.87799
	46.8075 3.17464
	46.3253 2.81232
	45.3357 2.18654
	44.8262 1.86445
	43.7898 1.32041
	43.2558 1.04022
	42.1786 0.581219
	41.624 0.345048
	40.5137 -0.0257327
	39.9416 -0.216605
	38.8053 -0.496707
	38.4282 -0.5896
	46.9634 -0.5896
	66.7791 -0.5896
	66.7791 9.8598

	-64.5276 43.9424
	-64.5276 9.8598
	-64.5276 -44.2641
	-59.846 -44.2641
	-59.846 -22.0159
	-59.846 1.8461
	-59.5824 1.8461
	-59.5824 30.0778
	-59.5824 43.9424
	-64.5276 43.9424

	65.7791 9.8598
	65.7791 42.9424
	51.229 42.9424
	40.5491 42.9424
	41.3692 42.6686
	41.9788 42.4651
	42.5705 42.2131
	43.6851 41.7382
	44.7576 41.1753
	45.3272 40.8762
	46.3498 40.2296
	46.8937 39.8858
	47.862 39.1581
	48.3762 38.7717
	49.2829 37.9685
	49.7642 37.542
	50.6024 36.6694
	51.0484 36.2053
	51.8153 35.2659
	51.8848 35.1807
	52.2212 34.7687
	52.9091 33.7722
	53.2746 33.2426
	53.5962 32.6856
	54.2016 31.637
	54.7208 30.5428
	54.9966 29.9614
	55.4259 28.8294
	55.6539 28.2281
	55.8329 27.6104
	56.1698 26.4473
	56.4119 25.2613
	56.5407 24.6308
	56.6867 23.4279
	56.7642 22.7894
	56.8129 21.5805
	56.8389 20.9372
	56.8129 20.2939
	56.7642 19.0847
	56.6183 17.883
	56.5408 17.2441
	56.2984 16.0569
	56.1697 15.4267
	55.8329 14.2639
	55.654 13.6463
	55.2246 12.514
	54.9965 11.9125
	54.7208 11.3315
	54.2016 10.2373
	53.5962 9.18872
	53.2746 8.63165
	52.5865 7.63474
	52.221 7.10546
	51.4558 6.16808
	51.0488 5.66954
	50.2093 4.7956
	49.7638 4.33197
	49.2829 3.90581
	48.3764 3.10277
	47.4083 2.3752
	46.8938 1.98865
	45.8701 1.34131
	45.3266 0.997703
	44.2545 0.434945
	44.2078 0.4104
	46.9634 0.4104
	65.7791 0.4104
	65.7791 9.8598

	15.4564 42.9424
	-3.8038 42.9424
	-3.8038 30.0778
	-3.8038 2.8461
	1.0789 2.8461
	1.0789 -7.2077
	1.0789 -24.5676
	1.0789 -43.2641
	2.1381 -43.2641
	2.1381 -30.6807
	2.1381 0.4104
	23.4219 0.4104
	23.3752 0.43494
	22.3031 0.997702
	21.7596 1.3413
	20.7356 1.98881
	19.7672 2.71655
	19.2534 3.10281
	18.347 3.90564
	17.8655 4.33228
	17.0268 5.20541
	16.5814 5.66918
	16.1744 6.16751
	15.4085 7.10572
	14.7206 8.10212
	14.3544 8.63269
	14.116 9.04599
	14.0343 9.18739
	13.4279 10.2376
	12.9092 11.331
	12.6334 11.9121
	12.2038 13.0449
	11.9758 13.6461
	11.7968 14.2638
	11.567 15.0572
	11.4598 15.4277
	11.2176 16.6139
	11.089 17.2441
	10.943 18.4461
	10.8656 19.0842
	10.8396 19.7267
	10.7908 20.9372
	10.8396 22.1476
	10.8656 22.7902
	11.0115 23.9922
	11.0891 24.6306
	11.2176 25.2604
	11.4599 26.4472
	11.7968 27.6104
	11.9758 28.2282
	12.2038 28.8294
	12.6332 29.9618
	13.1523 31.0556
	13.4279 31.6366
	14.0335 32.6856
	14.3552 33.2427
	14.7206 33.7722
	15.4085 34.7686
	16.1744 35.7068
	16.5815 36.2053
	17.42 37.0782
	17.8653 37.5419
	18.347 37.9687
	19.2534 38.7715
	19.7673 39.1578
	20.736 39.8858
	21.2799 40.2296
	22.3027 40.8764
	23.3752 41.4394
	23.9448 41.7383
	24.5365 41.9904
	25.6504 42.4649
	26.7994 42.8486
	27.0806 42.9424
	15.4564 42.9424

	64.7791 9.8598
	64.7791 41.9424
	51.229 41.9424
	45.4478 41.9424
	45.8277 41.7429
	46.8843 41.0748
	47.4622 40.7095
	48.4627 39.9576
	49.0092 39.547
	49.946 38.717
	50.4575 38.2638
	51.3236 37.3622
	51.7974 36.869
	52.59 35.8982
	52.6595 35.813
	53.0213 35.3699
	53.732 34.3403
	54.1204 33.7775
	54.4622 33.1856
	55.0878 32.1021
	55.6243 30.9715
	55.9174 30.3536
	56.3609 29.184
	56.6032 28.5451
	56.7934 27.8886
	57.1415 26.6868
	57.3917 25.4614
	57.5286 24.7914
	57.6795 23.5483
	57.7617 22.8699
	57.8121 21.6208
	57.8397 20.9372
	57.8121 20.2536
	57.7617 19.0042
	57.6111 17.7626
	57.5287 17.0836
	57.2782 15.8568
	57.1414 15.1871
	56.7934 13.9857
	56.6033 13.3294
	56.1596 12.1594
	55.9172 11.5202
	55.6243 10.9028
	55.0878 9.77223
	54.4622 8.68873
	54.1204 8.09676
	53.4094 7.06663
	53.0211 6.50419
	52.2304 5.53569
	51.7979 5.0059
	50.9304 4.10279
	50.4571 3.61015
	49.946 3.15733
	49.0094 2.32755
	48.009 1.57576
	47.789 1.4104
	64.7791 1.4104
	64.7791 9.8598

	63.7791 9.8598
	63.7791 40.9424
	51.229 40.9424
	48.8168 40.9424
	49.0635 40.757
	49.6421 40.3222
	50.6092 39.4655
	51.1508 38.9856
	52.0447 38.055
	52.5465 37.5327
	53.3647 36.5305
	53.4342 36.4453
	53.8213 35.9712
	54.555 34.9083
	54.9663 34.3124
	55.3282 33.6856
	55.9739 32.5672
	56.5277 31.4002
	56.8381 30.7459
	57.2959 29.5386
	57.5525 28.862
	57.7539 28.1669
	58.1132 26.9263
	58.3715 25.6616
	58.5164 24.952
	58.6722 23.6688
	58.7593 22.9504
	58.8113 21.6612
	58.8406 20.9372
	58.8113 20.2132
	58.7593 18.9237
	58.6038 17.6421
	58.5166 16.9231
	58.258 15.6566
	58.1131 14.9475
	57.7539 13.7074
	57.5526 13.0125
	57.0947 11.8048
	56.8379 11.128
	56.5277 10.4741
	55.9739 9.30712
	55.3282 8.18873
	54.9663 7.56186
	54.2324 6.49852
	53.8212 5.90293
	53.0051 4.9033
	52.5471 4.34226
	51.6516 3.40999
	51.1503 2.88833
	50.6109 2.4104
	63.7791 2.4104
	63.7791 9.8598

	62.7791 9.8598
	62.7791 39.9424
	51.5788 39.9424
	51.8441 39.7073
	52.7658 38.7478
	53.2956 38.1964
	54.1394 37.1628
	54.2089 37.0777
	54.6214 36.5724
	55.378 35.4764
	55.8122 34.8473
	56.1943 34.1856
	56.8601 33.0323
	57.4312 31.8288
	57.7589 31.1381
	58.231 29.8931
	58.5018 29.1789
	58.7144 28.4451
	59.085 27.1658
	59.3512 25.8617
	59.5043 25.1125
	59.6649 23.7892
	59.7569 23.0308
	59.8105 21.7015
	59.8414 20.9372
	59.8105 20.1729
	59.7569 18.8432
	59.5965 17.5217
	59.5044 16.7626
	59.2377 15.4565
	59.0848 14.7079
	58.7144 13.4292
	58.5019 12.6956
	58.0297 11.4502
	57.7586 10.7357
	57.4312 10.0454
	56.8601 8.84201
	56.1943 7.68873
	55.8122 7.02697
	55.0553 5.93041
	54.6212 5.30167
	53.7797 4.27092
	53.2962 3.67863
	53.0386 3.4104
	62.7791 3.4104
	62.7791 9.8598

	61.7791 9.8598
	61.7791 38.9424
	53.9656 38.9424
	54.0447 38.8601
	54.9141 37.7951
	54.9836 37.71
	55.4215 37.1737
	56.201 36.0445
	56.6581 35.3822
	57.0603 34.6856
	57.7463 33.4974
	58.3346 32.2575
	58.6796 31.5303
	59.166 30.2477
	59.4511 29.4959
	59.6749 28.7233
	60.0567 27.4053
	60.331 26.0618
	60.4921 25.2731
	60.6576 23.9097
	60.7545 23.1113
	60.8096 21.7419
	60.8422 20.9372
	60.8096 20.1325
	60.7544 18.7627
	60.5892 17.4012
	60.4923 16.6021
	60.2175 15.2564
	60.0565 14.4684
	59.6749 13.151
	59.4512 12.3787
	58.9647 11.0956
	58.6794 10.3434
	58.3346 9.61677
	57.7463 8.3769
	57.0603 7.18874
	56.6581 6.49208
	55.8783 5.36231
	55.4213 4.7004
	55.1845 4.4104
	61.7791 4.4104
	61.7791 9.8598

	60.7791 9.8598
	60.7791 13.3687
	60.6354 12.8727
	60.4005 12.0618
	59.8997 10.741
	59.6001 9.95111
	59.2381 9.1881
	58.6324 7.9118
	57.9263 6.68874
	57.504 5.95718
	57.1266 5.4104
	60.7791 5.4104
	60.7791 9.8598

	60.7791 37.9424
	56.0848 37.9424
	56.2216 37.7749
	57.024 36.6125
	57.504 35.9171
	57.9263 35.1856
	58.6324 33.9625
	59.2381 32.6862
	59.6004 31.9226
	60.101 30.6023
	60.4004 29.8128
	60.6354 29.0016
	60.7791 28.5056
	60.7791 37.9424

	59.7791 7.99562
	59.5186 7.44669
	58.9203 6.4104
	59.7791 6.4104
	59.7791 7.99562

	59.7791 36.9424
	58.0114 36.9424
	58.3498 36.452
	58.7924 35.6856
	59.5186 34.4276
	59.7791 33.8787
	59.7791 36.9424

	15.4564 41.9424
	-2.8038 41.9424
	-2.8038 30.0778
	-2.8038 3.8461
	2.0789 3.8461
	2.0789 1.4104
	19.8407 1.4104
	19.1664 1.91715
	18.6204 2.3276
	17.6839 3.15713
	17.1722 3.61051
	16.3056 4.51268
	15.8323 5.00549
	15.3998 5.53504
	14.6084 6.50449
	13.8977 7.53405
	13.5084 8.09795
	13.25 8.54595
	13.1684 8.68721
	12.5418 9.77257
	12.0058 10.9022
	11.7127 11.5197
	11.2688 12.6903
	11.0265 13.3292
	10.8363 13.9856
	10.6065 14.7791
	10.488 15.1883
	10.2378 16.4139
	10.1012 17.0836
	9.95031 18.3256
	9.86803 19.0037
	9.84041 19.6864
	9.79001 20.9372
	9.84041 22.188
	9.86803 22.8707
	10.0188 24.1128
	10.1013 24.7911
	10.2378 25.4604
	10.4882 26.6868
	10.8363 27.8886
	11.0265 28.5451
	11.2688 29.184
	11.7125 30.3541
	12.2488 31.4843
	12.5417 32.1017
	13.1675 33.1856
	13.5093 33.7776
	13.8977 34.3403
	14.6084 35.3698
	15.3998 36.3393
	15.8324 36.869
	16.6988 37.7709
	17.172 38.2636
	17.6839 38.7172
	18.6204 39.5467
	19.1664 39.9572
	20.1675 40.7095
	20.7455 41.0748
	21.8022 41.7431
	22.1819 41.9424
	15.4564 41.9424

	15.4564 40.9424
	-1.8038 40.9424
	-1.8038 30.0778
	-1.8038 4.8461
	3.0789 4.8461
	3.0789 2.4104
	17.0188 2.4104
	16.4789 2.88873
	15.5844 3.81996
	15.0832 4.34181
	14.6252 4.90257
	13.8083 5.90327
	13.0747 6.96598
	12.6625 7.5632
	12.384 8.0459
	12.3024 8.18702
	11.6556 9.3075
	11.1024 10.4735
	10.792 11.1274
	10.3338 12.3357
	10.0772 13.0123
	9.87583 13.7073
	9.64594 14.5009
	9.51629 14.9488
	9.25799 16.2139
	9.1133 16.9231
	8.9576 18.2051
	8.87047 18.9231
	8.84123 19.646
	8.78919 20.9372
	8.84123 22.2283
	8.87048 22.9513
	9.02608 24.2334
	9.11341 24.9517
	9.25799 25.6604
	9.51646 26.9263
	9.8758 28.1669
	10.0772 28.862
	10.3337 29.5386
	10.7918 30.7464
	11.3454 31.913
	11.6555 32.5667
	12.3015 33.6856
	12.6634 34.3125
	13.0747 34.9083
	13.8083 35.971
	14.6252 36.9717
	15.0834 37.5327
	15.9776 38.4636
	16.4787 38.9854
	17.0208 39.4657
	17.9874 40.3219
	18.5656 40.7565
	18.8129 40.9424
	15.4564 40.9424

	15.4564 39.9424
	-0.8038 39.9424
	-0.8038 30.0778
	-0.8038 5.8461
	4.0789 5.8461
	4.0789 3.4104
	14.5912 3.4104
	14.3341 3.67812
	13.8507 4.2701
	13.0082 5.30204
	12.2517 6.39791
	11.8165 7.02846
	11.518 7.54586
	11.4365 7.68683
	10.7694 8.84243
	10.1989 10.0448
	9.87125 10.735
	9.39872 11.9812
	9.12789 12.6953
	8.91532 13.4291
	8.6854 14.2228
	8.54455 14.7094
	8.27819 16.014
	8.12545 16.7626
	7.96489 18.0845
	7.87291 18.8425
	7.84204 19.6057
	7.78838 20.9372
	7.84204 22.2686
	7.87292 23.0319
	8.03337 24.354
	8.12557 25.1122
	8.27819 25.8603
	8.54473 27.1658
	8.91529 28.4451
	9.12789 29.179
	9.39872 29.8931
	9.87102 31.1387
	10.4419 32.3416
	10.7693 33.0318
	11.4354 34.1856
	11.8175 34.8473
	12.2517 35.4764
	13.0082 36.5723
	13.8507 37.6042
	14.3343 38.1964
	15.2564 39.1564
	15.7854 39.7071
	16.0509 39.9424
	15.4564 39.9424

	0.1962 38.9424
	0.1962 30.0778
	0.1962 6.8461
	5.0789 6.8461
	5.0789 4.4104
	12.4452 4.4104
	12.2081 4.70082
	11.4287 5.82984
	10.9705 6.49371
	10.652 7.04582
	10.5706 7.18665
	9.88318 8.37736
	9.29552 9.61601
	8.95055 10.3427
	8.46369 11.6266
	8.17859 12.3784
	7.95481 13.1508
	7.72486 13.9447
	7.5728 14.47
	7.29838 15.814
	7.13759 16.6021
	6.97218 17.964
	6.87535 18.762
	6.84286 19.5653
	6.78757 20.9372
	6.84286 22.309
	6.87536 23.1125
	7.04067 24.4746
	7.13772 25.2728
	7.29838 26.0603
	7.573 27.4053
	7.95478 28.7234
	8.17859 29.4959
	8.46369 30.2477
	8.9503 31.5309
	9.53845 32.7703
	9.88311 33.4968
	10.5694 34.6856
	10.9716 35.3822
	11.4287 36.0445
	12.2081 37.1735
	13.0761 38.2367
	13.5852 38.8602
	13.6642 38.9424
	0.1962 38.9424

	1.1962 37.9424
	1.1962 30.0778
	1.1962 7.8461
	6.0789 7.8461
	6.0789 5.4104
	10.5031 5.4104
	10.1245 5.95897
	9.786 6.54577
	9.70469 6.68646
	8.99698 7.9123
	8.39209 9.18727
	8.02985 9.95034
	7.52867 11.272
	7.22929 12.0614
	6.99431 12.8726
	6.76431 13.6665
	6.60106 14.2305
	6.31858 15.614
	6.14973 16.4417
	5.97946 17.8435
	5.87779 18.6814
	5.84367 19.525
	5.78676 20.9372
	5.84367 22.3493
	5.8778 23.1931
	6.04797 24.5952
	6.14988 25.4334
	6.31858 26.2603
	6.60128 27.6448
	6.99427 29.0016
	7.22929 29.8128
	7.52867 30.6023
	8.02957 31.9232
	8.63499 33.199
	8.99692 33.9619
	9.70338 35.1856
	10.1258 35.9171
	10.6057 36.6125
	11.408 37.7747
	11.5449 37.9424
	1.1962 37.9424

	2.1962 36.9424
	2.1962 30.0778
	2.1962 8.8461
	7.0789 8.8461
	7.0789 6.4104
	8.70938 6.4104
	8.11079 7.44723
	7.48866 8.75852
	7.10914 9.558
	6.59364 10.9174
	6.27999 11.7445
	6.0338 12.5943
	5.80377 13.3884
	5.62931 13.9911
	5.33878 15.4141
	5.16188 16.2812
	4.98675 17.723
	4.88024 18.6008
	4.84448 19.4847
	4.78595 20.9372
	4.84448 22.3897
	4.88024 23.2736
	5.05527 24.7158
	5.16204 25.5939
	5.33878 26.4602
	5.62955 27.8844
	6.03376 29.2799
	6.27999 30.1298
	6.59364 30.9569
	7.10884 32.3155
	7.73154 33.6277
	8.11072 34.4269
	8.83735 35.6856
	9.27988 36.452
	9.61834 36.9424
	2.1962 36.9424

	3.1962 35.9424
	3.1962 30.0778
	3.1962 9.8461
	5.93041 9.8461
	5.65861 10.5629
	5.33069 11.4276
	5.07329 12.3161
	4.84323 13.1102
	4.65757 13.7517
	4.35898 15.2141
	4.17402 16.1207
	3.99404 17.6025
	3.88268 18.5202
	3.8453 19.4443
	3.78513 20.9372
	3.8453 22.43
	3.88268 23.3542
	4.06256 24.8363
	4.17419 25.7545
	4.35898 26.6602
	4.65782 28.1239
	5.07325 29.5581
	5.33069 30.4467
	5.65861 31.3114
	6.18811 32.7078
	6.82808 34.0563
	7.22452 34.892
	7.83094 35.9424
	3.1962 35.9424

	4.1962 34.9424
	4.1962 30.1244
	4.38139 30.7637
	4.72358 31.666
	5.26738 33.1001
	5.92462 34.485
	6.1416 34.9424
	4.1962 34.9424

	4.1962 10.8461
	4.48171 10.8461
	4.38139 11.1106
	4.1962 11.7499
	4.1962 10.8461

	-63.5276 42.9424
	-63.5276 9.8598
	-63.5276 -43.2641
	-60.846 -43.2641
	-60.846 -22.0159
	-60.846 2.8461
	-60.5824 2.8461
	-60.5824 30.0778
	-60.5824 42.9424
	-63.5276 42.9424

	-62.5276 41.9424
	-62.5276 9.8598
	-62.5276 -42.2641
	-61.846 -42.2641
	-61.846 -22.0159
	-61.846 3.8461
	-61.5824 3.8461
	-61.5824 30.0778
	-61.5824 41.9424
	-62.5276 41.9424

