-40.5
p
	[72.7791, -40.2434, -40.5]
	[72.7791, -50.2641, -40.5]
	[-48.9775, -50.2641, -40.5]
	[-56.197, -50.2641, -40.5]
	[-70.5276, -50.2641, -40.5]
	[-70.5276, -40.2434, -40.5]
	[-70.5276, 49.9424, -40.5]
	[-56.197, 49.9424, -40.5]
	[51.229, 49.9424, -40.5]
	[72.7791, 49.9424, -40.5]
	[72.7791, -40.2434, -40.5]
p
	[39.1601, 47.4424, -40.5]
	[38.3268, 47.4424, -40.5]
	[-68.0276, 47.4424, -40.5]
	[-68.0276, -26.3426, -40.5]
	[-68.0276, -47.7641, -40.5]
	[-67.1943, -47.7641, -40.5]
	[-46.4775, -47.7641, -40.5]
	[39.1601, -47.7641, -40.5]
	[70.2791, -47.7641, -40.5]
	[70.2791, -26.3426, -40.5]
	[70.2791, 47.4424, -40.5]
	[48.729, 47.4424, -40.5]
	[39.1601, 47.4424, -40.5]
-36.0
p
	[72.7791, -30.2228, -36.0]
	[72.7791, -50.2641, -36.0]
	[-41.8663, -50.2641, -36.0]
	[-48.9775, -50.2641, -36.0]
	[-70.5276, -50.2641, -36.0]
	[-70.5276, -30.2228, -36.0]
	[-70.5276, 49.9424, -36.0]
	[-41.8663, 49.9424, -36.0]
	[51.229, 49.9424, -36.0]
	[72.7791, 49.9424, -36.0]
	[72.7791, -30.2228, -36.0]
p
	[8.0411, 47.4424, -36.0]
	[7.4497, 47.4424, -36.0]
	[-68.0276, 47.4424, -36.0]
	[-68.0276, -4.9211, -36.0]
	[-68.0276, -47.7641, -36.0]
	[-67.4362, -47.7641, -36.0]
	[-46.4775, -47.7641, -36.0]
	[8.0411, -47.7641, -36.0]
	[70.2791, -47.7641, -36.0]
	[70.2791, -4.9211, -36.0]
	[70.2791, 47.4424, -36.0]
	[48.729, 47.4424, -36.0]
	[8.0411, 47.4424, -36.0]
-31.5
p
	[72.7791, -20.2021, -31.5]
	[72.7791, -50.2641, -31.5]
	[-27.5356, -50.2641, -31.5]
	[-48.9775, -50.2641, -31.5]
	[-70.5276, -50.2641, -31.5]
	[-70.5276, -20.2021, -31.5]
	[-70.5276, 49.9424, -31.5]
	[-27.5356, 49.9424, -31.5]
	[51.229, 49.9424, -31.5]
	[72.7791, 49.9424, -31.5]
	[72.7791, -20.2021, -31.5]
p
	[-23.0779, 47.4424, -31.5]
	[-23.4274, 47.4424, -31.5]
	[-68.0276, 47.4424, -31.5]
	[-68.0276, 16.5003, -31.5]
	[-68.0276, -47.7641, -31.5]
	[-67.6782, -47.7641, -31.5]
	[-46.4775, -47.7641, -31.5]
	[-23.0779, -47.7641, -31.5]
	[70.2791, -47.7641, -31.5]
	[70.2791, 16.5003, -31.5]
	[70.2791, 47.4424, -31.5]
	[48.729, 47.4424, -31.5]
	[-23.0779, 47.4424, -31.5]
-27.0
p
	[72.7791, -10.1815, -27.0]
	[72.7791, -50.2641, -27.0]
	[-13.2049, -50.2641, -27.0]
	[-48.9775, -50.2641, -27.0]
	[-70.5276, -50.2641, -27.0]
	[-70.5276, -10.1815, -27.0]
	[-70.5276, 49.9424, -27.0]
	[-13.2049, 49.9424, -27.0]
	[51.229, 49.9424, -27.0]
	[72.7791, 49.9424, -27.0]
	[72.7791, -10.1815, -27.0]
p
	[-54.197, 47.4424, -27.0]
	[-54.3045, 47.4424, -27.0]
	[-68.0276, 47.4424, -27.0]
	[-68.0276, 37.9218, -27.0]
	[-68.0276, -47.7641, -27.0]
	[-67.9201, -47.7641, -27.0]
	[-54.197, -47.7641, -27.0]
	[-46.4775, -47.7641, -27.0]
	[70.2791, -47.7641, -27.0]
	[70.2791, 37.9218, -27.0]
	[70.2791, 47.4424, -27.0]
	[48.729, 47.4424, -27.0]
	[-54.197, 47.4424, -27.0]
-22.5
p
	[72.7791, -0.1608, -22.5]
	[72.7791, -50.2641, -22.5]
	[1.1258, -50.2641, -22.5]
	[-48.9775, -50.2641, -22.5]
	[-70.5276, -50.2641, -22.5]
	[-70.5276, -0.1608, -22.5]
	[-70.5276, 49.9424, -22.5]
	[1.1258, 49.9424, -22.5]
	[51.229, 49.9424, -22.5]
	[72.7791, 49.9424, -22.5]
	[72.7791, -0.1608, -22.5]
p
	[-5.9211, -36.0503, -22.5]
	[-5.9211, -7.2077, -22.5]
	[-5.9211, -4.1539, -22.5]
	[-45.8586, -4.1539, -22.5]
	[-53.846, -4.1539, -22.5]
	[-53.846, -10.5332, -22.5]
	[-53.846, -42.4295, -22.5]
	[-41.143, -42.4295, -22.5]
	[-13.9086, -42.4295, -22.5]
	[-5.9211, -42.4295, -22.5]
	[-5.9211, -36.0503, -22.5]
p
	[-42.8878, 7.5627, -22.5]
	[-10.8038, 7.5627, -22.5]
	[-10.8038, 15.6038, -22.5]
	[-10.8038, 39.7271, -22.5]
	[-21.4985, 39.7271, -22.5]
	[-53.5824, 39.7271, -22.5]
	[-53.5824, 15.6038, -22.5]
	[-53.5824, 7.5627, -22.5]
	[-42.8878, 7.5627, -22.5]
p
	[49.6258, 23.5067, -22.5]
	[49.6, 23.6331, -22.5]
	[49.3677, 24.7706, -22.5]
	[49.0447, 25.8857, -22.5]
	[49.0088, 26.0096, -22.5]
	[48.9631, 26.1303, -22.5]
	[48.5514, 27.2158, -22.5]
	[48.4961, 27.3323, -22.5]
	[47.9984, 28.3812, -22.5]
	[47.4179, 29.3867, -22.5]
	[47.3534, 29.4984, -22.5]
	[47.2801, 29.6046, -22.5]
	[46.6206, 30.56, -22.5]
	[46.5639, 30.6295, -22.5]
	[46.539, 30.66, -22.5]
	[45.8048, 31.5593, -22.5]
	[45.7154, 31.6523, -22.5]
	[44.9111, 32.4896, -22.5]
	[44.8146, 32.5751, -22.5]
	[43.9456, 33.345, -22.5]
	[43.8425, 33.4225, -22.5]
	[42.9143, 34.12, -22.5]
	[42.8053, 34.1889, -22.5]
	[41.824, 34.8094, -22.5]
	[41.7098, 34.8694, -22.5]
	[40.6818, 35.4089, -22.5]
	[39.6137, 35.864, -22.5]
	[39.495, 35.9145, -22.5]
	[39.3727, 35.9554, -22.5]
	[38.2714, 36.323, -22.5]
	[37.7405, 36.4539, -22.5]
	[37.1442, 36.6009, -22.5]
	[37.0189, 36.6318, -22.5]
	[36.8916, 36.6524, -22.5]
	[35.7457, 36.8387, -22.5]
	[34.5884, 36.9321, -22.5]
	[34.4599, 36.9425, -22.5]
	[34.3309, 36.9425, -22.5]
	[33.1699, 36.9425, -22.5]
	[32.0126, 36.8491, -22.5]
	[31.8841, 36.8387, -22.5]
	[31.7567, 36.818, -22.5]
	[30.6108, 36.6318, -22.5]
	[29.4835, 36.3539, -22.5]
	[29.3583, 36.323, -22.5]
	[29.2359, 36.2822, -22.5]
	[28.1347, 35.9145, -22.5]
	[27.0666, 35.4595, -22.5]
	[26.9479, 35.4089, -22.5]
	[26.8337, 35.349, -22.5]
	[25.8057, 34.8094, -22.5]
	[24.8244, 34.1889, -22.5]
	[24.7154, 34.12, -22.5]
	[23.7873, 33.4225, -22.5]
	[23.6842, 33.345, -22.5]
	[22.8151, 32.5751, -22.5]
	[22.7186, 32.4896, -22.5]
	[22.6292, 32.3966, -22.5]
	[21.825, 31.5593, -22.5]
	[21.7434, 31.4593, -22.5]
	[21.0091, 30.56, -22.5]
	[20.3496, 29.6046, -22.5]
	[20.2763, 29.4984, -22.5]
	[20.2118, 29.3867, -22.5]
	[19.6313, 28.3812, -22.5]
	[19.576, 28.2647, -22.5]
	[19.0783, 27.2158, -22.5]
	[18.6666, 26.1303, -22.5]
	[18.6209, 26.0096, -22.5]
	[18.585, 25.8857, -22.5]
	[18.262, 24.7706, -22.5]
	[18.0298, 23.6331, -22.5]
	[18.004, 23.5067, -22.5]
	[17.9884, 23.3786, -22.5]
	[17.8485, 22.2261, -22.5]
	[17.8433, 22.0972, -22.5]
	[17.7965, 20.9372, -22.5]
	[17.8433, 19.7771, -22.5]
	[17.8485, 19.6482, -22.5]
	[17.864, 19.5202, -22.5]
	[18.004, 18.3676, -22.5]
	[18.0298, 18.2412, -22.5]
	[18.262, 17.1037, -22.5]
	[18.2908, 17.0042, -22.5]
	[18.585, 15.9886, -22.5]
	[18.6209, 15.8647, -22.5]
	[18.6666, 15.744, -22.5]
	[19.0783, 14.6585, -22.5]
	[19.1336, 14.542, -22.5]
	[19.6313, 13.4931, -22.5]
	[20.2118, 12.4876, -22.5]
	[20.2412, 12.4368, -22.5]
	[20.2763, 12.3759, -22.5]
	[20.3496, 12.2697, -22.5]
	[21.0091, 11.3143, -22.5]
	[21.7434, 10.415, -22.5]
	[21.825, 10.315, -22.5]
	[21.9143, 10.222, -22.5]
	[22.7186, 9.3847, -22.5]
	[22.8151, 9.2992, -22.5]
	[23.6842, 8.5293, -22.5]
	[23.7873, 8.4518, -22.5]
	[24.7154, 7.7543, -22.5]
	[25.6967, 7.1338, -22.5]
	[25.8057, 7.0649, -22.5]
	[26.8337, 6.5253, -22.5]
	[26.9479, 6.4654, -22.5]
	[27.0666, 6.4148, -22.5]
	[28.1347, 5.9598, -22.5]
	[28.257, 5.9189, -22.5]
	[29.3583, 5.5513, -22.5]
	[29.4835, 5.5204, -22.5]
	[30.6108, 5.2426, -22.5]
	[31.7567, 5.0563, -22.5]
	[31.8841, 5.0356, -22.5]
	[32.0126, 5.0252, -22.5]
	[33.1699, 4.9318, -22.5]
	[33.2989, 4.9318, -22.5]
	[34.4599, 4.9318, -22.5]
	[34.5884, 4.9422, -22.5]
	[35.7457, 5.0356, -22.5]
	[36.8916, 5.2219, -22.5]
	[37.0189, 5.2426, -22.5]
	[37.1442, 5.2734, -22.5]
	[38.2714, 5.5513, -22.5]
	[38.3938, 5.5921, -22.5]
	[39.495, 5.9598, -22.5]
	[39.6137, 6.0103, -22.5]
	[40.6818, 6.4654, -22.5]
	[40.796, 6.5253, -22.5]
	[41.824, 7.0649, -22.5]
	[41.9331, 7.1338, -22.5]
	[42.9143, 7.7543, -22.5]
	[43.0174, 7.8318, -22.5]
	[43.9456, 8.5293, -22.5]
	[44.8146, 9.2992, -22.5]
	[44.9111, 9.3847, -22.5]
	[45.0005, 9.4777, -22.5]
	[45.8048, 10.315, -22.5]
	[45.8863, 10.415, -22.5]
	[46.6206, 11.3143, -22.5]
	[46.6939, 11.4204, -22.5]
	[47.3534, 12.3759, -22.5]
	[47.4179, 12.4876, -22.5]
	[47.9984, 13.4931, -22.5]
	[48.4961, 14.542, -22.5]
	[48.5514, 14.6585, -22.5]
	[48.5971, 14.7791, -22.5]
	[49.0088, 15.8647, -22.5]
	[49.0447, 15.9886, -22.5]
	[49.3677, 17.1037, -22.5]
	[49.3935, 17.2301, -22.5]
	[49.6258, 18.3676, -22.5]
	[49.6413, 18.4957, -22.5]
	[49.7812, 19.6482, -22.5]
	[49.828, 20.8083, -22.5]
	[49.8332, 20.9372, -22.5]
	[49.828, 21.066, -22.5]
	[49.7812, 22.2261, -22.5]
	[49.7657, 22.3542, -22.5]
	[49.6258, 23.5067, -22.5]
p
	[63.1742, -6.5896, -22.5]
	[22.6471, -6.5896, -22.5]
	[9.1381, -6.5896, -22.5]
	[9.1381, -15.1936, -22.5]
	[9.1381, -41.0055, -22.5]
	[49.6652, -41.0055, -22.5]
	[63.1742, -41.0055, -22.5]
	[63.1742, -15.1936, -22.5]
	[63.1742, -6.5896, -22.5]
-18.0
p
	[72.7791, 9.8598, -18.0]
	[72.7791, -50.2641, -18.0]
	[15.4564, -50.2641, -18.0]
	[-48.9775, -50.2641, -18.0]
	[-70.5276, -50.2641, -18.0]
	[-70.5276, 9.8598, -18.0]
	[-70.5276, 49.9424, -18.0]
	[15.4564, 49.9424, -18.0]
	[51.229, 49.9424, -18.0]
	[72.7791, 49.9424, -18.0]
	[72.7791, 9.8598, -18.0]
p
	[-5.9211, -24.5676, -18.0]
	[-5.9211, -7.2077, -18.0]
	[-5.9211, -4.1539, -18.0]
	[-31.4811, -4.1539, -18.0]
	[-53.846, -4.1539, -18.0]
	[-53.846, -22.0159, -18.0]
	[-53.846, -42.4295, -18.0]
	[-41.143, -42.4295, -18.0]
	[-28.2861, -42.4295, -18.0]
	[-5.9211, -42.4295, -18.0]
	[-5.9211, -24.5676, -18.0]
p
	[-23.6374, 7.5627, -18.0]
	[-10.8038, 7.5627, -18.0]
	[-10.8038, 30.0778, -18.0]
	[-10.8038, 39.7271, -18.0]
	[-40.7488, 39.7271, -18.0]
	[-53.5824, 39.7271, -18.0]
	[-53.5824, 30.0778, -18.0]
	[-53.5824, 7.5627, -18.0]
	[-23.6374, 7.5627, -18.0]
p
	[63.1742, -6.5896, -18.0]
	[46.9634, -6.5896, -18.0]
	[9.1381, -6.5896, -18.0]
	[9.1381, -30.6807, -18.0]
	[9.1381, -41.0055, -18.0]
	[25.3489, -41.0055, -18.0]
	[63.1742, -41.0055, -18.0]
	[63.1742, -30.6807, -18.0]
	[63.1742, -6.5896, -18.0]
p
	[49.6258, 23.5067, -18.0]
	[49.5535, 23.8606, -18.0]
	[49.3677, 24.7706, -18.0]
	[49.1093, 25.6627, -18.0]
	[49.0088, 26.0096, -18.0]
	[48.8807, 26.3474, -18.0]
	[48.5514, 27.2158, -18.0]
	[48.3966, 27.5421, -18.0]
	[47.9984, 28.3812, -18.0]
	[47.534, 29.1856, -18.0]
	[47.3534, 29.4984, -18.0]
	[47.1482, 29.7957, -18.0]
	[46.6206, 30.56, -18.0]
	[46.4618, 30.7545, -18.0]
	[46.3922, 30.8398, -18.0]
	[45.8048, 31.5593, -18.0]
	[45.5545, 31.8198, -18.0]
	[44.9111, 32.4896, -18.0]
	[44.6408, 32.7291, -18.0]
	[43.9456, 33.345, -18.0]
	[43.6568, 33.562, -18.0]
	[42.9143, 34.12, -18.0]
	[42.609, 34.313, -18.0]
	[41.824, 34.8094, -18.0]
	[41.5042, 34.9773, -18.0]
	[40.6818, 35.4089, -18.0]
	[39.8273, 35.773, -18.0]
	[39.495, 35.9145, -18.0]
	[39.1524, 36.0289, -18.0]
	[38.2714, 36.323, -18.0]
	[37.7405, 36.4539, -18.0]
	[37.3696, 36.5453, -18.0]
	[37.0189, 36.6318, -18.0]
	[36.6624, 36.6897, -18.0]
	[35.7457, 36.8387, -18.0]
	[34.8199, 36.9134, -18.0]
	[34.4599, 36.9425, -18.0]
	[34.0987, 36.9425, -18.0]
	[33.1699, 36.9425, -18.0]
	[32.2441, 36.8677, -18.0]
	[31.8841, 36.8387, -18.0]
	[31.5276, 36.7807, -18.0]
	[30.6108, 36.6318, -18.0]
	[29.709, 36.4095, -18.0]
	[29.3583, 36.323, -18.0]
	[29.0157, 36.2087, -18.0]
	[28.1347, 35.9145, -18.0]
	[27.2802, 35.5505, -18.0]
	[26.9479, 35.4089, -18.0]
	[26.6281, 35.2411, -18.0]
	[25.8057, 34.8094, -18.0]
	[25.0207, 34.313, -18.0]
	[24.7154, 34.12, -18.0]
	[23.9729, 33.562, -18.0]
	[23.6842, 33.345, -18.0]
	[22.9889, 32.7291, -18.0]
	[22.7186, 32.4896, -18.0]
	[22.4684, 32.2291, -18.0]
	[21.825, 31.5593, -18.0]
	[21.5965, 31.2795, -18.0]
	[21.0091, 30.56, -18.0]
	[20.4815, 29.7957, -18.0]
	[20.2763, 29.4984, -18.0]
	[20.0957, 29.1856, -18.0]
	[19.6313, 28.3812, -18.0]
	[19.4765, 28.0549, -18.0]
	[19.0783, 27.2158, -18.0]
	[18.749, 26.3474, -18.0]
	[18.6209, 26.0096, -18.0]
	[18.5204, 25.6627, -18.0]
	[18.262, 24.7706, -18.0]
	[18.0762, 23.8606, -18.0]
	[18.004, 23.5067, -18.0]
	[17.9604, 23.1481, -18.0]
	[17.8485, 22.2261, -18.0]
	[17.8339, 21.8652, -18.0]
	[17.7965, 20.9372, -18.0]
	[17.8339, 20.0091, -18.0]
	[17.8485, 19.6482, -18.0]
	[17.892, 19.2897, -18.0]
	[18.004, 18.3676, -18.0]
	[18.0762, 18.0137, -18.0]
	[18.262, 17.1037, -18.0]
	[18.2908, 17.0042, -18.0]
	[18.5204, 16.2116, -18.0]
	[18.6209, 15.8647, -18.0]
	[18.749, 15.5269, -18.0]
	[19.0783, 14.6585, -18.0]
	[19.2332, 14.3322, -18.0]
	[19.6313, 13.4931, -18.0]
	[20.0957, 12.6887, -18.0]
	[20.178, 12.5463, -18.0]
	[20.2763, 12.3759, -18.0]
	[20.4815, 12.0786, -18.0]
	[21.0091, 11.3143, -18.0]
	[21.5965, 10.5948, -18.0]
	[21.825, 10.315, -18.0]
	[22.0752, 10.0545, -18.0]
	[22.7186, 9.3847, -18.0]
	[22.9889, 9.1452, -18.0]
	[23.6842, 8.5293, -18.0]
	[23.9729, 8.3123, -18.0]
	[24.7154, 7.7543, -18.0]
	[25.5004, 7.2579, -18.0]
	[25.8057, 7.0649, -18.0]
	[26.6281, 6.6332, -18.0]
	[26.9479, 6.4654, -18.0]
	[27.2802, 6.3238, -18.0]
	[28.1347, 5.9598, -18.0]
	[28.4773, 5.8454, -18.0]
	[29.3583, 5.5513, -18.0]
	[29.709, 5.4648, -18.0]
	[30.6108, 5.2426, -18.0]
	[31.5276, 5.0936, -18.0]
	[31.8841, 5.0356, -18.0]
	[32.2441, 5.0066, -18.0]
	[33.1699, 4.9318, -18.0]
	[33.5311, 4.9318, -18.0]
	[34.4599, 4.9318, -18.0]
	[34.8199, 4.9609, -18.0]
	[35.7457, 5.0356, -18.0]
	[36.6624, 5.1846, -18.0]
	[37.0189, 5.2426, -18.0]
	[37.3696, 5.329, -18.0]
	[38.2714, 5.5513, -18.0]
	[38.614, 5.6656, -18.0]
	[39.495, 5.9598, -18.0]
	[39.8273, 6.1013, -18.0]
	[40.6818, 6.4654, -18.0]
	[41.0016, 6.6332, -18.0]
	[41.824, 7.0649, -18.0]
	[42.1293, 7.2579, -18.0]
	[42.9143, 7.7543, -18.0]
	[43.2031, 7.9713, -18.0]
	[43.9456, 8.5293, -18.0]
	[44.6408, 9.1452, -18.0]
	[44.9111, 9.3847, -18.0]
	[45.1614, 9.6452, -18.0]
	[45.8048, 10.315, -18.0]
	[46.0332, 10.5948, -18.0]
	[46.6206, 11.3143, -18.0]
	[46.8258, 11.6115, -18.0]
	[47.3534, 12.3759, -18.0]
	[47.534, 12.6887, -18.0]
	[47.9984, 13.4931, -18.0]
	[48.3966, 14.3322, -18.0]
	[48.5514, 14.6585, -18.0]
	[48.6795, 14.9962, -18.0]
	[49.0088, 15.8647, -18.0]
	[49.1093, 16.2116, -18.0]
	[49.3677, 17.1037, -18.0]
	[49.44, 17.4576, -18.0]
	[49.6258, 18.3676, -18.0]
	[49.6693, 18.7262, -18.0]
	[49.7812, 19.6482, -18.0]
	[49.8186, 20.5763, -18.0]
	[49.8332, 20.9372, -18.0]
	[49.8186, 21.2981, -18.0]
	[49.7812, 22.2261, -18.0]
	[49.7377, 22.5847, -18.0]
	[49.6258, 23.5067, -18.0]
-13.5
p
	[72.7791, -50.2641, -13.5]
	[29.7871, -50.2641, -13.5]
	[-48.9775, -50.2641, -13.5]
	[-70.5276, -50.2641, -13.5]
	[-70.5276, 19.8805, -13.5]
	[-70.5276, 49.9424, -13.5]
	[29.7871, 49.9424, -13.5]
	[51.229, 49.9424, -13.5]
	[72.7791, 49.9424, -13.5]
	[72.7791, 19.8805, -13.5]
	[72.7791, -50.2641, -13.5]
p
	[-5.9211, -13.0849, -13.5]
	[-5.9211, -7.2077, -13.5]
	[-5.9211, -4.1539, -13.5]
	[-17.1036, -4.1539, -13.5]
	[-53.846, -4.1539, -13.5]
	[-53.846, -33.4986, -13.5]
	[-53.846, -42.4295, -13.5]
	[-42.6636, -42.4295, -13.5]
	[-41.143, -42.4295, -13.5]
	[-5.9211, -42.4295, -13.5]
	[-5.9211, -13.0849, -13.5]
p
	[48.5514, 14.6585, -13.5]
	[48.7618, 15.2133, -13.5]
	[49.0088, 15.8647, -13.5]
	[49.1739, 16.4346, -13.5]
	[49.3677, 17.1037, -13.5]
	[49.4864, 17.6851, -13.5]
	[49.6258, 18.3676, -13.5]
	[49.6973, 18.9567, -13.5]
	[49.7812, 19.6482, -13.5]
	[49.8093, 20.3442, -13.5]
	[49.8332, 20.9372, -13.5]
	[49.8093, 21.5301, -13.5]
	[49.7812, 22.2261, -13.5]
	[49.7097, 22.8152, -13.5]
	[49.6258, 23.5067, -13.5]
	[49.5071, 24.0881, -13.5]
	[49.3677, 24.7706, -13.5]
	[49.1739, 25.4397, -13.5]
	[49.0088, 26.0096, -13.5]
	[48.7984, 26.5645, -13.5]
	[48.5514, 27.2158, -13.5]
	[48.297, 27.7519, -13.5]
	[47.9984, 28.3812, -13.5]
	[47.6501, 28.9845, -13.5]
	[47.3534, 29.4984, -13.5]
	[47.0163, 29.9868, -13.5]
	[46.6206, 30.56, -13.5]
	[46.3597, 30.8796, -13.5]
	[46.2453, 31.0197, -13.5]
	[45.8048, 31.5593, -13.5]
	[45.3937, 31.9872, -13.5]
	[44.9111, 32.4896, -13.5]
	[44.467, 32.8831, -13.5]
	[43.9456, 33.345, -13.5]
	[43.4712, 33.7015, -13.5]
	[42.9143, 34.12, -13.5]
	[42.4128, 34.4371, -13.5]
	[41.824, 34.8094, -13.5]
	[41.2986, 35.0852, -13.5]
	[40.6818, 35.4089, -13.5]
	[40.041, 35.682, -13.5]
	[39.495, 35.9145, -13.5]
	[38.9322, 36.1025, -13.5]
	[38.2714, 36.323, -13.5]
	[37.7405, 36.4539, -13.5]
	[37.5951, 36.4897, -13.5]
	[37.0189, 36.6318, -13.5]
	[36.4332, 36.7269, -13.5]
	[35.7457, 36.8387, -13.5]
	[35.0513, 36.8947, -13.5]
	[34.4599, 36.9425, -13.5]
	[33.8665, 36.9425, -13.5]
	[33.1699, 36.9425, -13.5]
	[32.4755, 36.8864, -13.5]
	[31.8841, 36.8387, -13.5]
	[31.2984, 36.7435, -13.5]
	[30.6108, 36.6318, -13.5]
	[29.9344, 36.465, -13.5]
	[29.3583, 36.323, -13.5]
	[28.7954, 36.1351, -13.5]
	[28.1347, 35.9145, -13.5]
	[27.4938, 35.6415, -13.5]
	[26.9479, 35.4089, -13.5]
	[26.4225, 35.1331, -13.5]
	[25.8057, 34.8094, -13.5]
	[25.217, 34.4371, -13.5]
	[24.7154, 34.12, -13.5]
	[24.1585, 33.7015, -13.5]
	[23.6842, 33.345, -13.5]
	[23.1627, 32.8831, -13.5]
	[22.7186, 32.4896, -13.5]
	[22.3075, 32.0616, -13.5]
	[21.825, 31.5593, -13.5]
	[21.4497, 31.0996, -13.5]
	[21.0091, 30.56, -13.5]
	[20.6134, 29.9868, -13.5]
	[20.2763, 29.4984, -13.5]
	[19.9796, 28.9845, -13.5]
	[19.6313, 28.3812, -13.5]
	[19.377, 27.8451, -13.5]
	[19.0783, 27.2158, -13.5]
	[18.8313, 26.5645, -13.5]
	[18.6209, 26.0096, -13.5]
	[18.4558, 25.4397, -13.5]
	[18.262, 24.7706, -13.5]
	[18.1227, 24.0881, -13.5]
	[18.004, 23.5067, -13.5]
	[17.9325, 22.9176, -13.5]
	[17.8485, 22.2261, -13.5]
	[17.8246, 21.6332, -13.5]
	[17.7965, 20.9372, -13.5]
	[17.8246, 20.2411, -13.5]
	[17.8485, 19.6482, -13.5]
	[17.92, 19.0591, -13.5]
	[18.004, 18.3676, -13.5]
	[18.1227, 17.7862, -13.5]
	[18.262, 17.1037, -13.5]
	[18.2908, 17.0042, -13.5]
	[18.4558, 16.4346, -13.5]
	[18.6209, 15.8647, -13.5]
	[18.8313, 15.3098, -13.5]
	[19.0783, 14.6585, -13.5]
	[19.3327, 14.1224, -13.5]
	[19.6313, 13.4931, -13.5]
	[19.9796, 12.8898, -13.5]
	[20.1147, 12.6558, -13.5]
	[20.2763, 12.3759, -13.5]
	[20.6134, 11.8876, -13.5]
	[21.0091, 11.3143, -13.5]
	[21.4497, 10.7747, -13.5]
	[21.825, 10.315, -13.5]
	[22.236, 9.8871, -13.5]
	[22.7186, 9.3847, -13.5]
	[23.1627, 8.9912, -13.5]
	[23.6842, 8.5293, -13.5]
	[24.1585, 8.1728, -13.5]
	[24.7154, 7.7543, -13.5]
	[25.3042, 7.382, -13.5]
	[25.8057, 7.0649, -13.5]
	[26.4225, 6.7412, -13.5]
	[26.9479, 6.4654, -13.5]
	[27.4938, 6.2328, -13.5]
	[28.1347, 5.9598, -13.5]
	[28.6975, 5.7719, -13.5]
	[29.3583, 5.5513, -13.5]
	[29.9344, 5.4093, -13.5]
	[30.6108, 5.2426, -13.5]
	[31.2984, 5.1308, -13.5]
	[31.8841, 5.0356, -13.5]
	[32.4755, 4.9879, -13.5]
	[33.1699, 4.9318, -13.5]
	[33.7633, 4.9318, -13.5]
	[34.4599, 4.9318, -13.5]
	[35.0513, 4.9796, -13.5]
	[35.7457, 5.0356, -13.5]
	[36.4332, 5.1474, -13.5]
	[37.0189, 5.2426, -13.5]
	[37.5951, 5.3846, -13.5]
	[38.2714, 5.5513, -13.5]
	[38.8343, 5.7392, -13.5]
	[39.495, 5.9598, -13.5]
	[40.041, 6.1924, -13.5]
	[40.6818, 6.4654, -13.5]
	[41.2072, 6.7412, -13.5]
	[41.824, 7.0649, -13.5]
	[42.3256, 7.382, -13.5]
	[42.9143, 7.7543, -13.5]
	[43.3887, 8.1108, -13.5]
	[43.9456, 8.5293, -13.5]
	[44.467, 8.9912, -13.5]
	[44.9111, 9.3847, -13.5]
	[45.3222, 9.8127, -13.5]
	[45.8048, 10.315, -13.5]
	[46.18, 10.7747, -13.5]
	[46.6206, 11.3143, -13.5]
	[46.9577, 11.8026, -13.5]
	[47.3534, 12.3759, -13.5]
	[47.6501, 12.8898, -13.5]
	[47.9984, 13.4931, -13.5]
	[48.297, 14.1224, -13.5]
	[48.5514, 14.6585, -13.5]
-9.0
p
	[72.7791, 49.9424, -9.0]
	[72.7791, 29.9011, -9.0]
	[72.7791, -50.2641, -9.0]
	[44.1178, -50.2641, -9.0]
	[-48.9775, -50.2641, -9.0]
	[-70.5276, -50.2641, -9.0]
	[-70.5276, 29.9011, -9.0]
	[-70.5276, 49.9424, -9.0]
	[44.1178, 49.9424, -9.0]
	[51.229, 49.9424, -9.0]
	[72.7791, 49.9424, -9.0]
p
	[49.5329, 17.9126, -9.0]
	[49.6258, 18.3676, -9.0]
	[49.7253, 19.1872, -9.0]
	[49.7812, 19.6482, -9.0]
	[49.7999, 20.1122, -9.0]
	[49.8332, 20.9372, -9.0]
	[49.7999, 21.7621, -9.0]
	[49.7812, 22.2261, -9.0]
	[49.6817, 23.0457, -9.0]
	[49.6258, 23.5067, -9.0]
	[49.4606, 24.3156, -9.0]
	[49.3677, 24.7706, -9.0]
	[49.2385, 25.2166, -9.0]
	[49.0088, 26.0096, -9.0]
	[48.7161, 26.7816, -9.0]
	[48.5514, 27.2158, -9.0]
	[48.1975, 27.9617, -9.0]
	[47.9984, 28.3812, -9.0]
	[47.7662, 28.7834, -9.0]
	[47.3534, 29.4984, -9.0]
	[46.8844, 30.1778, -9.0]
	[46.6206, 30.56, -9.0]
	[46.2576, 31.0046, -9.0]
	[46.0985, 31.1995, -9.0]
	[45.8048, 31.5593, -9.0]
	[45.2328, 32.1547, -9.0]
	[44.9111, 32.4896, -9.0]
	[44.2932, 33.0371, -9.0]
	[43.9456, 33.345, -9.0]
	[43.2856, 33.841, -9.0]
	[42.9143, 34.12, -9.0]
	[42.2165, 34.5612, -9.0]
	[41.824, 34.8094, -9.0]
	[41.093, 35.1931, -9.0]
	[40.6818, 35.4089, -9.0]
	[40.2546, 35.5909, -9.0]
	[39.495, 35.9145, -9.0]
	[38.7119, 36.176, -9.0]
	[38.2714, 36.323, -9.0]
	[37.8205, 36.4342, -9.0]
	[37.7405, 36.4539, -9.0]
	[37.0189, 36.6318, -9.0]
	[36.204, 36.7642, -9.0]
	[35.7457, 36.8387, -9.0]
	[35.2828, 36.8761, -9.0]
	[34.4599, 36.9425, -9.0]
	[33.6343, 36.9425, -9.0]
	[33.1699, 36.9425, -9.0]
	[32.707, 36.9051, -9.0]
	[31.8841, 36.8387, -9.0]
	[31.0692, 36.7062, -9.0]
	[30.6108, 36.6318, -9.0]
	[30.1599, 36.5206, -9.0]
	[29.3583, 36.323, -9.0]
	[28.5752, 36.0616, -9.0]
	[28.1347, 35.9145, -9.0]
	[27.7075, 35.7325, -9.0]
	[26.9479, 35.4089, -9.0]
	[26.2169, 35.0252, -9.0]
	[25.8057, 34.8094, -9.0]
	[25.4132, 34.5612, -9.0]
	[24.7154, 34.12, -9.0]
	[24.3442, 33.841, -9.0]
	[23.6842, 33.345, -9.0]
	[23.3365, 33.0371, -9.0]
	[22.7186, 32.4896, -9.0]
	[22.1467, 31.8942, -9.0]
	[21.825, 31.5593, -9.0]
	[21.3028, 30.9198, -9.0]
	[21.0091, 30.56, -9.0]
	[20.7453, 30.1778, -9.0]
	[20.2763, 29.4984, -9.0]
	[19.8635, 28.7834, -9.0]
	[19.6313, 28.3812, -9.0]
	[19.2774, 27.6354, -9.0]
	[19.0783, 27.2158, -9.0]
	[18.9137, 26.7816, -9.0]
	[18.6209, 26.0096, -9.0]
	[18.3912, 25.2166, -9.0]
	[18.262, 24.7706, -9.0]
	[18.1691, 24.3156, -9.0]
	[18.004, 23.5067, -9.0]
	[17.9045, 22.6871, -9.0]
	[17.8485, 22.2261, -9.0]
	[17.8152, 21.4012, -9.0]
	[17.7965, 20.9372, -9.0]
	[17.8152, 20.4731, -9.0]
	[17.8485, 19.6482, -9.0]
	[17.948, 18.8286, -9.0]
	[18.004, 18.3676, -9.0]
	[18.1691, 17.5587, -9.0]
	[18.262, 17.1037, -9.0]
	[18.2908, 17.0042, -9.0]
	[18.3912, 16.6577, -9.0]
	[18.6209, 15.8647, -9.0]
	[18.9137, 15.0927, -9.0]
	[19.0783, 14.6585, -9.0]
	[19.4323, 13.9126, -9.0]
	[19.6313, 13.4931, -9.0]
	[19.8635, 13.0909, -9.0]
	[20.0515, 12.7654, -9.0]
	[20.2763, 12.3759, -9.0]
	[20.7453, 11.6965, -9.0]
	[21.0091, 11.3143, -9.0]
	[21.3028, 10.9545, -9.0]
	[21.825, 10.315, -9.0]
	[22.3969, 9.7196, -9.0]
	[22.7186, 9.3847, -9.0]
	[23.3365, 8.8372, -9.0]
	[23.6842, 8.5293, -9.0]
	[24.3442, 8.0333, -9.0]
	[24.7154, 7.7543, -9.0]
	[25.1079, 7.5061, -9.0]
	[25.8057, 7.0649, -9.0]
	[26.2169, 6.8491, -9.0]
	[26.9479, 6.4654, -9.0]
	[27.7075, 6.1418, -9.0]
	[28.1347, 5.9598, -9.0]
	[28.9178, 5.6983, -9.0]
	[29.3583, 5.5513, -9.0]
	[30.1599, 5.3537, -9.0]
	[30.6108, 5.2426, -9.0]
	[31.0692, 5.1681, -9.0]
	[31.8841, 5.0356, -9.0]
	[32.707, 4.9692, -9.0]
	[33.1699, 4.9318, -9.0]
	[33.9955, 4.9318, -9.0]
	[34.4599, 4.9318, -9.0]
	[35.2828, 4.9983, -9.0]
	[35.7457, 5.0356, -9.0]
	[36.204, 5.1101, -9.0]
	[37.0189, 5.2426, -9.0]
	[37.8205, 5.4401, -9.0]
	[38.2714, 5.5513, -9.0]
	[39.0545, 5.8127, -9.0]
	[39.495, 5.9598, -9.0]
	[40.2546, 6.2834, -9.0]
	[40.6818, 6.4654, -9.0]
	[41.4128, 6.8491, -9.0]
	[41.824, 7.0649, -9.0]
	[42.5218, 7.5061, -9.0]
	[42.9143, 7.7543, -9.0]
	[43.5743, 8.2503, -9.0]
	[43.9456, 8.5293, -9.0]
	[44.2932, 8.8372, -9.0]
	[44.9111, 9.3847, -9.0]
	[45.4831, 9.9801, -9.0]
	[45.8048, 10.315, -9.0]
	[46.3269, 10.9545, -9.0]
	[46.6206, 11.3143, -9.0]
	[47.0896, 11.9937, -9.0]
	[47.3534, 12.3759, -9.0]
	[47.7662, 13.0909, -9.0]
	[47.9984, 13.4931, -9.0]
	[48.1975, 13.9126, -9.0]
	[48.5514, 14.6585, -9.0]
	[48.8442, 15.4304, -9.0]
	[49.0088, 15.8647, -9.0]
	[49.2385, 16.6577, -9.0]
	[49.3677, 17.1037, -9.0]
	[49.5329, 17.9126, -9.0]
-4.5
p
	[72.7791, 49.9424, -4.5]
	[72.7791, 39.9218, -4.5]
	[72.7791, -50.2641, -4.5]
	[58.4485, -50.2641, -4.5]
	[-48.9775, -50.2641, -4.5]
	[-70.5276, -50.2641, -4.5]
	[-70.5276, 39.9218, -4.5]
	[-70.5276, 49.9424, -4.5]
	[51.229, 49.9424, -4.5]
	[58.4485, 49.9424, -4.5]
	[72.7791, 49.9424, -4.5]
p
	[49.5793, 18.1401, -4.5]
	[49.6258, 18.3676, -4.5]
	[49.7533, 19.4177, -4.5]
	[49.7812, 19.6482, -4.5]
	[49.7906, 19.8802, -4.5]
	[49.8332, 20.9372, -4.5]
	[49.7906, 21.9941, -4.5]
	[49.7812, 22.2261, -4.5]
	[49.6537, 23.2762, -4.5]
	[49.6258, 23.5067, -4.5]
	[49.4142, 24.5431, -4.5]
	[49.3677, 24.7706, -4.5]
	[49.3031, 24.9936, -4.5]
	[49.0088, 26.0096, -4.5]
	[48.6337, 26.9987, -4.5]
	[48.5514, 27.2158, -4.5]
	[48.0979, 28.1715, -4.5]
	[47.9984, 28.3812, -4.5]
	[47.8823, 28.5823, -4.5]
	[47.3534, 29.4984, -4.5]
	[46.7525, 30.3689, -4.5]
	[46.6206, 30.56, -4.5]
	[46.1555, 31.1296, -4.5]
	[45.9516, 31.3794, -4.5]
	[45.8048, 31.5593, -4.5]
	[45.072, 32.3221, -4.5]
	[44.9111, 32.4896, -4.5]
	[44.1194, 33.191, -4.5]
	[43.9456, 33.345, -4.5]
	[43.0999, 33.9805, -4.5]
	[42.9143, 34.12, -4.5]
	[42.0203, 34.6853, -4.5]
	[41.824, 34.8094, -4.5]
	[40.8874, 35.301, -4.5]
	[40.6818, 35.4089, -4.5]
	[40.4682, 35.4999, -4.5]
	[39.495, 35.9145, -4.5]
	[38.4917, 36.2495, -4.5]
	[38.2714, 36.323, -4.5]
	[38.046, 36.3786, -4.5]
	[37.7405, 36.4539, -4.5]
	[37.0189, 36.6318, -4.5]
	[35.9748, 36.8014, -4.5]
	[35.7457, 36.8387, -4.5]
	[35.5142, 36.8574, -4.5]
	[34.4599, 36.9425, -4.5]
	[33.4021, 36.9425, -4.5]
	[33.1699, 36.9425, -4.5]
	[32.9384, 36.9238, -4.5]
	[31.8841, 36.8387, -4.5]
	[30.84, 36.669, -4.5]
	[30.6108, 36.6318, -4.5]
	[30.3853, 36.5762, -4.5]
	[29.3583, 36.323, -4.5]
	[28.3549, 35.9881, -4.5]
	[28.1347, 35.9145, -4.5]
	[27.9211, 35.8235, -4.5]
	[26.9479, 35.4089, -4.5]
	[26.0113, 34.9173, -4.5]
	[25.8057, 34.8094, -4.5]
	[25.6095, 34.6853, -4.5]
	[24.7154, 34.12, -4.5]
	[24.5298, 33.9805, -4.5]
	[23.6842, 33.345, -4.5]
	[23.5103, 33.191, -4.5]
	[22.7186, 32.4896, -4.5]
	[21.9858, 31.7267, -4.5]
	[21.825, 31.5593, -4.5]
	[21.156, 30.7399, -4.5]
	[21.0091, 30.56, -4.5]
	[20.8772, 30.3689, -4.5]
	[20.2763, 29.4984, -4.5]
	[19.7474, 28.5823, -4.5]
	[19.6313, 28.3812, -4.5]
	[19.1779, 27.4256, -4.5]
	[19.0783, 27.2158, -4.5]
	[18.996, 26.9987, -4.5]
	[18.6209, 26.0096, -4.5]
	[18.3266, 24.9936, -4.5]
	[18.262, 24.7706, -4.5]
	[18.2156, 24.5431, -4.5]
	[18.004, 23.5067, -4.5]
	[17.8765, 22.4566, -4.5]
	[17.8485, 22.2261, -4.5]
	[17.8059, 21.1692, -4.5]
	[17.7965, 20.9372, -4.5]
	[17.8059, 20.7051, -4.5]
	[17.8485, 19.6482, -4.5]
	[17.976, 18.5981, -4.5]
	[18.004, 18.3676, -4.5]
	[18.2156, 17.3312, -4.5]
	[18.262, 17.1037, -4.5]
	[18.2908, 17.0042, -4.5]
	[18.3266, 16.8807, -4.5]
	[18.6209, 15.8647, -4.5]
	[18.996, 14.8756, -4.5]
	[19.0783, 14.6585, -4.5]
	[19.5318, 13.7028, -4.5]
	[19.6313, 13.4931, -4.5]
	[19.7474, 13.292, -4.5]
	[19.9882, 12.8749, -4.5]
	[20.2763, 12.3759, -4.5]
	[20.8772, 11.5054, -4.5]
	[21.0091, 11.3143, -4.5]
	[21.156, 11.1344, -4.5]
	[21.825, 10.315, -4.5]
	[22.5577, 9.5522, -4.5]
	[22.7186, 9.3847, -4.5]
	[23.5103, 8.6833, -4.5]
	[23.6842, 8.5293, -4.5]
	[24.5298, 7.8938, -4.5]
	[24.7154, 7.7543, -4.5]
	[24.9117, 7.6302, -4.5]
	[25.8057, 7.0649, -4.5]
	[26.0113, 6.957, -4.5]
	[26.9479, 6.4654, -4.5]
	[27.9211, 6.0508, -4.5]
	[28.1347, 5.9598, -4.5]
	[29.138, 5.6248, -4.5]
	[29.3583, 5.5513, -4.5]
	[30.3853, 5.2981, -4.5]
	[30.6108, 5.2426, -4.5]
	[30.84, 5.2053, -4.5]
	[31.8841, 5.0356, -4.5]
	[32.9384, 4.9505, -4.5]
	[33.1699, 4.9318, -4.5]
	[34.2277, 4.9318, -4.5]
	[34.4599, 4.9318, -4.5]
	[35.5142, 5.0169, -4.5]
	[35.7457, 5.0356, -4.5]
	[35.9748, 5.0729, -4.5]
	[37.0189, 5.2426, -4.5]
	[38.046, 5.4957, -4.5]
	[38.2714, 5.5513, -4.5]
	[39.2748, 5.8862, -4.5]
	[39.495, 5.9598, -4.5]
	[40.4682, 6.3744, -4.5]
	[40.6818, 6.4654, -4.5]
	[41.6184, 6.957, -4.5]
	[41.824, 7.0649, -4.5]
	[42.7181, 7.6302, -4.5]
	[42.9143, 7.7543, -4.5]
	[43.76, 8.3898, -4.5]
	[43.9456, 8.5293, -4.5]
	[44.1194, 8.6833, -4.5]
	[44.9111, 9.3847, -4.5]
	[45.6439, 10.1476, -4.5]
	[45.8048, 10.315, -4.5]
	[46.4737, 11.1344, -4.5]
	[46.6206, 11.3143, -4.5]
	[47.2215, 12.1848, -4.5]
	[47.3534, 12.3759, -4.5]
	[47.8823, 13.292, -4.5]
	[47.9984, 13.4931, -4.5]
	[48.0979, 13.7028, -4.5]
	[48.5514, 14.6585, -4.5]
	[48.9265, 15.6476, -4.5]
	[49.0088, 15.8647, -4.5]
	[49.3031, 16.8807, -4.5]
	[49.3677, 17.1037, -4.5]
	[49.5793, 18.1401, -4.5]
p