[3, 1, 0]
[2, 3, 0]
[2, 5, 3]
[4, 5, 2]
[4, 7, 5]
[6, 7, 4]
[8, 7, 6]
[8, 10, 7]
[9, 31, 8]
[8, 12, 10]
[8, 14, 12]
[8, 16, 14]
[8, 18, 16]
[8, 20, 18]
[8, 22, 20]
[24, 22, 8]
[26, 24, 8]
[28, 26, 8]
[8, 30, 28]
[8, 31, 30]
[11, 31, 9]
[13, 31, 11]
[15, 31, 13]
[15, 17, 31]
[17, 19, 31]
[19, 21, 31]
[21, 23, 31]
[23, 25, 31]
[25, 27, 31]
[27, 29, 31]
[29, 32, 31]
[32, 33, 31]
[35, 33, 32]
[35, 32, 34]
[37, 35, 34]
[36, 37, 34]
[36, 39, 37]
[36, 38, 39]
[3, 1, 0, 2]		[2, 3, 0]
[3, 1, 0, 2, 5]		[2, 5, 3]
[3, 1, 0, 2, 4, 5]		[4, 5, 2]
[3, 1, 0, 2, 4, 7, 5]		[4, 7, 5]
[3, 1, 0, 2, 4, 6, 7, 5]		[6, 7, 4]
[3, 1, 0, 2, 4, 6, 8, 7, 5]		[8, 7, 6]
[3, 1, 0, 2, 4, 6, 8, 10, 7, 5]		[8, 10, 7]
[3, 1, 0, 2, 4, 6, 8, 12, 10, 7, 5]		[8, 12, 10]
[3, 1, 0, 2, 4, 6, 8, 14, 12, 10, 7, 5]		[8, 14, 12]
[3, 1, 0, 2, 4, 6, 8, 16, 14, 12, 10, 7, 5]		[8, 16, 14]
[3, 1, 0, 2, 4, 6, 8, 18, 16, 14, 12, 10, 7, 5]		[8, 18, 16]
[3, 1, 0, 2, 4, 6, 8, 20, 18, 16, 14, 12, 10, 7, 5]		[8, 20, 18]
[3, 1, 0, 2, 4, 6, 8, 22, 20, 18, 16, 14, 12, 10, 7, 5]		[8, 22, 20]
[3, 1, 0, 2, 4, 6, 8, 24, 22, 20, 18, 16, 14, 12, 10, 7, 5]		[24, 22, 8]
[3, 1, 0, 2, 4, 6, 8, 26, 24, 22, 20, 18, 16, 14, 12, 10, 7, 5]		[26, 24, 8]
[3, 1, 0, 2, 4, 6, 8, 28, 26, 24, 22, 20, 18, 16, 14, 12, 10, 7, 5]		[28, 26, 8]
[3, 1, 0, 2, 4, 6, 8, 30, 28, 26, 24, 22, 20, 18, 16, 14, 12, 10, 7, 5]		[8, 30, 28]
[3, 1, 0, 2, 4, 6, 8, 31, 30, 28, 26, 24, 22, 20, 18, 16, 14, 12, 10, 7, 5]		[8, 31, 30]
