-2.869 -19.641
-2.869 -16.498
-2.869 -13.356
-2.869 -10.213
-2.869 -7.071
-2.869 -3.928
-2.869 -0.786
-2.869 2.357
-2.869 5.499
-2.869 8.642
-2.869 11.785
-2.869 14.927
-2.869 21.212
-2.869 20.125
-3.927 20.125
-7.069 20.125
-10.212 20.125
-11.768 20.125
-11.768 18.568
-11.768 15.426
-11.768 12.283
-11.768 9.141
-11.768 5.998
-11.768 2.856
-11.768 -0.287
-11.768 -3.429
-11.768 -6.572
-11.768 -9.714
-11.768 -12.857
-11.768 -15.999
-11.768 -19.142
-11.768 -22.284
-11.768 -22.768
-9.14 -22.768
-5.997 -22.768
-2.869 -22.768
