-8.20193 -4.70083
-7.75874 -4.78701
-7.31182 -4.81494
-6.86608 -4.78697
-6.7016 -4.75499
-6.42307 -4.70083
-5.99775 -4.55906
-5.59384 -4.36497
-5.2169 -4.11952
-4.87442 -3.82797
-4.57398 -3.49609
-4.31658 -3.12838
-4.10957 -2.73014
-3.95439 -2.30995
-3.85442 -1.87323
-3.81043 -1.42275
-3.82614 -0.975995
-3.89598 -0.534249
-3.96807 -0.292288
-4.0247 -0.10222
-4.20657 0.308727
-4.44019 0.693408
-4.71907 1.04201
17.1575 -20.2401
-5.04029 1.3545
-5.40132 1.62395
-5.79308 1.84432
-6.20832 2.01252
-6.64206 2.1262
-7.08697 2.184
-7.53666 2.184
-7.98258 2.12629
-8.41668 2.01252
-8.83325 1.84378
-9.22231 1.62395
-9.58345 1.35572
-9.90593 1.04201
-10.1848 0.693409
-10.4198 0.306432
-10.6001 -0.104793
-10.7272 -0.531466
-10.7992 -0.975996
-10.8132 -1.42276
-10.7712 -1.87039
-10.6706 -2.30995
-10.5154 -2.73014
-10.3084 -3.12837
-10.051 -3.49609
-9.75058 -3.82797
-9.4081 -4.11952
-9.03116 -4.36497
-8.62725 -4.55906
